0.2660094936688741
0.27167683045069374
0.3132107098897298
0.31331729888916016
0.3168621301651001
0.3365976850191752
0.34633142153422036
0.35120224157969154
0.36476813554763793
0.3855049649874369
0.39383326371510824
0.3966075579325358
0.4123289903004964
0.413002880414327
0.4266485333442688
0.427170463403066
0.43138761520385743
0.45464788675308226
0.46073763370513915
0.4793213407198588
0.4798325498898824
0.48089832862218224
0.49431158701578776
0.4962070862452189
0.502877147992452
0.5047999898592631
0.5056466778119405
0.5069147785504658
0.5194511930147807
0.5208969990412394
0.524241816997528
0.5294129014015198
0.52943408091863
0.5408514221509297
0.5440652410189311
0.5453987280527751
0.5468769788742065
0.5503858725229899
0.5544834097226461
0.5551561156908671
0.5578547120094299
0.5597171783447266
0.5608751098314921
0.5633928497632344
0.5660835107167562
0.5693868160247803
0.5705390969912211
0.5731503764788309
0.5769921978314717
0.579566224416097
0.5802774628003439
0.5841733853022257
0.5864264726638794
0.5949456572532654
0.6007357398668925
0.6009961485862731
0.6018990874290466
0.6019122044245402
0.6082603096961975
0.6113283157348632
0.6119669318199158
0.6137844483057658
0.6206413149833679
0.621786375840505
0.6278530955314636
0.6287910262743632
0.6319417119026184
0.6326075077056885
0.6352596918741862
0.6364869038263957
0.63657652537028
0.6398776014645894
0.6419830600420634
0.6426605621973673
0.6460822621981303
0.6507832527160644
0.654220457871755
0.6583678523699442
0.658919362227122
0.6592636386553447
0.6598202586174011
0.6614247481028239
0.6654023885726928
0.6663195570309957
0.6674869338671366
0.6678139686584472
0.6703060030937195
0.671017074584961
0.6736150463422139
0.6748258233070373
0.6758519172668457
0.6770867665608724
0.6786172191301981
0.6834357142448425
0.6852956334749858
0.6860004901885987
0.6877473831176758
0.6887417872746785
0.6891328612963359
0.6911789178848267
0.6912065148353577
0.6931493838628133
0.6946165005366007
0.6988349715868633
0.6991468230883281
0.7002976218859355
0.7004011591275533
0.7009949803352356
0.7043647726376852
0.7053385297457377
0.7068939487139384
0.7084922591845194
0.7104945580164591
0.7127244790395101
0.7152083873748779
0.7173208395640055
0.7173548062642415
0.722751530011495
0.7237656990687052
0.7244488636652628
0.7247568448384603
0.726702880859375
0.7273744742075602
0.728725810845693
0.7288187424341838
0.7331530849138895
0.7332162777582805
0.7341822266578675
0.7361937125523885
0.7367441932360331
0.7403531630833944
0.742063331604004
0.7442599852879842
0.7448292295138041
0.7464648524920146
0.7465785066286723
0.7467179814974467
0.7491925835609436
0.749229105313619
0.7501082460085551
0.7525549332300822
0.7562008102734884
0.7588876485824585
0.7600192944208781
0.7608808199564616
0.7639623562494914
0.7646292487780253
0.765046230951945
0.765640664100647
0.7705814838409424
0.7723699450492859
0.7746066292126973
0.775105341275533
0.7760254820187886
0.7791623155275981
0.7833237608273824
0.784211790561676
0.7883767088254293
0.7902006189028422
0.7914457519849142
0.7923255920410156
0.7967516263326009
0.8003334442774455
0.80361328125
0.8045990626017253
0.8050065795580547
0.8054195483525594
0.8063420375188192
0.8099176088968912
0.8100800673166911
0.815042241414388
0.8178849498430888
0.8201156695683797
0.82046004931132
0.8205310662587484
0.8207859516143798
0.8214049418767293
0.8249985853830973
0.825524111588796
0.8257871309916178
0.825846815109253
0.8285006086031595
0.831854248046875
0.8333741505940755
0.8358054955800375
0.8369333267211914
0.8377028703689575
0.8385720014572143
0.8426109075546264
0.8432435949643453
0.846923021475474
0.8495988527933757
0.8509639541308085
0.852829098701477
0.8538796305656433
0.8550587654113769
0.8580981651941936
0.859323525428772
0.861122989654541
0.8620408376057943
0.8668341795603435
0.8676794052124024
0.8706995884577433
0.8722087383270264
0.8756314396858216
0.8775549968083699
0.8790675242741902
0.8806008100509644
0.8828591704368591
0.883957040309906
0.8841142932573954
0.8843793034553528
0.8866463740666707
0.8903540333112081
0.8904438296953837
0.8915363430976868
0.893478806813558
0.8969816923141479
0.8978506644566854
0.901427972316742
0.9018281102180481
0.9019448796908061
0.9040140271186828
0.9071176966031392
0.9075798193613688
0.9095081289609274
0.9127179582913717
0.9137721618016561
0.9154579679171244
0.9164223432540893
0.9166497230529785
0.917802615960439
0.9216484586397807
0.9226980686187745
0.9231460014979045
0.9261797746022542
0.9279733657836914
0.928524915377299
0.9285548647244771
0.929899521668752
0.9319537361462911
0.9336341023445129
0.9345834374427795
0.9380040884017944
0.9392502506573995
0.9469442804654439
0.9473392844200135
0.9500625967979431
0.9517216364542643
0.952979576587677
0.9532744526863098
0.9533957322438558
0.9582314729690552
0.9606572151184082
0.9624171098073323
0.9638631145159403
0.9650901635487874
0.966352089246114
0.9694583257039388
0.9726846615473429
0.9728460868199666
0.974284307161967
0.9762587666511535
0.9793666243553162
0.9812979062398275
0.9816637794176738
0.9821775277455648
0.9833312710126241
0.9836741805076599
0.989057981967926
0.9899860064188639
0.9919506192207337
0.9943624099095663
0.9945490439732869
0.9968518892923991
0.9980791648228963
0.9994129379590352
1.0001460234324138
1.00042165517807
1.004809315999349
1.0053319652875266
1.0072292764981587
1.008224356174469
1.0088483969370523
1.010188619295756
1.0120163639386495
1.0139110167821248
1.0148317217826843
1.0155612667401632
1.0164300918579101
1.0164805412292481
1.0168041030565897
1.0168551127115886
1.0186553716659545
1.0239214261372884
1.0240672071774801
1.0240838567415873
1.0245744148890177
1.0264304121335348
1.029260794321696
1.030791183312734
1.0316839615503948
1.0323757807413736
1.0331015268961588
1.0336219429969788
1.0375176588694255
1.0393086314201354
1.0435547669728598
1.045196803410848
1.0471181392669677
1.049982523918152
1.050044059753418
1.051092771689097
1.0552908023198446
1.0569758454958598
1.0583598097165425
1.0593042850494385
1.0595198710759481
1.0601129174232482
1.0614209453264871
1.0630417068799336
1.0635376532872518
1.0641255776087444
1.0656140406926473
1.0662934223810832
1.0684324224789938
1.0692985932032266
1.0694963653882346
1.074129311243693
1.0757980902989706
1.076516819000244
1.0780600428581237
1.0791575233141582
1.0801703890164693
1.083072062333425
1.084828511873881
1.0850039760271708
1.0855337301890056
1.0859439492225647
1.090720776716868
1.091516375541687
1.092956046263377
1.093643860022227
1.0946632424990337
1.0950003186861674
1.0962033549944559
1.0965458114941915
1.09692991177241
1.0974823395411173
1.1001458764076233
1.1009796420733133
1.1023345470428467
1.1032264828681946
1.1035077333450318
1.1054255326588949
1.1067967851956686
1.1068318208058676
1.1095290382703145
1.1103061437606812
1.1103893876075746
1.110416293144226
1.1129165172576905
1.1154062191645304
1.1173601786295573
1.1178488890329996
1.1185467958450317
1.1209379434585571
1.1211388468742371
1.1235029657681783
1.1249534328778585
1.125675372282664
1.1257983366648356
1.1276938597361246
1.1278586705525717
1.1282002607981363
1.1286329309145609
1.1289741754531861
1.1311620513598124
1.1318981766700744
1.1332071622212727
1.1335960149765014
1.1347702066103618
1.135610302289327
1.1370905717213948
1.1396325985590616
1.140737533569336
1.1427799344062806
1.14529629945755
1.1462076385815938
1.1464509606361388
1.1502893726030985
1.1510114550590516
1.1543061892191568
1.1547505299250285
1.1553607861200967
1.1567284067471821
1.1572788635889688
1.1620203216870626
1.1624152819315592
1.1629054069519043
1.163023551305135
1.1646082242329916
1.167337922255198
1.1690577785174052
1.169312556584676
1.1694687763849894
1.1710373441378275
1.1749242663383483
1.1757392644882203
1.1761228005091349
1.1775635560353597
1.1778297026952107
1.1800631006558737
1.1828609625498454
1.1833884278933207
1.1838881095250449
1.1855792204538982
1.1860700527826944
1.1878620942433675
1.1889071345329285
1.1894575675328574
1.192152496178945
1.1956122756004333
1.1959643642107645
1.1966574311256408
1.1979477961858114
1.1997953653335571
1.1998414476712544
1.2003389875094095
1.2016348163286845
1.2020697832107543
1.2043571750322977
1.2056106487909952
1.2105936805407207
1.2117897431055704
1.2152999838193257
1.2162362655003867
1.2174579819043478
1.2186630606651305
1.2215287725130717
1.2219655394554139
1.222598906358083
1.226979378859202
1.2282503724098206
1.2285893877347311
1.2310665567715964
1.2324187397956847
1.2338605125745137
1.2350520730018615
1.237735644976298
1.2383883237838744
1.2390654881795247
1.2424556175867716
1.244922924041748
1.245455793539683
1.245855983098348
1.2474433819452921
1.2484187801678976
1.2486011783281963
1.2492684443791708
1.249550720055898
1.2514251152674356
1.2532978971799216
1.2544342875480652
1.2571677009264628
1.2603291392326355
1.2607405662536622
1.2609185059865315
1.2609756708145141
1.2614146629969278
1.2630658229192098
1.2647691408793131
1.2656892935434978
1.2684942364692688
1.2712655107180277
1.27130130926768
1.274118701616923
1.2759414633115134
1.2776653329531351
1.2779091954231263
1.2794318556785584
1.2812829573949178
1.281702744960785
1.282720955212911
1.2830315788586935
1.2850108742713928
1.2856192231178283
1.2866602540016174
1.2870160420735677
1.2871120770772297
1.2888625184694926
1.2892002701759337
1.2893555879592895
1.2918436408042908
1.295028026898702
1.297157887617747
1.2977811773618062
1.298070240020752
1.300307047367096
1.3022311051686606
1.3024751822153726
1.3052682002385458
1.3052801489830017
1.3058231830596925
1.3064112027486166
1.3069828629493714
1.3071449995040894
1.3072255889574687
1.3102228363355002
1.3104419946670531
1.3130093296368917
1.3140856186548868
1.3151108225186665
1.3158577839533487
1.3165451327959696
1.3166566967964173
1.3167275031407675
1.31796528895696
1.3180035829544068
1.319771405061086
1.3201145807902017
1.3209914604822794
1.3229004224141439
1.323641566435496
1.324491035938263
1.3247358361879984
1.3257396459579467
1.3278769175211589
1.330170464515686
1.3326083978017171
1.3326143225034077
1.3335373083750406
1.3340877612431845
1.3351946155230203
1.3384341239929198
1.3388340751330057
1.3456472833951314
1.3460800011952718
1.351060644785563
1.353230929374695
1.354098089536031
1.3542701482772828
1.3548545956611633
1.3548967838287354
1.355237066745758
1.3553896307945252
1.3555754701296487
1.3575282136599223
1.3586204528808594
1.3601583242416382
1.3601940472920735
1.3642297546068827
1.3642364621162415
1.3642750263214112
1.3658960064252217
1.3662190357844035
1.3691802819569905
1.3693753004074096
1.369832714398702
1.369889744122823
1.3742768486340842
1.3747918446858725
1.3770657300949096
1.3784921288490295
1.380302119255066
1.3803737878799438
1.3804244558016459
1.3807670752207437
1.3813718756039937
1.382942807674408
1.3846896608670554
1.385728693008423
1.385837233066559
1.3871577699979147
1.38802174727122
1.388036568959554
1.3886316418647766
1.3889721353848776
1.3930082678794862
1.3939235210418701
1.3955979824066163
1.396239153544108
1.4004156271616617
1.4014498869578043
1.4026187856992085
1.4052063822746277
1.4056002418200175
1.4076793670654297
1.410077651341756
1.412157134215037
1.4131910681724549
1.4143828272819519
1.4150147596995035
1.416648224989573
1.4189547578493753
1.420119325319926
1.4209773341814678
1.4209846218427022
1.4224140683809916
1.4227230469385783
1.4242509007453918
1.4266772429148356
1.4316814144452412
1.4317438801129658
1.4361322363217672
1.4366970459620159
1.4373406370480855
1.4381678660710653
1.439246650536855
1.4396458824475606
1.441531511147817
1.4417980551719665
1.442644234498342
1.4451455950737
1.446205492814382
1.4477167924245198
1.449413812160492
1.4495213230450947
1.4497292121251424
1.4502703110376993
1.4506187081336974
1.4531654874483744
1.4541924158732096
1.4552265008290608
1.4595967332522075
1.459828265508016
1.460310935974121
1.4607035438219707
1.463015345732371
1.4649202346801757
1.4677611271540323
1.4684302965799967
1.469157592455546
1.4718352675437927
1.473750154177348
1.473874537150065
1.4740381638209026
1.4781572103500367
1.4792756676673888
1.4804034908612569
1.4813765605290732
1.482136563460032
1.482623314857483
1.485132912794749
1.4865986188252767
1.486871886253357
1.4872274319330852
1.4891523996988931
1.491653060913086
1.4930731534957886
1.4947333892186483
1.4969600200653077
1.4979678750038148
1.498326841990153
1.5002337018648784
1.500240437189738
1.5014509042104085
1.5021769364674886
1.5068120121955872
1.509555168946584
1.5096033294995626
1.5098194797833762
1.5100869258244833
1.5110265731811523
1.511785920461019
1.5126445810000102
1.5151184598604839
1.5167221983273824
1.5191514134407043
1.519336728254954
1.5200153231620788
1.521872599919637
1.52361288468043
1.5237505396207174
1.5244699716567993
1.5266241113344827
1.5280191540718078
1.5290146072705586
1.5313597877820333
1.5326243360837302
1.5346270044644674
1.5346657752990722
1.5347425897916158
1.5351275324821472
1.5357376217842102
1.5394876281420389
1.5397157271703084
1.5399805148442587
1.5407130122184753
1.5424193819363912
1.5447619160016377
1.5458462158838908
1.5488653977711995
1.5488890608151753
1.5490167657534282
1.5493658939997355
1.5512043754259746
1.5534565250078838
1.5553107659022014
1.555601676305135
1.5570598204930624
1.5572240670522055
1.5575946728388468
1.5588263352711995
1.5596303582191466
1.5611886342366537
1.5614466826121012
1.561510447661082
1.5626872698465983
1.5633280396461486
1.5640214920043944
1.5648476918538412
1.5677265087763468
1.568238663673401
1.5694809913635255
1.5702051758766173
1.5711023569107057
1.5718656539916993
1.5722008665402731
1.5725932518641155
1.57427472670873
1.575130863984426
1.5757946650187173
1.5767150004704793
1.5772701382637024
1.5785703818003336
1.5804602384567261
1.58316464026769
1.5833942333857218
1.5850015560785928
1.585602589448293
1.5887691100438437
1.588907237847646
1.5893834431966145
1.5904475768407187
1.594864284992218
1.5963716546694438
1.597114658355713
1.5976555267969768
1.598323925336202
1.5984014908472697
1.6014827648798624
1.6037133455276489
1.6043084979057312
1.6057586789131164
1.6062379201253256
1.6076597690582275
1.6087282379468282
1.6100756525993347
1.6115684111913045
1.6124168237050374
1.6130151510238648
1.6151108940442402
1.6199718435605368
1.6201125343640645
1.6201483845710754
1.6219213922818503
1.6226739764213562
1.6236963470776875
1.628456417719523
1.6299898703893025
1.6302438060442606
1.6322593768437703
1.6331014116605123
1.6338220596313477
1.6357510328292846
1.6371508638064067
1.637401564915975
1.6392894625663756
1.6412591417630513
1.6430881341298422
1.6439274231592813
1.6442896644274394
1.64434095621109
1.6463112870852152
1.6499439120292663
1.6506471276283263
1.6510552008946737
1.6515817006429037
1.6517332315444946
1.6549841125806173
1.6583789189656575
1.658667016029358
1.6606483379999797
1.660772947470347
1.6649805665016175
1.666363286972046
1.6699235637982686
1.6700178861618042
1.6710747758547464
1.6728073716163636
1.6740143179893494
1.6752018650372824
1.6756248911221823
1.6759832580884297
1.676575231552124
1.6771048347155253
1.6779003381729125
1.679892647266388
1.6804722944895427
1.6820257703463237
1.6834386507670085
1.6842013955116273
1.685193943977356
1.6861927191416421
1.6883264183998108
1.6892498135566711
1.6893054564793906
1.692169149716695
1.695572034517924
1.6977645913759867
1.6993026812871297
1.7025884509086608
1.7051721453666686
1.7064167300860087
1.7065587202707926
1.708385455608368
1.7089864174524942
1.7092267950375875
1.7097831130027772
1.7105043252309164
1.7117719769477844
1.7156877636909484
1.7162794589996337
1.717920927206675
1.7186338543891906
1.7197098096211751
1.7200881838798523
1.722764547665914
1.7231849710146585
1.7262452324231465
1.7277002652486166
1.7290054281552634
1.72935098807017
1.7295679092407226
1.7309427380561828
1.731174071629842
1.7316425005594889
1.73420197168986
1.7351858735084533
1.7356787244478862
1.7386860489845275
1.739673952261607
1.739903442064921
1.740053085486094
1.740939474105835
1.7453476587931316
1.7500040769577025
1.7521492044130962
1.7526061375935873
1.7531606038411458
1.7542065501213073
1.7555630246798197
1.7556750456492105
1.7570796608924866
1.757378876209259
1.7584619800249734
1.760077702999115
1.7600992719332378
1.7605485518773396
1.7611881772677103
1.7621829469998678
1.7625948111216228
1.7632940530776977
1.7638521432876586
1.7644896586736043
1.7649181445439657
1.7670830806096396
1.767565409342448
1.7681652506192524
1.7683342734972636
1.7684539715449015
1.769944147268931
1.770557709534963
1.7716418425242106
1.7757152875264486
1.7763109087944031
1.7765453100204467
1.7771519422531128
1.7802635947863261
1.7827701409657797
1.7848738511403401
1.7851352254549662
1.7874547799428304
1.7891683220863341
1.789188798268636
1.7915022373199463
1.7938095808029175
1.7939958890279135
1.7943633913993835
1.794876758257548
1.7988266309102376
1.7991833527882894
1.8019943277041117
1.802368434270223
1.8023760914802551
1.8100863655408224
1.811775521437327
1.8131187438964844
1.8147691766421
1.8191556890805562
1.8194133996963502
1.8212377985318502
1.821457306543986
1.8228089054425558
1.8236874341964722
1.824229653676351
1.8255943218866983
1.828916617234548
1.829265582561493
1.83011292219162
1.8324412822723388
1.8324509938557942
1.8328089435895285
1.8345211068789165
1.834549101193746
1.8348877588907877
1.8376479705174764
1.837674117088318
1.8391877214113872
1.8409271915753682
1.8411597847938537
1.8415083010991415
1.8437652627627055
1.845220685005188
1.8454241116841634
1.8461546619733176
1.8462995290756226
1.847711197535197
1.847826886177063
1.8508315801620483
1.85272509654363
1.8530466953913372
1.8537069320678712
1.8549304246902465
1.8559792319933572
1.8587549765904745
1.8593795021375021
1.8617217421531678
1.8618008534113566
1.8632553497950235
1.8638240655263265
1.8647015611330668
1.8668496529261271
1.8673309683799744
1.867488976319631
1.8676339507102966
1.8698027729988098
1.8709084391593933
1.8709914724032084
1.8736613273620606
1.8761332750320434
1.8763765692710876
1.8770034154256185
1.8775148789087932
1.8786139249801637
1.8788965106010438
1.8793068846066794
1.880997864405314
1.8827787121136983
1.8829686244328816
1.8840672691663107
1.8850447495778402
1.8866609851519267
1.8872028509775798
1.8883298595746358
1.889115536212921
1.8904440124829611
1.8933201630910237
1.8946750521659852
1.8950809280077616
1.8951837340990703
1.8960285107294719
1.9001914183298747
1.900843854745229
1.9040691057840984
1.9057599504788716
1.9058673938115438
1.908274515469869
1.9098585963249206
1.9100558161735535
1.9120911598205566
1.9121450583140056
1.9124666611353556
1.9130616466204324
1.9135960539182026
1.915606951713562
1.9164896567662557
1.9211935917536418
1.9216290593147278
1.921701677640279
1.9221877098083495
1.922291100025177
1.9229850769042969
1.9236988464991251
1.9271612922350565
1.9296228289604187
1.929659859339396
1.9300809224446616
1.9321141958236694
1.932917018731435
1.9332184672355652
1.9341530164082845
1.9358563899993897
1.9396687865257263
1.9401078502337137
1.9415254950523377
1.9421887954076131
1.9434678435325623
1.943792752424876
1.9443016052246094
1.9460375865300497
1.9488609472910563
1.9494540015856425
1.9497320334116617
1.9520618915557861
1.9523081262906392
1.9546102325121562
1.9554812590281168
1.9565949002901712
1.9575571854909262
1.9578430891036986
1.9596877177556355
1.9600928544998169
1.9603409886360168
1.9610555330912272
1.9615703463554381
1.9621211528778075
1.9639970143636067
1.9646637558937072
1.9650680581728617
1.9656771977742513
1.9665512919425965
1.9677506963411966
1.968723968664805
1.9707221150398255
1.9711029609044393
1.9732626597086589
1.9741866946220399
1.9747286836306255
1.9766271591186524
1.9768950859705607
1.9769848903020224
1.9774852673212686
1.978185780843099
1.9785474141438801
1.979229732354482
1.979474421342214
1.9811476747194925
1.9826474865277608
1.9827623963356018
1.982860561211904
1.9869684338569642
1.9884499470392862
1.9905757625897726
1.9918916940689086
1.9937896251678466
1.9938001910845438
1.9945670366287231
1.995585060119629
1.9961764613787334
1.9972320755322774
1.9982861797014873
1.9995051781336466
1.9998085618019104
2.0002830346425373
2.0011507590611775
2.0028268893559775
2.005148760477702
2.005965216954549
2.007976007461548
2.0106022636095684
2.010616060098012
2.011421545346578
2.0117321332295734
2.0153282562891643
2.016592764854431
2.0167864322662354
2.016964328289032
2.0173851172129313
2.018740487098694
2.0194085121154783
2.0232727487881976
2.0243879357973733
2.0246578733126324
2.0255306283632915
2.0273105184237163
2.0283746163050336
2.030477058887482
2.031175446510315
2.0329168756802876
2.035202685991923
2.0352157513300577
2.0358612457911174
2.037184564272563
2.0382115324338277
2.0389811396598816
2.039304335912069
2.0397568066914875
2.0401895403862
2.0418360392252604
2.0421024044354756
2.0452688137690225
2.0465487480163573
2.0474764903386435
2.0480321447054544
2.0515772422154743
2.0524429798126222
2.0540878534317017
2.055521619319916
2.0563324332237243
2.058908760547638
2.058943776289622
2.059384735425313
2.0594453771909076
2.06007559299469
2.061626609166463
2.0648901581764223
2.0666292945543927
2.0672781467437744
2.068976350625356
2.069365366299947
2.0700064579645794
2.071417538324992
2.0717705051104227
2.075090817610423
2.075881600379944
2.0769242882728576
2.083614162604014
2.087552372614543
2.0889071385065714
2.089558279514313
2.089665448665619
2.0896961728731793
2.091245178381602
2.0914857029914855
2.091990756988525
2.094085208574931
2.0941352367401125
2.0948193589846293
2.0988758405049643
2.099206280708313
2.0995700120925904
2.099627645810445
2.101107887427012
2.1012446244557696
2.101974340279897
2.105087713400523
2.105553619066874
2.1055787205696106
2.105993354320526
2.1065358320871987
2.1080378770828245
2.1099870642026266
2.111026203632355
2.1110764503479005
2.111711823940277
2.1133954882621766
2.114743109544118
2.115391226609548
2.1168577075004578
2.1173554102579755
2.1191792488098145
2.1198240319887796
2.121582825978597
2.1219570636749268
2.123644773165385
2.1253580888112387
2.125728197892507
2.127373198668162
2.1280070344607034
2.1292468825976054
2.1314814647038776
2.134369186560313
2.1344423333803815
2.136919315656026
2.137136467297872
2.1391821344693502
2.1397631565729776
2.14111981789271
2.141597044467926
2.142025661468506
2.142244593302409
2.1435783584912618
2.1450777888298034
2.1467875639597573
2.147090407212575
2.147403307755788
2.147414716084798
2.1558412194252012
2.1563523133595783
2.156513961156209
2.156919821103414
2.1593765457471212
2.160031263033549
2.1603092153867087
2.1608912110328675
2.1628546595573424
2.165494275093079
2.166378609339396
2.1665979663530988
2.1670356671015423
2.1676465272903442
2.1680377682050067
2.1701255957285563
2.171514693895976
2.1729418555895488
2.174925676981608
2.175421981016795
2.176306649049123
2.1768665671348573
2.1768920063972472
2.1774062752723693
2.177780242760976
2.1787784417470295
2.179627978801727
2.1822326223055524
2.1845207452774047
2.1852335770924887
2.185977319876353
2.189506987730662
2.1907718817392987
2.19124721288681
2.194868032137553
2.195313286781311
2.1966957767804463
2.197749964396159
2.2004504084587095
2.2006291230519612
2.2016302744547525
2.2028128226598103
2.2033361713091533
2.2046076099077863
2.2064475735028584
2.2065741300582884
2.2066752115885415
2.208691998322805
2.2094329833984374
2.2118406375249227
2.2125159978866575
2.2138254841168723
2.213917938868205
2.2164719303448996
2.2169390956560773
2.2169495979944864
2.2169516483942666
2.21763635079066
2.2186328212420148
2.2194881478945416
2.2221039811770122
2.2224487106005353
2.2224621494611103
2.2232184131940205
2.2241597056388853
2.2247782786687216
2.2254271308581033
2.227990428606669
2.228625178337097
2.22889271179835
2.2312492966651916
2.231251835823059
2.2328704158465067
2.2335103352864585
2.2336819529533387
2.2351460615793863
2.2356911182403563
2.236547807852427
2.237824257214864
2.237896712621053
2.238204554716746
2.23954869111379
2.241464324792226
2.241725774606069
2.2418251752853395
2.2421066641807554
2.2424241423606874
2.246322743097941
2.2468032876650494
2.2474974552790323
2.2485666513442992
2.2496585925420125
2.2498141209284466
2.2498815774917604
2.251599379380544
2.255208953221639
2.2571250398953757
2.2577980041503904
2.2582205255826313
2.2588717142740884
2.2614789446194967
2.264995272954305
2.2661611159642536
2.2667263110478717
2.2683948556582134
2.2701513369878135
2.2704288085301716
2.272733231385549
2.274204671382904
2.2761611342430115
2.276184785366058
2.2763500610987344
2.2763680736223857
2.279192638397217
2.2794474442799886
2.279659163951874
2.2823131322860717
2.2838996251424155
2.286716703573863
2.2871811707814533
2.288097107410431
2.2888293782869975
2.2894192655881245
2.291802378495534
2.2941528518994647
2.294238479932149
2.2950599710146586
2.2992435693740845
2.299855049451192
2.301086592674255
2.301328416665395
2.30370911359787
2.304159875710805
2.3057080070177713
2.3067678968111673
2.307456115881602
2.3084596236546835
2.309064487616221
2.3094820181528726
2.311848346392314
2.3122905770937603
2.3138882637023928
2.3155431310335794
2.315695281823476
2.316511905193329
2.318440381685893
2.3189668377240498
2.3194217801094057
2.3194868286450703
2.3203887303670245
2.320492764314016
2.321453122297923
2.322299774487813
2.3225568691889444
2.3229402780532835
2.3263126174608866
2.3282475153605144
2.3305230339368186
2.33147443930308
2.331795561313629
2.334126861890157
2.3341927329699197
2.335065738360087
2.335574384530385
2.3365289052327474
2.3389222462972006
2.3408798734347025
2.3424023350079852
2.342689538002014
2.3427404205004376
2.343930121262868
2.3444244623184205
2.344669469197591
2.345587960879008
2.3479228536287944
2.348558497428894
2.3496408184369404
2.350817243258158
2.351872416337331
2.3524889588356017
2.3525969346364337
2.354011297225952
2.356547756989797
2.3573739608128865
2.3586283246676127
2.359009520212809
2.360193705558777
2.3603586912155152
2.3607006669044495
2.3610218803087872
2.3645201921463013
2.3647164424260456
2.36653691927592
2.3674036780993144
2.367774458726247
2.368085503578186
2.3686527967453004
2.371964164574941
2.3725104053815205
2.375664234161377
2.3758419593175253
2.376019028822581
2.376428810755412
2.377487607796987
2.3799944639205934
2.3811935981114707
2.3816346446673076
2.381823746363322
2.381935381889343
2.3845004558563234
2.3849921425183616
2.385901725292206
2.386032978693644
2.3865402340888977
2.387701884905497
2.391712697347005
2.3931029438972473
2.3940345605214435
2.3941299756368
2.396186025937398
2.39705898364385
2.398378356297811
2.401931055386861
2.402062249183655
2.4033713062604267
2.4037538329760233
2.4038586974143983
2.405122784773509
2.4062495907147725
2.407286512851715
2.407590627670288
2.410174361864726
2.410713807741801
2.4109365741411843
2.412972295284271
2.413323505719503
2.4166549404462176
2.4193506916364034
2.421345063050588
2.4223967671394346
2.4228540698687238
2.4237388888994853
2.42992125749588
2.4303552945454916
2.4306262493133546
2.4307121435801187
2.4325353344281515
2.432599365711212
2.4328720331192017
2.436669627825419
2.4378542065620423
2.4388683438301086
2.440738844871521
2.446065131823222
2.4461326797803244
2.446524616082509
2.448934042453766
2.4490501999855043
2.450840981801351
2.4513466556866965
2.4531676610310873
2.454626369476318
2.454697910944621
2.456421200434367
2.456654155254364
2.4577374696731566
2.4582348823547364
2.4586209694544476
2.4600929617881775
2.4616936643918357
2.4626808842023213
2.46326820453008
2.4657527685165403
2.46700314283371
2.467168382803599
2.470958403746287
2.471968491872152
2.47218158642451
2.473131513595581
2.474652945995331
2.474795134862264
2.478954764207204
2.4790293693542482
2.481930450598399
2.4829104701677958
2.4873115022977195
2.489271334807078
2.4898728132247925
2.490098325411479
2.490107790629069
2.4913018107414246
2.4924943327903746
2.494551869233449
2.4970413208007813
2.4974908868471783
2.497647233804067
2.498480240503947
2.4996179143587747
2.501903967062632
2.5031378904978436
2.5031731009483336
2.504932534694672
2.505437926451365
2.5082579533259075
2.508400472005208
2.5098769466082254
2.5125369310379027
2.514699657758077
2.5151689529418944
2.516011385122935
2.5174808462460834
2.5179163614908853
2.518687895933787
2.5198411345481873
2.522330439090729
2.5226417501767475
2.5227701465288797
2.5241501251856486
2.5249955296516418
2.525512862205505
2.5273274421691894
2.528745400905609
2.531152633825938
2.5319506684939066
2.53429229259491
2.5354041934013365
2.535778820514679
2.535971693197886
2.537096794446309
2.538549550374349
2.539009388287862
2.5402801513671873
2.541777777671814
2.541831922531128
2.5426636854807536
2.5429338653882345
2.544886064529419
2.5458000540733337
2.5463682492574056
2.5470483382542928
2.5472681244214375
2.547790253162384
2.5494580626487733
2.5495007395744325
2.5498114903767903
2.5511749466260274
2.552411218484243
2.5529584685961404
2.55357875029246
2.5538949688275654
2.555062437057495
2.5589511434237164
2.559988800684611
2.5601741234461466
2.562267525990804
2.562539291381836
2.564489404360453
2.5645701328913373
2.564898439248403
2.5650813380877175
2.5662930369377137
2.5678975224494933
2.568334074815114
2.570492458343506
2.570977807044983
2.5717503428459167
2.573463269074758
2.573549429575602
2.5743404706319173
2.5759232441584268
2.576415260632833
2.580870278676351
2.5815188844998675
2.581600240866343
2.5832426587740582
2.583570738633474
2.5835943659146627
2.585158626238505
2.586113619804382
2.588121938705444
2.589088261127472
2.5894476811091107
2.589879059791565
2.591656549771627
2.592713105678558
2.592888589700063
2.5946571866671246
2.59484707514445
2.595868881543477
2.5980200449625652
2.599987304210663
2.600026571750641
2.601111133893331
2.6019333163897196
2.602190963427226
2.603931999206543
2.6053215861320496
2.606985326608022
2.608090058962504
2.6092650810877482
2.6105829954147337
2.610630965232849
2.6109599550565084
2.6115864753723144
2.613261306285858
2.615331268310547
2.6155524373054506
2.6162797848383588
2.6165582060813906
2.622143010298411
2.6222068746884664
2.6224724531173704
2.6230035146077473
2.6244415760040285
2.6262556036313374
2.6275572419166564
2.6280957301457724
2.6284100810686746
2.6296291589736938
2.6318469206492106
2.6334500193595884
2.634200755755107
2.634925365447998
2.6362557570139566
2.6390101432800295
2.6399587194124856
2.640143326918284
2.6414698282877604
2.6417089025179545
2.6432469964027403
2.6439594507217405
2.6469045281410217
2.6471651951471964
2.64819172223409
2.650042748451233
2.6516963601112367
2.6544095993041994
2.655294422308604
2.655312975247701
2.659225531419118
2.659955557187398
2.660252340634664
2.6616955320040385
2.6636555671691893
2.6643278638521832
2.6654610872268676
2.6654640237490335
2.6663020888964337
2.667084042231242
2.6675028681755064
2.6708794037501016
2.671238573392232
2.67149517138799
2.674120044708252
2.6744442264238995
2.67690110206604
2.6770958423614504
2.6777592102686563
2.6807337005933127
2.681180739402771
2.683434311548869
2.683488464355469
2.684986925125122
2.685209774971008
2.686105648676554
2.686185836791992
2.6863263209660846
2.688075852394104
2.690571375687917
2.6916616797447204
2.6923211574554444
2.693068738778432
2.6981383482615153
2.699468719959259
2.7020928184191386
2.703031063079834
2.7040523171424864
2.705106023947398
2.706918811798096
2.707529346148173
2.7076779961586
2.7091124375661213
2.710611887772878
2.7109025438626606
2.7123205343882244
2.7125636537869773
2.7133912762006123
2.7186830838521323
2.7199564496676127
2.720236575603485
2.720309623082479
2.722086270650228
2.7251954674720764
2.7263063470522564
2.727547287940979
2.7286399006843567
2.7301467021306354
2.730511522293091
2.7309048692385356
2.730957305431366
2.7326475699742634
2.736602036158244
2.736926476160685
2.736982444922129
2.738278075059255
2.739750051498413
2.7403921167055767
2.7429953893025716
2.7442500551541644
2.745769504706065
2.7465625286102293
2.7488433837890627
2.749772294362386
2.7499705950419107
2.751078391075134
2.7526237845420836
2.753761692841848
2.754084034760793
2.7541179180145265
2.7552478512128196
2.7569904486338297
2.759104871749878
2.7596489588419595
2.760318617026011
2.7619837125142417
2.762751277287801
2.7641284982363383
2.7650706211725873
2.7669163664182026
2.768008212248484
2.768325626850128
2.7693090041478476
2.770161966482798
2.7718395590782166
2.7719223221143086
2.775542147954305
2.776568917433421
2.777173391977946
2.777699589729309
2.7784913341204325
2.7816160122553506
2.7820451895395917
2.785007707277934
2.7886247754096987
2.7890368898709617
2.7905343890190126
2.7910641471544904
2.7924867391586305
2.793243384361267
2.795513093471527
2.7962503989537555
2.798406167825063
2.799309802055359
2.8028536955515544
2.8067895968755088
2.8069745024045307
2.8070911526679994
2.808429233233134
2.8086042523384096
2.8096655090649922
2.8118019898732505
2.8126532753308613
2.812751849492391
2.8138226946194966
2.814743248621623
2.816554554303487
2.8167178352673847
2.81806054910024
2.8207070867220563
2.8211758136749268
2.8230600396792096
2.8234908024470013
2.8261310696601867
2.828675119082133
2.8291688839594524
2.8292518258094788
2.8293499112129212
2.8297324975331626
2.8328394929567975
2.8332934617996215
2.8349979201952618
2.8351110736529033
2.8370487292607627
2.8395548343658445
2.839605438709259
2.8411206801732383
2.8411696473757426
2.8421505451202393
2.843053336938222
2.844526735941569
2.847323497136434
2.8477888544400534
2.8479432185490925
2.848693001270294
2.849966812133789
2.8500520388285318
2.8508593638738
2.852382262547811
2.854353964328766
2.8548792123794557
2.8567636370658875
2.8573849042256674
2.8575016498565673
2.8585946400960287
2.8600451270739238
2.8609839200973513
2.8634276072184246
2.863969854513804
2.8645609696706136
2.8652047832806904
2.866223430633545
2.86665594180425
2.8675246755282084
2.8676068941752115
2.8684226632118226
2.8703471938769023
2.8717382629712422
2.8719033201535544
2.874287986755371
2.8759246706962585
2.878820518652598
2.87916339635849
2.880683747927348
2.8820944746335346
2.8839970231056213
2.8845463514328005
2.8846534729003905
2.884688448905945
2.888332267602285
2.8887077371279397
2.889937206109365
2.89021577835083
2.8909995675086977
2.8915087381998696
2.8930978973706565
2.8952441930770876
2.8953246116638183
2.89586101770401
2.8968825777371725
2.897094722588857
2.8980223258336384
2.8987392584482827
2.9005258003870646
2.9014219641685486
2.9023290514945983
2.903911618391673
2.9039669315020245
2.906564239660899
2.9072596788406373
2.9075496395428977
2.9089382449785868
2.909643073876699
2.9096502939860027
2.9105985601743063
2.912414463361104
2.91258020401001
2.9132044076919557
2.9145903825759887
2.91509169737498
2.916278827190399
2.916614282131195
2.916653748353322
2.91690153280894
2.919154183069865
2.9199339985847472
2.922255019346873
2.922476577758789
2.9232215444246927
2.925199031829834
2.9253791093826296
2.9255722959836326
2.9276667912801106
2.9283519744873048
2.9283991058667502
2.9292908946673077
2.930123726526896
2.930319325129191
2.9303866704305013
2.932612454891205
2.934407194455465
2.936016110579173
2.936047605673472
2.9381927609443665
2.9388539751370746
2.93907900651296
2.9414193709691365
2.9417853871981303
2.942495850721995
2.9474071343739827
2.9475067536036175
2.948116978009542
2.9481929024060567
2.9495800336201987
2.95111931959788
2.9512168089548747
2.9512328624725344
2.953309901555379
2.9543357491493225
2.9544053792953493
2.954960270722707
2.9553466995557147
2.956749467055003
2.9586294333140057
2.9596815943717956
2.9599289576212566
2.960256552696228
2.9618358850479125
2.9673693974812827
2.969263474146525
2.969403342405955
2.9719106952349343
2.9726566950480144
2.973804207642873
2.974837851524353
2.975549113750458
2.976061638196309
2.9761691013971965
2.976845129330953
2.9778875946998595
2.979340147972107
2.981970504919688
2.9831007719039917
2.9838847279548646
2.9844719052314757
2.986141113440196
2.987197430928548
2.9882441123326617
2.9884784897168477
2.990186341603597
2.9903149247169494
2.9908358335494993
2.992287524541219
2.993350315093994
2.993521002928416
2.9943910042444863
2.99457772175471
2.996042795976003
2.998677106698354
2.999227305253347
2.9994860649108888
3.0005278825759887
3.0013678034146625
3.0015490849812827
3.0017844637235007
3.002959060668945
3.0046358982721966
3.006117002169291
3.007179347674052
3.008592955271403
3.009728570779165
3.009953447182973
3.010890181859334
3.011344007651011
3.0136755466461183
3.0142929633458455
3.0157938917477924
3.0174781958262127
3.019170518716176
3.01984943151474
3.0207353631655374
3.021432701746623
3.0243250091870624
3.0246235966682433
3.025235716501872
3.0252817988395693
3.031500816345215
3.032839596271515
3.0332908630371094
3.035384237766266
3.0368449052174884
3.037154559294383
3.039107847213745
3.0397007346153258
3.0413136800130207
3.041565231482188
3.042772607008616
3.0436559279759723
3.0463799913724263
3.04817955493927
3.0490546425183616
3.0496036887168883
3.050038182735443
3.0513628641764323
3.0532262682914735
3.053634544213613
3.05402836004893
3.055495508511861
3.0570887168248495
3.0572123765945434
3.060069513320923
3.0610506892204286
3.062037793795268
3.0622620741526285
3.062418826421102
3.063584514458974
3.0651927034060162
3.0663108627001443
3.06644647916158
3.0688763737678526
3.0695051352183023
3.0695322434107464
3.0728596806526185
3.0729126930236816
3.0736822406450908
3.0740230758984883
3.0772082567214967
3.0797774751981097
3.0798372427622476
3.081945617993673
3.082634166876475
3.0841374317804973
3.084540303548177
3.084789848327637
3.0878296732902526
3.088687515258789
3.091026552518209
3.091390645503998
3.091602551937103
3.092946135997772
3.0943133433659873
3.0965617060661317
3.09661785364151
3.096843914190928
3.0990544319152833
3.1023943622907004
3.1034534772237143
3.1050719618797302
3.106162754694621
3.1066274523735045
3.10769872268041
3.108520726362864
3.111106610298157
3.1114581267038983
3.113032948970795
3.115880866845449
3.116939389705658
3.1172349135080974
3.1177997549374896
3.1194571336110433
3.1205836733182273
3.121877892812093
3.122662667433421
3.1241232713063556
3.124479659398397
3.1266018827756246
3.127596644560496
3.128685748577118
3.129448203245799
3.1307533383369446
3.1313333988189695
3.1325804789861045
3.1329214493433635
3.1351621826489766
3.136076267560323
3.1364018440246584
3.136578830083211
3.1366925835609436
3.1403261105219524
3.1405407627423605
3.1409868717193605
3.1418126662572226
3.143517287572225
3.1446949283281964
3.145043476422628
3.146689597765605
3.1476696451505024
3.147775936126709
3.148518753051758
3.1502372940381367
3.152073816458384
3.1527522802352905
3.1536383907000225
3.1541213512420656
3.1559912244478863
3.1580022891362507
3.1591732064882914
3.163778313000997
3.164099367459615
3.1672017693519594
3.167586819330851
3.167682874202728
3.167974925041199
3.168042786916097
3.1686265031496683
3.168992455800374
3.1704460978507996
3.174190644423167
3.1754517197608947
3.1760215441385906
3.1765094002087912
3.176754919687907
3.177551225821177
3.1781751036643984
3.1785281737645468
3.181020243962606
3.181587553024292
3.1821131229400637
3.183012843132019
3.1844029744466145
3.1866838693618775
3.186758991082509
3.1880289872487384
3.1891645550727845
3.1909358501434326
3.191513999303182
3.19214958747228
3.1924630999565125
3.192851467927297
3.1940685828526814
3.1955955306688946
3.195909778277079
3.195954155921936
3.1960851987202963
3.1977046132087708
3.1982162872950237
3.199247419834137
3.1995152632395425
3.2009063641230266
3.200967613855998
3.202776821454366
3.2039834101994833
3.2040600299835207
3.2074311057726543
3.207485381762187
3.2075646996498106
3.2077224969863893
3.20871217250824
3.2090355157852173
3.209861167271932
3.210072441895803
3.2134082198143004
3.213641818364461
3.2162033637364704
3.2181365688641868
3.2186918298403424
3.218910646438599
3.222661010424296
3.223101778825124
3.2240801254908242
3.224175763130188
3.2258687456448873
3.229535392920176
3.2302754878997804
3.2312585989634197
3.2321630279223124
3.2333802660306294
3.2337223887443542
3.233780797322591
3.237745694319407
3.2389007965723673
3.239615734418233
3.2402884085973103
3.2413614988327026
3.2415177464485168
3.2416851917902627
3.241898210843404
3.2434375405311586
3.244251072406769
3.247047519683838
3.247489949067434
3.2481868147850035
3.249486796061198
3.2525057633717855
3.253370690345764
3.2539551854133606
3.2542304754257203
3.254461427529653
3.2545012831687927
3.2565255840619405
3.2566789189974465
3.2574538628260297
3.2591687440872192
3.2595999081929525
3.2598636428515118
3.2605297843615215
3.260825530687968
3.2616352438926697
3.262001264095306
3.2621107578277586
3.2629431088765464
3.266213079293569
3.2672560453414916
3.26766521135966
3.2678054134051004
3.2678642749786375
3.268639290332794
3.2705825368563333
3.272543148199717
3.2728368481000265
3.274085275332133
3.2743942777315778
3.2763387242952984
3.277164276440938
3.2782880306243896
3.2797276337941486
3.2824849009513857
3.2826085964838665
3.2826303521792095
3.284815808137258
3.2857479810714723
3.2861153284708657
3.2876920898755393
3.2928406993548074
3.2928603649139405
3.292928183078766
3.293045957883199
3.2941848397254945
3.2962678114573163
3.2964560747146607
3.29716401497523
3.298113429546356
3.298285396893819
3.3007106741269427
3.3018128792444865
3.3026560068130495
3.3027642647425335
3.303924262523651
3.305325202147166
3.3071080565452577
3.3086553533871967
3.3096877177556356
3.3106034278869627
3.3107850313186646
3.3120535095532735
3.313474873701731
3.3142091910044353
3.315522078673045
3.3163509726524354
3.316594616572062
3.3167168736457824
3.3183534224828084
3.3193651954332988
3.3203731775283813
3.3210150877634685
3.322253171602885
3.3233096996943154
3.3252805550893147
3.3255253553390505
3.3258288065592447
3.32873029311498
3.3308467189470927
3.3317959030469257
3.3327812830607098
3.3338977575302122
3.3350138823191324
3.33510768810908
3.3353963494300842
3.337524676322937
3.338444197177887
3.3384820858637494
3.3414768179257712
3.34189004500707
3.343613076210022
3.3436246633529665
3.3438438375790915
3.3445478002230327
3.3450998584429423
3.345558790365855
3.3465965469678243
3.3477793018023174
3.3483474532763164
3.348610758781433
3.34911691347758
3.352487377325694
3.3530806342760724
3.353537952899933
3.3545488834381105
3.3552400628725687
3.355427304903666
3.357330870628357
3.3574975887934366
3.3580124735832215
3.3591156164805094
3.3610812862714132
3.361658970514933
3.365749549865723
3.366325795650482
3.3672771294911703
3.3678949594497682
3.3685831983884174
3.369592034816742
3.370522360006968
3.372985617319743
3.3730878194173175
3.374705493450165
3.3753217736879986
3.375599372386932
3.37662699619929
3.3778396526972454
3.379542342821757
3.380720309416453
3.380968530972799
3.381030507882436
3.385890563329061
3.386049183209737
3.3860544204711913
3.386182753245036
3.387759999434153
3.3905410806337994
3.3923976898193358
3.3925344785054525
3.393704879283905
3.3947158336639403
3.3948447545369467
3.396448588371277
3.3966622352600098
3.3972182154655455
3.3985056122144064
3.3996939341227215
3.4018710613250733
3.402386538187663
3.4038657784461974
3.40466300646464
3.407559907436371
3.407925323645274
3.4101885835329693
3.412016336123149
3.4125351389249166
3.416206141312917
3.4163679003715517
3.4168374021848043
3.4171488006909687
3.4186363379160563
3.4196962475776673
3.419728708267212
3.4215529123942057
3.4227449536323546
3.4239662408828737
3.425601530075073
3.425700589021047
3.4270180622736612
3.427321370442708
3.427876631418864
3.4284043033917744
3.4291176557540894
3.4291559139887493
3.429732306798299
3.431477733453115
3.4317243814468386
3.4319990078608194
3.4355716824531557
3.436005449295044
3.436589733759562
3.439281717936198
3.4393391291300457
3.4396355390548705
3.440898279349009
3.4410914381345115
3.4412667910257975
3.4432258645693463
3.443954610824585
3.4454580744107566
3.446197768052419
3.4467464208602907
3.446816086769104
3.447499227523804
3.449109462896983
3.45094975233078
3.4514586130777993
3.454396716753642
3.4554624438285826
3.455671938260396
3.456067136923472
3.456411083539327
3.4564971566200255
3.4578134775161744
3.4592711448669435
3.459453014532725
3.4594617088635764
3.4606030265490215
3.4648528337478637
3.4653199036916096
3.468509534994761
3.4690473318099975
3.469141407807668
3.4710344672203064
3.471631407737732
3.472850668430328
3.4755460540453593
3.4756081342697143
3.476291533311208
3.4783477703730266
3.478471823533376
3.480098509788513
3.4803814967473348
3.481450335184733
3.481963531176249
3.4827471216519674
3.482760965824127
3.4847795804341635
3.4848809758822124
3.484937536716461
3.487156351407369
3.489385203520457
3.489591586589813
3.4897481838862103
3.4901514887809753
3.49140096505483
3.491468107700348
3.4925457239151
3.494202466805776
3.4961775382359823
3.498269029458364
3.499768316745758
3.5014657100041706
3.5021477818489073
3.503633193174998
3.504803232351939
3.5060253818829854
3.5071270068486533
3.5078456163406373
3.5109517018000287
3.511778974533081
3.5121832331021627
3.512846326828003
3.5142215291659036
3.514433224995931
3.5148512919743857
3.5152579665184023
3.5158920566240948
3.5163753112157186
3.5171021699905394
3.5194367369016013
3.5199222405751547
3.5210848967234294
3.522696264584859
3.5244100292523703
3.525656247138977
3.527550236384074
3.5275852282842
3.527860136826833
3.5306859572728473
3.5333583474159242
3.5335216800371807
3.534035078684489
3.5361505349477134
3.5361629009246824
3.5374335447947183
3.538265411059062
3.5395563284556073
3.5401403069496156
3.5407644589742024
3.5421209931373596
3.5422493894894918
3.5458147803942364
3.548919200897217
3.55001521507899
3.5501204172770184
3.551207188765208
3.55317493279775
3.5541873733202616
3.558338912328084
3.560464020570119
3.5611987868944803
3.5628650546073914
3.5630051573117574
3.5636993288993835
3.563977293173472
3.5648457765579225
3.56605996688207
3.5674293955167133
3.5686878204345702
3.5688183903694153
3.5694685022036237
3.5723779877026876
3.5729118824005126
3.5733165701230365
3.574210588137309
3.5747156381607055
3.5787603656450906
3.581665019194285
3.583179012934367
3.583614917596181
3.585981011390686
3.586122516791026
3.588074767589569
3.5885276079177855
3.589241147041321
3.5919371287027997
3.597548766930898
3.597650412718455
3.598584012190501
3.599472765127818
3.599531654516856
3.600955299536387
3.602034596602122
3.6024341066678365
3.603702692190806
3.604880424340566
3.605686569213867
3.60720769961675
3.6092664043108624
3.6097147862116494
3.6112174073855083
3.612290354569753
3.612775711218516
3.61484454870224
3.615241289138794
3.6154887398084004
3.6156277616818744
3.615969185034434
3.616894030570984
3.619697940349579
3.6198532859484356
3.6200641274452208
3.622763621807098
3.6242316007614135
3.6256321986516316
3.626859704653422
3.628107706705729
3.628815237681071
3.629085882504781
3.6299427072207133
3.6300652901331585
3.6302614331245424
3.6303716897964478
3.6345475713411965
3.635102915763855
3.6355211695035297
3.635601504643758
3.636778978506724
3.637704682350159
3.6386929591496786
3.639504599571228
3.640384002526601
3.641901433467865
3.6420719106992085
3.6423892696698505
3.642840576171875
3.6439224084218345
3.649371123313904
3.6493781208992004
3.6497183640797934
3.650379741191864
3.654462965329488
3.65615181128184
3.6564744551976522
3.6570011258125303
3.658944046497345
3.6594215671221417
3.659576336542765
3.659901495774587
3.662577148278554
3.6671505769093833
3.669540286064148
3.6698565165201824
3.673024638493856
3.6732381065686543
3.673840045928955
3.673978356520335
3.676150612036387
3.6763680815696715
3.6774205406506857
3.6786073247591653
3.678928069273631
3.6823805888493855
3.6830164631207785
3.6833372513453164
3.683543852965037
3.6837822000185647
3.6839896003405253
3.686455225944519
3.686885337034861
3.6881024797757465
3.6898451526959737
3.690220268567403
3.6915024201075237
3.6917609413464865
3.6920233488082888
3.6933236956596374
3.6935485720634462
3.6942752798398337
3.694774945576986
3.695910914738973
3.698209313551585
3.6993767420450845
3.7007694443066916
3.70152233839035
3.701714293162028
3.7022833546002705
3.70308354695638
3.703796648979187
3.707819620768229
3.707895040512085
3.708420209089915
3.708685298760732
3.7099631985028583
3.710761853059133
3.710806973775228
3.7128167112668353
3.714976946512858
3.715815814336141
3.7180665294329325
3.7188101609547934
3.7212011575698853
3.7219809969266255
3.7224164883295696
3.7225732088088987
3.72344544728597
3.7234710097312926
3.7238860368728637
3.7268133322397867
3.726865486303965
3.727101469039917
3.7299665252367658
3.731870687007904
3.732312242190043
3.7327074567476908
3.7344056884447734
3.734421463807424
3.7373606165250144
3.738754951953888
3.740829821427663
3.741442839304606
3.7432186444600424
3.7445171594619753
3.7468690196673076
3.7476311842600505
3.749369545777639
3.7498413642247517
3.750952378908793
3.7517129103342692
3.752573506037394
3.753692638874054
3.7538596630096435
3.7583510120709738
3.7595155874888104
3.760896130402883
3.761431082089742
3.7616965850194295
3.7642644961675007
3.7665977398554484
3.766945509115855
3.7680037061373395
3.7712587316830954
3.7728047092755634
3.7754388133684795
3.7759355306625366
3.7771379311879474
3.7789796074231465
3.7794684171676636
3.7809563279151917
3.781846900780996
3.782058282693227
3.782702306906382
3.7845078229904177
3.7876005212465924
3.788088822364807
3.7886367479960126
3.789667495091756
3.7911200483640033
3.791721991697947
3.7924193660418193
3.7937294324239095
3.794079037507375
3.795495589574178
3.796098752816518
3.798617660999298
3.7992237250010175
3.7996739864349367
3.7998215754826865
3.799876395861308
3.8015151500701903
3.802005175749461
3.80412513812383
3.8077797492345176
3.807829157511393
3.808568088213603
3.8125385522842405
3.8128321011861166
3.8134520411491395
3.8159876028696695
3.8162268161773683
3.819397008419037
3.8202916622161864
3.8208251714706423
3.821021767457326
3.8213774522145587
3.822084136803945
3.8230135599772135
3.8238009889920552
3.8242708921432493
3.825339702765147
3.8254846652348835
3.826502815882365
3.8275477409362795
3.8335375984509787
3.8343231757481893
3.8354708035786946
3.8356239914894106
3.8365185459454856
3.8367799798647564
3.8368648370107015
3.837770895163218
3.838528203964233
3.838803188006083
3.8400953729947407
3.8408239483833313
3.8412190953890484
3.842190217971802
3.842203704516093
3.846356372038523
3.84818350871404
3.848256007830302
3.8484953880310058
3.850312034289042
3.8521621068318685
3.854752453168233
3.855436106522878
3.85804462035497
3.858266866207123
3.8601759592692058
3.8611684441566467
3.862036375204722
3.862981688976288
3.865100884437561
3.867042597134908
3.867107411225637
3.8720142404238382
3.873327930768331
3.8738208055496215
3.874812591075897
3.8785913070042928
3.879196866353353
3.8803130904833476
3.880684494972229
3.882168658574422
3.882270669937134
3.8823252518971763
3.8841043949127196
3.8864551424980163
3.887222178777059
3.8873616576194765
3.8875370065371198
3.8897562424341836
3.890517997741699
3.891305633385976
3.892245642344157
3.892253410816193
3.8939834117889403
3.896001704533895
3.8964664181073507
3.897107696533203
3.8973454515139263
3.899520413080851
3.8999613722165427
3.9009910424550376
3.902796224753062
3.9028072516123453
3.9029291113217672
3.9032169938087464
3.9048376242319742
3.9049035271008807
3.905282560984294
3.9062103708585103
3.9062675714492796
3.9066891709963483
3.9067968646685283
3.9079668005307515
3.908868451913198
3.9101900736490887
3.9116324822107953
3.9126026391983033
3.9134084542592364
3.9137605388959247
3.915896765391032
3.9161051909128823
3.9174516995747886
3.917536191145579
3.919910939534505
3.9226277391115825
3.922966698805491
3.923194074630737
3.926680262883504
3.9274635752042135
3.9280644337336224
3.9306073904037477
3.9309831539789837
3.931999397277832
3.9330830494562785
3.933790421485901
3.9344071706136066
3.935686012109121
3.9369167248408
3.9379085501035056
3.9397084673245746
3.940194543202718
3.940898124376933
3.9422272443771362
3.943409864107768
3.944025174776713
3.9446818033854165
3.946206831932068
3.9474263906478884
3.947943751017253
3.9479840715726215
3.951190956433614
3.952619123458862
3.9541206121444703
3.954631499449412
3.954661734898885
3.955835803349813
3.958685827255249
3.961666242281596
3.9620782852172853
3.96219486395518
3.962219738960266
3.9622941613197327
3.9624391277631124
3.966058278083801
3.9663716236750286
3.9670675158500672
3.967541003227234
3.9677502393722532
3.9678139050801593
3.9679610172907513
3.9689465204874677
3.97070685227712
3.9710440675417584
3.9718629280726114
3.973084394137065
3.973316502571106
3.973600665728251
3.9752635836601256
3.975847101211548
3.975862936178843
3.976227068901062
3.9780997316042583
3.978863994280497
3.9816413720448813
3.985038459300995
3.987623075644175
3.9883693059285483
3.989551754792531
3.9898587544759114
3.9918861985206604
3.9920517007509866
3.993261468410492
3.9939608494440715
3.9942933559417724
3.9960944692293805
3.996258326371511
3.996331254641215
3.998344631989797
3.999100943406423
3.999406178792318
4.0030120491981505
4.004845535755157
4.005548767248789
4.0057847181955974
4.006415565808614
4.0069031039873755
4.007053744792938
4.008631745974223
4.0089988549550375
4.009248514970143
4.009981016318004
4.011465315024058
4.012211807568868
4.012326331933339
4.0134196281433105
4.013623225688934
4.015529982248942
4.017353979746501
4.017917434374492
4.019521192709605
4.019649203618368
4.0208206415176395
4.020984355608622
4.021884167194367
4.022896468639374
4.026738965511322
4.027431094646454
4.028908220926921
4.031080762545268
4.032606665293375
4.032618141174316
4.032753264904022
4.033977083365122
4.035897421836853
4.037403325239818
4.03817458152771
4.038254682223002
4.0385630091031395
4.040632017453512
4.0422381122907005
4.042439262072246
4.043887269496918
4.044662630558014
4.045050438245138
4.045056625207265
4.04586535692215
4.048487893740336
4.049664274851481
4.04983350833257
4.051125474770864
4.05305628379186
4.053569837411245
4.053711136182149
4.056312771638234
4.056579832235972
4.060332127412161
4.060815382003784
4.061534667015076
4.0654265205065405
4.0662166198094685
4.066282955805461
4.066439914703369
4.0670874635378516
4.0690528909365336
4.07038027048111
4.071209541956583
4.072178320089976
4.072479160626729
4.072506209214528
4.072570391496023
4.073255550861359
4.075394646326701
4.076318009694417
4.076891175905863
4.077023776372274
4.077708892027537
4.079761211077372
4.079963330427805
4.081577718257904
4.082674193382263
4.082728616396586
4.0842361688613895
4.084859343369802
4.085713958740234
4.086387836933136
4.0865842739741005
4.08764412800471
4.088465329011282
4.089581441879273
4.089818092187246
4.090475181738536
4.09349437157313
4.09429837067922
4.094392943382263
4.095305041472117
4.095309277375539
4.096871610482534
4.097335600852967
4.097708169619242
4.098211185137431
4.098834598064423
4.1016517877578735
4.102817511558532
4.104001398881277
4.106203603744507
4.106994553407033
4.107016746203104
4.108666928609212
4.1089652856191
4.109713077545166
4.1111302971839905
4.111962314446767
4.113761508464814
4.114086667696635
4.114715834458669
4.115662487347921
4.116915607452393
4.117120071252187
4.117307583491008
4.1178533355394995
4.120612601439158
4.122904058297475
4.123649593194326
4.124556756019592
4.124838070074717
4.1252133051554365
4.127735956509908
4.12949066956838
4.129517857233683
4.131685928503672
4.132704357306163
4.133708866437276
4.134733557701111
4.136666834354401
4.1384875496228535
4.140190235773722
4.140806424617767
4.1416260202725725
4.142040697733561
4.142644381523132
4.143484115600586
4.143862303098043
4.144724742571513
4.147084240118662
4.14852290948232
4.150179473559062
4.150422489643097
4.152670415242513
4.1532596508661905
4.15527773698171
4.155940290292104
4.156517930825552
4.159389293193817
4.161342418193817
4.161922717094422
4.162873490651449
4.162939715385437
4.164914588133494
4.16585142215093
4.1670584082603455
4.167746639251709
4.167843306064606
4.167875480651856
4.170559434096019
4.1707896510759985
4.170859670639038
4.171535062789917
4.172836446762085
4.176161086559295
4.17685227394104
4.1778984546661375
4.177954983711243
4.178548014163971
4.181461735566457
4.182398482163747
4.182501057783763
4.185205141703288
4.185254693031311
4.185893893241882
4.187719917297363
4.1883029301961265
4.188521842161815
4.190948474407196
4.192167043685913
4.193839319547018
4.195052417119344
4.195527454217275
4.195624828338623
4.199030959606171
4.199555428822835
4.201854972044627
4.2019416213035585
4.202687613169352
4.204969878991445
4.206365160147349
4.206557492415111
4.206918847560883
4.2083954334259035
4.209980150063832
4.211293896039327
4.212732243537903
4.2142070770263675
4.216581380367279
4.217963079611461
4.218318772315979
4.219458997249603
4.220344698429107
4.221043821175893
4.2220733046531675
4.222371951738993
4.222661709785461
4.224657650788625
4.224771122137706
4.225232525666555
4.227615404129028
4.2279953797658285
4.2283817529678345
4.228885575135549
4.2293885231018065
4.230326795578003
4.230685714880625
4.231187458833059
4.234841064612071
4.236549965540568
4.237633407115936
4.238527631759643
4.23912220398585
4.239201092720032
4.240644586086273
4.241371802488962
4.244301505883535
4.245094664891561
4.245456695556641
4.245836154619853
4.245904632409414
4.247898515065511
4.250157384077708
4.250621358553569
4.251557075977326
4.251561351617178
4.2521588404973345
4.252455425262451
4.25284196138382
4.255283661683401
4.256869061787923
4.257136539618174
4.257722528775533
4.259115811189016
4.2612054467201235
4.262186861038208
4.26268302599589
4.263642569382985
4.264873206615448
4.265179073810577
4.265382500489553
4.2663001537323
4.267056012153626
4.267663272221883
4.268313133716584
4.270779311656952
4.27223801612854
4.272343893845876
4.27328956524531
4.273419157663981
4.275420423348745
4.275665672620137
4.278227297465007
4.279114067554474
4.279756812254588
4.280211222171784
4.280698068936666
4.280958847204844
4.282443539301554
4.283861859639486
4.284239689509074
4.284786880016327
4.2849308252334595
4.288326295216878
4.289393575986226
4.290166187286377
4.290720053513845
4.292351265748342
4.2971975922584535
4.297672120730082
4.297710216045379
4.297922686735789
4.300291180610657
4.300336539745331
4.301009098688762
4.30175834496816
4.303005373477935
4.304886253674825
4.305413468678792
4.306319689750671
4.306399293740591
4.308343044916788
4.30880438486735
4.311104146639506
4.31128040154775
4.313908934593201
4.313946870962779
4.314847270647685
4.316549781958262
4.316663344701131
4.317014424006144
4.319220757484436
4.319418064753214
4.3195921063423155
4.321109668413798
4.32435644865036
4.325598164399465
4.325635194778442
4.328130149841309
4.328607678413391
4.3288135210673016
4.329536521434784
4.330482649803161
4.330613342920939
4.331963813304901
4.332598145802816
4.332682013511658
4.335989499092102
4.337569642066955
4.337700041135152
4.338141898314158
4.339929254849752
4.3408311406771345
4.3410496751467385
4.342162271340688
4.342388570308685
4.345554804801941
4.345596981048584
4.3462655981381735
4.347683449586232
4.34780664841334
4.349518597126007
4.349541064103445
4.3499706824620565
4.352547272046407
4.3527873992919925
4.354573086897532
4.354595728715261
4.358016892274221
4.3595537106196085
4.359726655483246
4.359864485263825
4.363265776634217
4.36430641412735
4.365805311997732
4.365826948483785
4.366259054342906
4.366421147187551
4.36687635978063
4.367149627208709
4.3689190944035845
4.369285957018534
4.369889811674754
4.371615596612295
4.37192345460256
4.374358181158701
4.3752140959103905
4.3779237826665245
4.378150896231333
4.378731934229533
4.3789347569147745
4.379014531771342
4.3814505736033125
4.381762595971425
4.383061206340789
4.3841496507326765
4.38501037756602
4.38587148586909
4.386380994319916
4.387008039156596
4.388190539677938
4.388708913326264
4.38972190618515
4.390974036852518
4.391296629110972
4.392670325438181
4.3947892387708025
4.396017996470134
4.398336692651113
4.398870046933492
4.399010451634725
4.400751940409342
4.401167674859365
4.40166984796524
4.403139066696167
4.403863024711609
4.404926184813181
4.406292808055878
4.406458119551341
4.406830263137818
4.408469005425771
4.4104864478111265
4.4110716144243876
4.411658557256063
4.411921918392181
4.41459809144338
4.414986026287079
4.4159539341926575
4.417660387357076
4.418111968040466
4.418575823307037
4.41929646730423
4.420896204312642
4.421685433387756
4.425213360786438
4.42685569524765
4.427800130844116
4.428214657306671
4.430453602472941
4.430978548526764
4.431518503030142
4.431744492053985
4.433819778760275
4.435516754786174
4.435538335641225
4.436095074812571
4.439824624856313
4.439915184179942
4.440269899368286
4.442781174182892
4.443570490678152
4.443667880694071
4.444543548425039
4.444917380809784
4.445573476950328
4.446279382705688
4.447245037555694
4.447368117173513
4.44798006216685
4.448683476448059
4.4504418730735775
4.450758202870687
4.45134623448054
4.451765716075897
4.452280867099762
4.454402911663055
4.45549601316452
4.456068388621012
4.456439932187398
4.456862858931223
4.458073155085246
4.459230546156565
4.459471555550893
4.460335250695547
4.460491418838501
4.462070234616598
4.462879677613576
4.463105261325836
4.463378830750783
4.466140019893646
4.466343454519907
4.466852955023447
4.467835211753846
4.468515678246816
4.469048305352529
4.469254601001739
4.471461947758993
4.471715553601583
4.472852643330892
4.47349970738093
4.47557057539622
4.478700200716655
4.480093594392141
4.480798037846883
4.482095507780711
4.482505377133688
4.482937367757161
4.485341107845306
4.485348920027415
4.487297236919403
4.4873800794283545
4.490561044216156
4.490947695573171
4.492728904883067
4.494596982002259
4.495242051283518
4.4960852344830835
4.496197855472564
4.497576336065928
4.498491907119751
4.5001852432886755
4.500210154056549
4.5011037190755205
4.50241938829422
4.50476484298706
4.504908565680186
4.505614455540975
4.506899837652842
4.507845191160838
4.509188290437063
4.512501517931621
4.5126219669977825
4.516193719704946
4.516287473837535
4.517736828327179
4.518831372261047
4.520537046591441
4.520734043916066
4.521115612983704
4.521155794461568
4.523638677597046
4.5244829495747885
4.52481115659078
4.524875235557556
4.525836781660716
4.526371153195699
4.526991113026937
4.528444945812225
4.529705174763998
4.529750800132751
4.530097997188568
4.5321511705716455
4.5322445154190065
4.534356085459391
4.535779535770416
4.536060460408529
4.536205637454986
4.537269473075867
4.53791051308314
4.54026171763738
4.542826497554779
4.54339071114858
4.543630814552307
4.544594490528107
4.546205262343089
4.5484549363454185
4.551787543296814
4.552159988880158
4.552379405498504
4.553151500225067
4.555620801448822
4.555634872118632
4.555781853199005
4.555869901180268
4.558331302801768
4.558623627821604
4.559737590948741
4.562323002020518
4.56248087088267
4.5633320808410645
4.563424674669902
4.563918777306875
4.564650571346283
4.566578332583109
4.567173258463542
4.569319693247477
4.569997493426005
4.570902327696483
4.571103342374166
4.572213967641194
4.575429479281108
4.575605058670044
4.5768378655115765
4.57720365524292
4.578001757462819
4.57965536514918
4.579874217510223
4.580424475669861
4.581804815928141
4.582561683654785
4.584185087680817
4.584946882724762
4.58537593682607
4.585699200630188
4.588617785771688
4.592469604810079
4.5947069724400835
4.594822804133098
4.595304743448893
4.595537094275157
4.596827165285746
4.597875571250915
4.599612840016683
4.601119105021159
4.603435170650482
4.60430607398351
4.604392274220785
4.605158789952596
4.606724218527476
4.608463267485301
4.60902491013209
4.609498592217763
4.610068261623383
4.611954919497172
4.612964598337809
4.61317062775294
4.613254710038503
4.613863782087962
4.614218389987945
4.616847407817841
4.618522624174754
4.618897577126821
4.618940671284993
4.6195641954739886
4.619687104225159
4.621669820944468
4.622923096021016
4.623637131849924
4.623947978019714
4.625062835216522
4.6277331988016766
4.629070413112641
4.6300365924835205
4.631085908412933
4.631931845347086
4.632705891132355
4.633208604653676
4.633456782499949
4.63535092274348
4.637904175122579
4.638002288341522
4.638525108496348
4.638749365011851
4.639750043551127
4.640568351745605
4.640913891792297
4.641643559932708
4.6421721339225765
4.6426953633626304
4.6462047298749285
4.6493443012237545
4.6495058337847395
4.6502454360326135
4.650265419483185
4.650859546661377
4.651315013567607
4.652460487683614
4.653821889559428
4.657477351029714
4.657577653725942
4.658431275685628
4.659230756759643
4.6602933526039125
4.660376580556234
4.661431698004405
4.661535934607188
4.662116106351217
4.664171906312307
4.665324997901917
4.665721205870311
4.669678886731465
4.670600640773773
4.671787345409394
4.674024407068888
4.674141565958659
4.674455992380778
4.675729815165202
4.6767342726389565
4.676874538262685
4.677837340037028
4.679176966349284
4.67926117181778
4.679619169235229
4.6797584335009255
4.68085929552714
4.682140366236369
4.683232541879018
4.683292937278748
4.687426912784576
4.690181227525075
4.69115127325058
4.6920014262199405
4.692478736241658
4.693172125021617
4.693347152074178
4.694007960955302
4.694902189572653
4.69598754644394
4.696800796190898
4.698239099979401
4.6986706256866455
4.700119252999624
4.70113140741984
4.702009228865306
4.702934761842092
4.703834533691406
4.70457615852356
4.707682776451111
4.7101745247840885
4.711550811926524
4.712280535697937
4.713890592257182
4.714682094256083
4.715745468934377
4.716196258862813
4.716806268692016
4.717087002595266
4.71754363377889
4.721479698022207
4.72239039738973
4.722995511690775
4.723019715150198
4.725774753093719
4.726294414202372
4.726428194840749
4.72721361319224
4.727808900674185
4.730299663543701
4.730946445465088
4.732992454369863
4.733388157685598
4.7338508049647015
4.733945127328237
4.734630819161733
4.736003994941711
4.738697135448456
4.740414913495382
4.740618924299876
4.743739175796509
4.744238026936849
4.74463136990865
4.745174968242646
4.746567805608113
4.74769473473231
4.748261288801829
4.74877709945043
4.749799625078837
4.750096118450164
4.750100576877594
4.750923144817352
4.751112079620361
4.752410097916921
4.753223570187886
4.753610916932424
4.753985218207041
4.757562390963236
4.759279616673788
4.761775318781535
4.761919689178467
4.763629706700643
4.766798635323842
4.767048362890879
4.767557855447134
4.768301737308502
4.768452839056651
4.768838159243265
4.770215555032094
4.7707402348518375
4.770924373467763
4.772675474484761
4.772805345058441
4.773473417758941
4.775452748934428
4.7754908045132956
4.776091734568278
4.777054079373678
4.778141462802887
4.7807560682296755
4.78094087044398
4.7821225007375086
4.78317707379659
4.783886098861695
4.783905800183614
4.785573116938273
4.787293795744578
4.788876704374949
4.792474695046743
4.79317995707194
4.793905806541443
4.794923841953278
4.795318273703257
4.796273903052012
4.796936539808909
4.797157796223958
4.798000744978586
4.799214776357015
4.799487296740214
4.801556130250295
4.802449746926626
4.804535603523254
4.805878965059916
4.805982724825541
4.806403760115305
4.810605223973592
4.810609618822734
4.811175584793091
4.812988130251567
4.813241763909658
4.81518786350886
4.8171572883923846
4.81724822918574
4.81739824215571
4.817412463823954
4.818143912156423
4.821701538562775
4.822566906611125
4.82460165421168
4.825398639837901
4.825691374142965
4.826758182048797
4.827205487092336
4.8278443098068236
4.8289583086967465
4.829866989453634
4.830321021874746
4.830714917182922
4.831606233119965
4.832449758052826
4.834472187360128
4.8360191265741985
4.836762940883636
4.8372912565867106
4.838575494289398
4.8386030753453575
4.8396817723910015
4.839796757698059
4.840069731076558
4.841945874691009
4.844859651724497
4.845798575878144
4.848871258894603
4.84908656279246
4.8496090849240625
4.850795479615529
4.85087016026179
4.850996613502502
4.8520594080289206
4.853861598173777
4.854048987229665
4.8541818539301556
4.857578810056051
4.858121689160665
4.860337158044179
4.860428635279337
4.86172399520874
4.861839870611827
4.862513995170593
4.863316822052002
4.865172366301219
4.865903166929881
4.865990130106608
4.866432090600331
4.867505510648091
4.867802095413208
4.86876626809438
4.869181044896444
4.871930249532064
4.871976661682129
4.872483293215434
4.8745389143625895
4.877029959360758
4.879129846890767
4.879449987411499
4.880048068364461
4.88052525917689
4.8819271445274355
4.882560503482819
4.88390543460846
4.8855327328046165
4.886026040712992
4.887656537691752
4.887743238608042
4.888128542900086
4.888440545399984
4.891589446862539
4.8916173020998635
4.891846259435018
4.894965648651123
4.895083248615265
4.896815228462219
4.897642187277476
4.898340702056885
4.89886071284612
4.900380412737529
4.900499435265859
4.902326989173889
4.903862265745799
4.90571559270223
4.906294067700704
4.9066056927045185
4.9072826385498045
4.90767985979716
4.908489998181661
4.910472361246745
4.910710426171621
4.911542197068532
4.913868939876556
4.913931035995484
4.914554778734843
4.91652547121048
4.9169352928797405
4.91743768453598
4.918452362219493
4.920257592201233
4.920765141646068
4.92173752784729
4.92449897925059
4.928967265288035
4.929508256912231
4.930794103940328
4.931516659259796
4.931825097401937
4.9322911938031515
4.933064075311025
4.933383977413177
4.934380026658376
4.9346654971440636
4.937670695781708
4.937978184223175
4.9388800144195555
4.9397067109743755
4.940025353431702
4.940195031960806
4.940866851806641
4.94129687945048
4.941570440928142
4.942113101482391
4.945292325814565
4.945390188694001
4.945562132199606
4.9469131628672285
4.948840248584747
4.95121488571167
4.95223753452301
4.952589265505472
4.952729749679565
4.953282113869985
4.954286416371663
4.954519021511078
4.954670731226603
4.957497708002726
4.958155906200409
4.960579101244608
4.9612688541412355
4.961483486493429
4.961873841285706
4.96273508866628
4.963570551077525
4.967108420530955
4.96865975856781
4.96867120663325
4.970772580305735
4.97144992351532
4.971563867727915
4.973953251043955
4.975572510560354
4.97672297557195
4.980272793769837
4.98091014623642
4.980979522069295
4.981062038739522
4.982366601626079
4.983612906932831
4.98425452709198
4.986167534192403
4.9879708886146545
4.988438848654429
4.9886380434036255
4.989773758252462
4.991241900126139
4.991786003112793
4.992111277580261
4.993670813242594
4.995245635509491
4.996303363641103
4.997633683681488
4.997787388165792
4.999353869756063
5.000994157791138
5.002597979704539
5.00295840104421
5.004241311550141
5.007512573401133
5.007648650805155
5.009459328651428
5.009527015686035
5.009753616650899
5.009920334815979
5.010213343302409
5.012623778978983
5.013384107748667
5.015382162729899
5.015593274434408
5.016985102494558
5.017392067114512
5.017398726940155
5.018140578269959
5.01837728023529
5.022225896517436
5.023966896533966
5.024243402481079
5.024664890766144
5.0275603890419
5.027637616793315
5.027909429868062
5.032344810167948
5.033244593938192
5.034176715215048
5.034754045804342
5.034866710503896
5.0355362097422285
5.035829909642538
5.036773343880971
5.03773208061854
5.038075311978658
5.040339044729868
5.041447504361471
5.041754603385925
5.044393118222555
5.044712007045746
5.045039939880371
5.048655696709951
5.048890995979309
5.049606478214264
5.050556397438049
5.052000828584036
5.0535416801770525
5.056545035044352
5.057776165008545
5.059149436155955
5.060145767529805
5.061389247576396
5.061779514948527
5.064473219712576
5.0656161864598594
5.0672698219617205
5.069922784964244
5.0701442639033
5.072303307056427
5.072713657220205
5.073357156912485
5.075924173990885
5.076919460296631
5.077542793750763
5.077702069282532
5.078163162867228
5.081813363234202
5.0827730059623715
5.083692630132039
5.086439081033071
5.0864946683247885
5.087788430849711
5.088840647538503
5.088927551110586
5.092182199160258
5.093882751464844
5.094454872608185
5.095271364847819
5.09573765595754
5.097466818491617
5.0987164298693335
5.098750483989716
5.10049999554952
5.101435303688049
5.102387416362762
5.102972813447317
5.1031956712404885
5.104640523592631
5.105089088280995
5.1052721063296
5.10785131851832
5.109219451745351
5.110700062910715
5.111568470795949
5.112544441223145
5.113517399628957
5.113792590300242
5.1145413796106975
5.115475149949392
5.116333337624868
5.118929115931193
5.119203241666158
5.119839425881704
5.119893578688304
5.1202105522155765
5.124459870656332
5.124505988756815
5.127167809009552
5.127385505040487
5.130082142353058
5.130544730027517
5.131991092363993
5.1321953415870665
5.132274536291758
5.135508493582408
5.137059672673543
5.137965420881907
5.1400809248288475
5.1404761870702105
5.141499356428782
5.141562608877818
5.143249718348185
5.14326137304306
5.145194550355275
5.145887724558512
5.146207070350647
5.148644888401032
5.149070239067077
5.1493450482686365
5.149891642729441
5.150836857159932
5.151101672649384
5.153017246723175
5.154821328322092
5.155381453037262
5.155536619822184
5.156736842791239
5.157536061604818
5.158203379313151
5.15836652914683
5.158858283360799
5.161678965886434
5.162190810839335
5.16265633503596
5.164516230424245
5.164744202295939
5.164960626761118
5.166852033138275
5.168090478579203
5.168934214115143
5.1700736363728845
5.171644274393717
5.1722594221433
5.17382801771164
5.173873726526896
5.174765868981679
5.176537477970124
5.176572700341542
5.177408337593079
5.178362882137298
5.179689327875773
5.180030949910482
5.181197909514109
5.183511646588643
5.184002904097239
5.184665060043335
5.1851473887761435
5.185986808935801
5.1866733511288965
5.187558046976725
5.188805751005808
5.189203226566315
5.189274124304453
5.19086496035258
5.191495740413666
5.191506294409434
5.193964250882467
5.194378062089284
5.1954827586809795
5.196400570869446
5.196954735120138
5.197514136632283
5.197635531425476
5.199961487452189
5.2003987828890486
5.201137562592824
5.20306959549586
5.2038415988286335
5.204090869426727
5.2044586102167765
5.206506093343099
5.207476341724396
5.209470176696778
5.210314146677653
5.2120606621106464
5.213203958670298
5.213490780194601
5.214463559786479
5.217014813423157
5.2174885431925455
5.218803632259369
5.219707465171814
5.222382223606109
5.2227604786554975
5.223324461778005
5.224583439032236
5.225013176600139
5.226094377040863
5.226335652669271
5.227079848448436
5.227519130706787
5.227973409493765
5.230759302775065
5.2313052336374914
5.231754434108734
5.234259303410848
5.235162746906281
5.23614217042923
5.237010971705119
5.238901658852895
5.239363960425059
5.2400362372398375
5.24049676656723
5.2408424059549965
5.241742809613545
5.2418347835540775
5.243791071573893
5.244486618041992
5.245390141010285
5.246917001406351
5.2486370007197065
5.249666114648183
5.252172958850861
5.252454062302907
5.252619008223216
5.254366866747538
5.254633156458537
5.2548323233922325
5.254957648118337
5.255190324783325
5.257324103514353
5.258137627442678
5.258341379960378
5.259482149283091
5.260710752010345
5.260729908943176
5.261462505658468
5.263482161362966
5.263538134098053
5.2640433271725975
5.2644847949345905
5.265357073148092
5.265759174029032
5.26869287888209
5.269099656740824
5.270250070095062
5.270374802748362
5.273139524459839
5.273434162139893
5.274601550896962
5.27561483780543
5.275969807306925
5.2774085879325865
5.27814705769221
5.279542883237203
5.280074020226796
5.281986665725708
5.283100593090057
5.2839653809865315
5.284227856000265
5.284904007116953
5.286925228436788
5.2903833826382956
5.291136662165324
5.291324734687805
5.292351190249125
5.29279526869456
5.2929245392481485
5.295317578315735
5.296455971399943
5.296876931190491
5.298768917719523
5.299736773967743
5.303102000554403
5.3042779525121055
5.306072660287222
5.306559610366821
5.307010420163473
5.3076084613800045
5.309249198436737
5.311039531230927
5.311890347798665
5.31337069272995
5.313568437099457
5.313780685265859
5.315108068784078
5.315147952238719
5.320028511683146
5.32088850736618
5.322157108783722
5.3227624217669165
5.325535031159719
5.326434846719106
5.327260947227478
5.32777171532313
5.328317582607269
5.329666785399119
5.331076832612355
5.331381893157959
5.331927474339803
5.335021408398946
5.3350579579671225
5.341224964459737
5.341678873697917
5.342312828699748
5.342455081144968
5.34413667122523
5.3462219595909115
5.347641595204672
5.348125072320302
5.34949623743693
5.350656406084696
5.351499124368032
5.352214503288269
5.354686721165975
5.35570152203242
5.356645981470744
5.359059770901998
5.359864922364553
5.360769883791606
5.361698738733927
5.361882225672404
5.36401576201121
5.364883840084076
5.365125858783722
5.366024033228556
5.367624179522196
5.369070768356323
5.369258014361064
5.36951984167099
5.3702283024787905
5.371846799055735
5.372041328748067
5.37613140741984
5.376300183931987
5.378364598751068
5.378815265496572
5.379840914408366
5.38052103916804
5.381195795536041
5.381298331419627
5.3820917963981625
5.382350409030915
5.383445676167806
5.384382887681325
5.385583968957265
5.3859815239906315
5.387497504552205
5.388498938083648
5.391180642445883
5.391191589832306
5.391469740867615
5.3932037909825645
5.3945104877154035
5.395952773094177
5.3961812655131025
5.396194930871328
5.396309252580007
5.396451858679454
5.39847457408905
5.398756198088328
5.399715729554495
5.401290353139242
5.40168050924937
5.401782107353211
5.403955165545145
5.404633283615112
5.4055471301078795
5.4063358743985495
5.407278748353322
5.407506517569224
5.407855109373728
5.408746961752573
5.408898977438609
5.409189883867899
5.410077468554179
5.411318715413412
5.4119995594024655
5.413009230295817
5.413614483674367
5.413682480653127
5.4136981010437015
5.414746721585591
5.4158937176068624
5.416209137439727
5.419036229451497
5.419305380185445
5.419641304016113
5.421053552627564
5.42228730916977
5.422820460796356
5.423684843381246
5.42422796090444
5.425042521953583
5.426698795954386
5.426774338881175
5.427521908283234
5.427646923065185
5.428968048095703
5.430943361918131
5.431203993161519
5.432770029703776
5.433533461888631
5.4358624140421545
5.437503186861674
5.439150949319203
5.4405691186587015
5.440979234377543
5.441148873170217
5.441282749176025
5.443288516998291
5.444752009709676
5.445960390567779
5.44612242380778
5.446245650450389
5.449244042237599
5.4501294016838076
5.451455481847128
5.451842832565307
5.454559059937795
5.455453097820282
5.455556996663412
5.458314887682596
5.458595224221548
5.459640510876974
5.460034581025441
5.460791997114817
5.461039165655772
5.4615179340044655
5.46223433415095
5.463035527865092
5.464912895361582
5.466405653953553
5.466801504294078
5.466896720727285
5.468102959791819
5.4690312822659815
5.469034604231516
5.470284489790599
5.470404088497162
5.470747129122416
5.47119136651357
5.47164915005366
5.473780763149262
5.4743106683095295
5.474327433109283
5.474908153216044
5.475269476572673
5.477611410617828
5.480016803741455
5.480807614326477
5.481178164482117
5.481535001595815
5.4824455579121905
5.4835880955060325
5.485602100690206
5.486294480164846
5.486665368080139
5.486727980772654
5.487398374080658
5.487628841400147
5.489376286665599
5.490399348735809
5.493576272328695
5.49412039120992
5.494766736030579
5.495178588231405
5.49526568253835
5.495491695404053
5.49770378669103
5.4981941223144535
5.498574101924897
5.499902534484863
5.502455115318298
5.503467615445455
5.5038408199946085
5.50393218199412
5.504944177468618
5.506796479225159
5.507506906986237
5.508107614517212
5.509209036827087
5.509362896283467
5.509454675515493
5.512214561303456
5.5131615201632185
5.513794449965159
5.514060425758362
5.516788319746653
5.517102146148682
5.51760405699412
5.517665326595306
5.5178067445755
5.519981916745504
5.520103553930919
5.5202028552691145
5.52120760679245
5.5216872215271
5.523199741045634
5.523530050118764
5.524075182278951
5.524866012732188
5.52499870856603
5.5273840506871545
5.527570947011312
5.528936799367269
5.529171009858449
5.530151748657227
5.53133821884791
5.533420121669769
5.534076154232025
5.534426192442576
5.535169891516367
5.535503570238749
5.536659248669943
5.538041659196218
5.538080847263336
5.538240019480387
5.538466473420461
5.538529487450917
5.539680560429891
5.540070203940074
5.543885656197866
5.5440326968828835
5.546590610345205
5.546624040603637
5.547262970606486
5.54771416982015
5.551368566354116
5.551840734481812
5.551892987887064
5.553571621576945
5.554530906677246
5.554545338948568
5.55625094572703
5.559948102633158
5.560244445006052
5.560399874051412
5.56053987344106
5.561417090892792
5.563958489894867
5.564708832899729
5.565030626455942
5.565764764944713
5.566238387425741
5.566313509146372
5.568660910924276
5.569188610712687
5.569751457373301
5.570250817139944
5.57107500632604
5.572370501359304
5.574221603075663
5.57579197883606
5.576194866498311
5.576637768745423
5.5780467311541235
5.578100109100342
5.581216363112132
5.581972165902456
5.583527199427286
5.58409458398819
5.58434507449468
5.589003010590871
5.589448233445485
5.590283974011739
5.590958476066589
5.591544675827026
5.591670080025991
5.5928367932637535
5.593673288822174
5.5973117033640545
5.600767985979716
5.601113482316335
5.601654084523519
5.60198985338211
5.603009386857351
5.60445544719696
5.604544619719188
5.605856414635976
5.6073692838350935
5.6084205110867815
5.611662018299103
5.613046125570933
5.613322917620341
5.614448134104411
5.61521524588267
5.617299989859263
5.617756136258444
5.61857537428538
5.619258069992066
5.621614539623261
5.62419548034668
5.625281194845836
5.627728378772735
5.6281623005867
5.631011974811554
5.632354319095612
5.633020869890848
5.633539088567098
5.634618294239044
5.635408047835032
5.635488975048065
5.636365016301473
5.638972055912018
5.639988295237223
5.640029998620351
5.642914779980978
5.6430199106534324
5.643830096721649
5.643916622797648
5.644562494754791
5.646054601669311
5.646809482574463
5.647764980792999
5.647974038124085
5.650609441598257
5.650892551740011
5.651244115829468
5.651479399204254
5.652975142002106
5.653264542420705
5.654112692674001
5.654520670572917
5.655503471692403
5.656540131568908
5.656608637173971
5.657180098692576
5.658506715297699
5.658650235335032
5.659121334552765
5.661039952437083
5.662550040086111
5.663063538074494
5.6641406416893005
5.664708693822225
5.665494986375173
5.66577361424764
5.66594527165095
5.6691224296887714
5.669765015443166
5.671502061684927
5.672636715571086
5.672681979338328
5.674263493220011
5.675147767861684
5.676154545942942
5.67855429649353
5.67897633711497
5.679084599018097
5.679601522286733
5.681238412857056
5.682346594333649
5.682523771127065
5.685524598757426
5.685768413543701
5.685964008172353
5.687512556711833
5.689476915200552
5.689696868260701
5.691610475381215
5.6916954477628074
5.692188131809234
5.694184108575185
5.694530733426412
5.695068232218424
5.698998316129049
5.699045622348786
5.699314975738526
5.700349231561025
5.701785918076833
5.702174218495687
5.703278748194377
5.703601717948914
5.704278345902761
5.704322751363119
5.706268894672394
5.707056804498037
5.707180448373159
5.707844543457031
5.708307739098867
5.7100927909215295
5.711910863717397
5.712725309530894
5.712950690587362
5.713288156191508
5.713474023342132
5.713587013880412
5.714853636423746
5.716307544708252
5.716388444105784
5.716495951016744
5.7193631807963055
5.7200068155924475
5.720461865266164
5.721907615661621
5.722297362486521
5.722303398450216
5.72786697546641
5.728871409098307
5.729187337557475
5.729275965690613
5.7305619756380715
5.730607501665751
5.730961608886719
5.73218906323115
5.732754067579905
5.733543348312378
5.733634773890177
5.73502490123113
5.737245011329651
5.737715804576874
5.738532757759094
5.739301935831706
5.739945761362711
5.74235162337621
5.7460932970047
5.746387235323588
5.748164474964142
5.7490222732226055
5.750400253136953
5.750746095180512
5.751435375213623
5.75173743168513
5.752388393878936
5.75271497964859
5.75316367149353
5.753435381253561
5.754236090183258
5.754881922403971
5.758300785223643
5.758713169892629
5.76060311794281
5.760673475265503
5.762068609396617
5.763617118199666
5.76427077849706
5.764488704999288
5.765241440137228
5.76624208688736
5.767374614874522
5.768564816315969
5.770836853981018
5.771719431877136
5.772777024904887
5.772933348019918
5.77360988855362
5.775404779116313
5.777036738395691
5.7771551211675005
5.7778335611025495
5.779043420155843
5.779485555489858
5.782113476594289
5.784365793069203
5.785798219839732
5.786022273699443
5.786579962571462
5.786884085337321
5.787191613515218
5.787482023239136
5.791010109583537
5.792316238085429
5.792862097422282
5.793185305595398
5.793582578500112
5.794407614072164
5.794653364022573
5.79558759133021
5.796191720167796
5.798698572317759
5.798807676633199
5.798959036668141
5.800752401351929
5.801009209950765
5.801449493567149
5.802908448378245
5.80426857471466
5.8045169313748675
5.8049301664034525
5.805013060569763
5.806206504503886
5.808034245173136
5.808716718355814
5.809669494628906
5.8107615351676944
5.811594907442728
5.811828509966532
5.814073169231415
5.814294469356537
5.814829305807749
5.815727476278941
5.815944385528565
5.817098915576935
5.818975158532461
5.820432408650716
5.820564949512482
5.821357536315918
5.822510651747385
5.8228897531827295
5.824355800946553
5.8255096515019735
5.8257930994033815
5.826991593837738
5.827007583777109
5.827777695655823
5.8287282625834145
5.829100636641185
5.830007231235504
5.830443878968556
5.831387837727864
5.83288361231486
5.833594516913096
5.834341355164846
5.8353630900383
5.83609178463618
5.838740420341492
5.8390517950057985
5.841181898117066
5.844040274620056
5.844257219632467
5.844943233331045
5.845476416746775
5.8469841798146565
5.847009376684825
5.847924963633219
5.848940861225128
5.850915968418121
5.853290720780691
5.854020484288534
5.8545927484830225
5.854700068632762
5.85547026793162
5.857031309604645
5.857506724198659
5.859938371181488
5.859956538677215
5.8600741465886435
5.860709007581075
5.861332833766937
5.864009396235148
5.8648626963297525
5.865773705641429
5.866615164279938
5.867820950349172
5.868757267793019
5.869568546613057
5.870779633522034
5.8718020677566525
5.872037919362386
5.873207322756449
5.8734785437583925
5.873916272322337
5.874812670548757
5.877196431159973
5.877603662014008
5.878064767519633
5.878612220287323
5.879826279481252
5.8828932245572405
5.884217898050944
5.884967052936554
5.885623057683309
5.886473973592122
5.88668216864268
5.887970014413198
5.888465491930644
5.889807176589966
5.889850036303202
5.89097957611084
5.892757447560628
5.893398078282674
5.893743503093719
5.89410658677419
5.894685065746307
5.895670219262441
5.896094822883606
5.897081029415131
5.898276730378469
5.898446909586588
5.899474950631459
5.901301793257395
5.902969396114349
5.9036676247914635
5.904532070954641
5.904975362618765
5.9100213050842285
5.910217583179474
5.91048241853714
5.910968812306722
5.911943399906159
5.913865745067596
5.914549187819163
5.914731995264689
5.915642269452413
5.916217585404714
5.919136758645376
5.919653443495433
5.9203948696454365
5.921889682610829
5.922246181964875
5.922491470972697
5.9245176911354065
5.926237094402313
5.926286641756693
5.926448086897532
5.928950687249501
5.929969374338786
5.932173120975494
5.932693533102671
5.93342010974884
5.9338401556015015
5.933861549695333
5.935665456453959
5.936738546689352
5.937557045618693
5.9384416222572325
5.939055073261261
5.939283907413483
5.942100477218628
5.942561646302541
5.943092532952627
5.9440814336140955
5.944473381837209
5.945625658830007
5.94620863199234
5.948683035373688
5.951372305552165
5.952735010782877
5.953827162583669
5.9549941420555115
5.955926807721456
5.956628203392029
5.958613034089407
5.959148673216502
5.959579122066498
5.9610866943995156
5.961764903863271
5.962043416500092
5.963171633084615
5.964483284950257
5.9658447980880736
5.966326908270518
5.96749982436498
5.967507247130076
5.967662338415781
5.968786009152731
5.969086543718974
5.971073937416077
5.971285474300385
5.972147679328918
5.972583675384522
5.973512315750122
5.974211291472117
5.9749006470044455
5.975354580084483
5.975381803512573
5.977145922183991
5.9788137396176655
5.978904239336649
5.979093432426453
5.979337708155314
5.980376454194387
5.980537847677867
5.982745897769928
5.983501040935517
5.985051433245341
5.985789775848389
5.986572976907095
5.986911642551422
5.988461975256602
5.989805968602498
5.989837980270385
5.9900780836741125
5.991421659787496
5.99150056441625
5.991866199175517
5.99225925207138
5.9941235462824505
5.9949789126714075
5.995137123266856
5.996042855580648
5.996846012274424
5.997382851441701
5.997976736227671
6.001261703173319
6.002020506064097
6.002024428049723
6.0021393974622095
6.003403294086456
6.006258598963419
6.006261805693309
6.007053967316946
6.007098118464152
6.008834318319956
6.00943877696991
6.010640561580658
6.011047009627024
6.011664374669393
6.012007999420166
6.012720402081808
6.012747915585836
6.014428933461507
6.017464772860209
6.01829563776652
6.019108235836029
6.020453333854675
6.0209158062934875
6.021518254280091
6.021578371524811
6.021968364715576
6.0250135858853655
6.025065290927887
6.025871543089549
6.026895046234131
6.0297871669133505
6.030916798114776
6.032544044653575
6.032834843794505
6.033012600739797
6.034438975652059
6.036699171861013
6.038529737790426
6.038680179913839
6.039486130078633
6.039662408828735
6.0401601394017534
6.040418481826782
6.0424153765042625
6.043129483858745
6.044124122460683
6.044616107145945
6.0452436765035
6.045912408828736
6.048330819606781
6.0491988142331445
6.0503694613774615
6.051930363972982
6.052307820320129
6.052530034383138
6.05308610200882
6.054306638240814
6.0552136699358625
6.0553492983182275
6.055753990014394
6.056474328041077
6.056615070501963
6.060446051756541
6.061725989977519
6.06197232802709
6.06203070084254
6.062331366539001
6.063766531149546
6.065686198075612
6.068920771280925
6.068972730636597
6.0698506236076355
6.070852601528168
6.071005435784658
6.071480123202006
6.072969861825308
6.077563055356344
6.077565761407216
6.077598889668782
6.079308430353801
6.079703998565674
6.081255229314168
6.0814017732938135
6.082822291056315
6.083981951077779
6.084580814838409
6.086448093255361
6.086678556601206
6.086918799082438
6.087344161669413
6.087577255566915
6.0884754737218225
6.088795936107635
6.090748929977417
6.090854410330454
6.091634245713552
6.092109628518423
6.092659723758698
6.092959749698639
6.0932761589686075
6.0933405955632525
6.09356404542923
6.097033933798472
6.098646287123362
6.099773693084717
6.103091577688853
6.1035951217015585
6.1041820804278055
6.104585174719492
6.104673639933268
6.105283228556315
6.107894281546275
6.108566149075826
6.109057132403056
6.109794330596924
6.110143375396729
6.1114435275395715
6.111548622449239
6.115426997343699
6.115609741210937
6.116494472821554
6.116807989279429
6.121210066477458
6.122381063302358
6.124965663750967
6.126224895318349
6.127468494574229
6.127797011534373
6.129265487194061
6.129401417573293
6.130265986919403
6.1316351612408955
6.1319644769032795
6.1349831342697145
6.135238548119863
6.135480693976084
6.136589825153351
6.136953826745351
6.137559318542481
6.139062074820201
6.1398363749186196
6.141879717508952
6.1423368136088055
6.142865415414175
6.147583913803101
6.149886496861776
6.150097747643788
6.152226269245148
6.152997899055481
6.154701387882232
6.155176993211111
6.156101620197296
6.157329785823822
6.1594191789627075
6.161155541737874
6.1617182970046995
6.168264500300089
6.169171110788981
6.171249186992645
6.172731180985768
6.172886908054352
6.173070009549459
6.173990027109782
6.175832120577494
6.178488183021545
6.178813731670379
6.180235592524211
6.180621870358785
6.181193232536316
6.182045046488444
6.185628338654836
6.186920094490051
6.188332307338714
6.193332441647848
6.193428281943003
6.194174842039744
6.19456182718277
6.196234516302744
6.198042456309
6.200042339166005
6.201031160354614
6.201598672072093
6.203018919626872
6.203932499885559
6.203978625933329
6.206223114331563
6.210068027178447
6.212774403889974
6.213237981001536
6.21595518986384
6.216181977589925
6.219109018643697
6.219414492448171
6.220784644285838
6.222208428382873
6.222327478726705
6.222784686088562
6.223324835300446
6.228263640403748
6.22989159822464
6.233277416229248
6.2357242425282795
6.2359592119852705
6.236328728993734
6.237656446297963
6.2388431310653685
6.239229766527812
6.240571196873983
6.240673887729645
6.2410882949829105
6.242366667588552
6.242749226093292
6.244478038946787
6.246503301461538
6.246893938382467
6.247062476476033
6.24772412776947
6.249106522401174
6.249217490355174
6.2504069368044535
6.252911619345347
6.254742101828257
6.25652707417806
6.256559423605601
6.256858770052592
6.26044591665268
6.260491911570231
6.261475598812103
6.2616667668024695
6.262554411093394
6.266153538227082
6.267998178799947
6.271343159675598
6.2713889916737875
6.27272907892863
6.275363759199778
6.275887946287791
6.276249114672343
6.2805535634358725
6.281022532780965
6.282621332009634
6.283009767532349
6.283538925647735
6.283707344532013
6.284032920996348
6.285350147883097
6.287234000364939
6.287948373953501
6.288165946801503
6.2893544356028235
6.291801198323568
6.29333956638972
6.293929835160573
6.294086949030558
6.295079322655996
6.2978700240453085
6.298053880532582
6.298263684908549
6.298439665635427
6.302697594960531
6.303394079208374
6.303967769940694
6.304044357935587
6.305185985565186
6.30611602862676
6.307093568642935
6.309965121746063
6.312785776456197
6.31355588833491
6.317169082164765
6.319797110557556
6.322355202833811
6.325583740075429
6.325797673066457
6.3267923792203264
6.328569988409678
6.330447081724802
6.3325246453285216
6.3335322062174475
6.334179047743479
6.3356297771135965
6.336186528205872
6.337477803230286
6.337781933943431
6.338732743263245
6.340681878725688
6.342432101567586
6.342594496409098
6.345503421624501
6.34580215215683
6.346949970722198
6.3480730056762695
6.349712189038595
6.3503591855367025
6.352575365702311
6.357437328497569
6.3585996667544045
6.35991845925649
6.36022455294927
6.360779778162638
6.36336030960083
6.367585043112437
6.367646276950836
6.369125934441884
6.370859126249949
6.371131483713786
6.372004453341166
6.373697789510091
6.374137349923452
6.374482345581055
6.376609742641449
6.378373726209005
6.37848238547643
6.380253072579702
6.380965884526571
6.381223714351654
6.381360733509064
6.381523334980011
6.385348403453827
6.3863900899887085
6.386478630701701
6.38729860385259
6.388815701007843
6.388840349515279
6.393258941173554
6.393292323748271
6.393608578046163
6.395438504219055
6.397098449865977
6.399127864837647
6.399541532993316
6.400183101495107
6.4027181228001915
6.40352189540863
6.404337584972382
6.405433654785156
6.407303011417389
6.408189455668132
6.408662656943004
6.408870585759481
6.4102289040883385
6.4128917495409645
6.413085079193115
6.4135671575864155
6.416997774442037
6.418542881806691
6.41916067202886
6.419982711474101
6.420033359527588
6.421482773621877
6.424852470556895
6.425461935997009
6.4255658149719235
6.42674966653188
6.42746293147405
6.430656325817108
6.433743691444397
6.434583612283071
6.435305384794871
6.436712964375814
6.43917776743571
6.442318944136302
6.443019688129425
6.445107614994049
6.447403633594513
6.447551016012827
6.448968120416006
6.449237457911173
6.450678582986196
6.451532697677612
6.4519066174825035
6.452895784378052
6.455657144387563
6.456009074052175
6.456686234474182
6.4619449536005655
6.463354333241781
6.463817524909973
6.46550008058548
6.4666383544603985
6.469572222232818
6.471961601575216
6.4746691902478535
6.477119855086008
6.478460590044658
6.478775358200073
6.479893406232198
6.481600801150004
6.482463200887044
6.482945080598196
6.488405334949493
6.494780313968659
6.495628488063812
6.496601128578186
6.497098787625631
6.502503995100657
6.502844111124674
6.503958026568095
6.505765573183695
6.506040461858114
6.507483486334483
6.509299278259277
6.512801806131999
6.5130941073099775
6.515184084574382
6.516579421361287
6.516723374525706
6.517464101314545
6.518166963259379
6.519654107093811
6.521283133824666
6.524051364262899
6.5242770711580915
6.5300085067749025
6.531302726268768
6.531587795416514
6.5318204998970035
6.536469864845276
6.53741188844045
6.539103468259175
6.540050486723582
6.543913392225901
6.543930033842723
6.545027462641398
6.548760406176249
6.550032937526703
6.5524205009142555
6.552979600429535
6.554851257801056
6.555989785989126
6.557963979244232
6.56112513144811
6.561783802509308
6.56247386932373
6.566011691093445
6.566611194610596
6.56757717927297
6.567757499217987
6.568096172809601
6.576550948619842
6.579288486639658
6.580884011586507
6.585548174381256
6.587077963352203
6.590061593055725
6.592037161191304
6.593808138370514
6.596612334251404
6.597190554936727
6.598191432158152
6.598217940330505
6.602601691087087
6.603813529014587
6.604392818609873
6.605610275268555
6.6121711810429895
6.612220430374146
6.613284448782603
6.615194515387217
6.6175369699796045
6.61867679754893
6.620161418120066
6.622689485549927
6.6235477765401205
6.6252063075701395
6.626142585277558
6.6265387535095215
6.62877090771993
6.629222897688548
6.6325718522071835
6.63294502099355
6.634046296278636
6.637294586499532
6.639189775784811
6.640697264671326
6.643366575241089
6.64677030245463
6.649993439515431
6.654238653182984
6.654748260974884
6.658697203795115
6.659149018923442
6.66059103012085
6.664149129390717
6.6645969470342
6.666415695349375
6.668585042158763
6.672776786486308
6.6744423349698385
6.675420256455739
6.676889542738596
6.679936524232229
6.680188540617625
6.68066040277481
6.6877508640289305
6.690612971782684
6.694330914815267
6.69574407339096
6.696513883272806
6.698516507943471
6.699189567565918
6.700386925538381
6.703888483842214
6.705030107498169
6.707035609086355
6.708836122353872
6.709958970546722
6.711274882157643
6.714881936709086
6.717051096757253
6.718597781658173
6.719443301359813
6.719604674975077
6.724836997191111
6.7280721743901575
6.728429814179738
6.729485201835632
6.732502591609955
6.733489112059275
6.7340993762016295
6.735838127136231
6.73601944843928
6.742831897735596
6.743110990524292
6.743550411860148
6.744619611899058
6.74758065144221
6.74788198073705
6.748236620426178
6.749440522988637
6.7494909286499025
6.751469874382019
6.753685895601908
6.757235900561015
6.759786009788513
6.763566263516744
6.766230964660645
6.7664385835329695
6.767419437567393
6.767876561482748
6.7683337489763895
6.768563528855641
6.771681861082713
6.772035566965739
6.773020939032237
6.773046843210856
6.775474532445272
6.776412332057953
6.778805208206177
6.779220557212829
6.779612318674723
6.783139149347941
6.783602058887482
6.785604190826416
6.787689395745596
6.788422926266988
6.7899582544962565
6.7908618728319805
6.793949258327484
6.794972062110901
6.795679501692454
6.796443943182627
6.801489098866781
6.801610314846039
6.8037035942077635
6.8046195824941
6.805778523286183
6.807238765557607
6.813094564278921
6.813979927698771
6.8151158730189
6.816396975517273
6.816995942592621
6.820736022790273
6.821790492534637
6.823765746752421
6.827236044406891
6.828255569934845
6.832078158855438
6.834870608647664
6.83502311706543
6.836876662572225
6.837409098943074
6.840880731741588
6.842874272664388
6.843163736661276
6.844878498713175
6.846278484662374
6.848536054293315
6.849379829565684
6.851771227518717
6.854537832736969
6.8569894711176556
6.857595682144165
6.861966935793559
6.862433083852133
6.863556293646495
6.868478922049205
6.868695576985677
6.8703522483507795
6.873725152015686
6.875413056214651
6.875643380482992
6.875745439529419
6.882541763782501
6.884064245223999
6.884194648265838
6.886450386047363
6.890138232707978
6.893336872259776
6.8945432305336
6.8962338209152225
6.897005740801493
6.900323406855265
6.901314119497935
6.902645965417226
6.904659843444824
6.9063290158907575
6.90692001581192
6.9077541867891945
6.909386936823527
6.9120512247085575
6.9130884567896524
6.913724366823832
6.917540081342062
6.919092746575673
6.920612819989523
6.921302072207133
6.925423598289489
6.927134784062703
6.927983542283376
6.930450280507405
6.936894281705221
6.93782674074173
6.938126909732818
6.944010933240254
6.947396043936411
6.9474384943644205
6.948946940898895
6.94984218676885
6.95002281665802
6.952430458863576
6.9525464415550235
6.958119952678681
6.959694635868073
6.960966153939565
6.961109789212545
6.963567686080933
6.9681919574737545
6.974015295505524
6.974411586920421
6.976776532332102
6.980087939898173
6.98024080991745
6.982308483123779
6.986575845877329
6.987269190947215
6.988912737369537
6.9909480810165405
6.994313216209411
6.995759121576945
6.9965803861618046
7.003475824991862
7.008369485537211
7.008699436982472
7.013967573642731
7.014536492029825
7.016283106803894
7.019337431589762
7.020389564832052
7.024945350488027
7.025820171833038
7.026238294442495
7.031040759881337
7.031710501511892
7.032969828446706
7.036468927065531
7.040962938467661
7.041465544700623
7.043480932712555
7.048104055722555
7.054127013683319
7.055307734012604
7.05576818784078
7.0560841917991635
7.057344361146291
7.060831201076508
7.064881980419159
7.0656494140625
7.0671545227368675
7.068521857261658
7.072749563058218
7.072755428155263
7.07600915034612
7.079312221209208
7.080418264865875
7.082059780756633
7.0830414414405825
7.086531456311544
7.090034345785777
7.09034116268158
7.090656634171804
7.094826197624206
7.096740392843882
7.096911879380544
7.10178902943929
7.106191341082255
7.110157982508341
7.111417484283447
7.117701637744903
7.118703881899516
7.1187512675921125
7.118755674362182
7.124459278583527
7.127787907918294
7.137864530086517
7.140225307146708
7.142389702796936
7.145911308129628
7.146668513615926
7.147838226954142
7.151254332065582
7.152714125315348
7.1529345115025835
7.156195418039958
7.157295795281728
7.159561717510224
7.163623972733816
7.164349766572316
7.171807320912679
7.177638558546702
7.180621667702993
7.180919361114502
7.1842958728472395
7.186336962381999
7.190440928936004
7.196960918108622
7.200611364841461
7.202163100242615
7.2024194916089375
7.208492215474447
7.2117842396100365
7.213542326291402
7.215638490517934
7.219501626491547
7.223138888676961
7.224223693211873
7.226914064089457
7.235057183106741
7.236214152971903
7.2403459270795185
7.2431808590888975
7.246587200959524
7.248485143979391
7.250688087940216
7.254062394301097
7.254480556646983
7.2580105543136595
7.259699761867523
7.265165543556213
7.266038509209951
7.266848456859589
7.267769014835357
7.2729707558949785
7.273992908000946
7.2786121487617494
7.27973126967748
7.282989454269409
7.286834458510081
7.290653069814046
7.293327669302623
7.296090018749237
7.297291159629822
7.301074333985647
7.3042032480239865
7.306112996737162
7.307795377572377
7.309783621629079
7.310915362834931
7.3171964406967165
7.319255383809407
7.319740657011668
7.321704999605815
7.325361136595408
7.329225480556488
7.334323950608572
7.3360720038414
7.337352216243744
7.3460466980934145
7.347969102859497
7.3483832041422525
7.355672518412272
7.357232630252838
7.357519324620565
7.360341370105743
7.365757842858632
7.369787470499674
7.3731643239657085
7.3761992375055945
7.377991036574046
7.378091029326121
7.381688602765402
7.386652970314026
7.3884902715682985
7.388822487990061
7.394686917463939
7.3993813792864485
7.40416073401769
7.40741533835729
7.412543932596843
7.419079069296519
7.42149787346522
7.42192466656367
7.424523329734802
7.426871645450592
7.427588526407877
7.429070190588633
7.433543574810028
7.43541408777237
7.437734051545461
7.441988281408945
7.443008927504222
7.446375517050425
7.447687041759491
7.450167095661163
7.453410104910533
7.453481912612915
7.456554671128591
7.4607003927230835
7.462094624837239
7.466717120011648
7.474131087462108
7.475358676910401
7.476455680529276
7.480829632282257
7.48087039788564
7.485018157958985
7.489408894379934
7.496031161149343
7.498788662751516
7.501784626642863
7.5038957039515175
7.504587896664938
7.506478230158488
7.5123372356096905
7.51823118130366
7.52556027173996
7.530352604389191
7.531842279434204
7.5357920050621034
7.542105428377787
7.545280881722769
7.545634476343791
7.5520331541697185
7.557176534334818
7.561506533622742
7.5628828247388205
7.566281720002492
7.567596765359243
7.571726282437642
7.572738114992777
7.575579643249512
7.576209640502929
7.579419732093811
7.5835511406262714
7.585763871669769
7.586936720212301
7.59195294380188
7.597231630484263
7.59788019657135
7.607790263493856
7.608166790008545
7.60930210351944
7.6124091426531475
7.61349591811498
7.617869675159454
7.621490323543549
7.622928710778554
7.628132581710815
7.633329510688782
7.635896118481954
7.63996657927831
7.64133095741272
7.649255307515462
7.649892663955688
7.652232313156128
7.658731496334076
7.6600338896115625
7.667340278625488
7.668165679772695
7.668417763710022
7.66959513425827
7.673540210723877
7.676971550782522
7.677784208456675
7.681189974149068
7.681485426425934
7.690674686431885
7.692681674162547
7.699409290154775
7.70525975227356
7.706536289056142
7.708502046267191
7.713430666923523
7.717771180470785
7.722974729537964
7.72819265127182
7.73006720940272
7.732310624917348
7.738215017318725
7.745947905381521
7.748507459958394
7.752903493245443
7.759396962324778
7.763570268948873
7.763986853758494
7.77737637758255
7.781415685017904
7.789604520797729
7.799015990893046
7.799993479251862
7.8077698945999146
7.811994083722433
7.820525860786438
7.824072237809499
7.831710922718048
7.836036066214244
7.841331998507182
7.854522053400675
7.874117481708526
7.884985252221425
7.895633419354756
7.913184869289398
7.931693438688914
7.941877551873525
7.9559361855189
7.966484824816386
7.97518835067749
7.982386008898417
7.992109648386637
7.997832028071086
7.998057786623637
8.008763047059377
8.017217830816906
8.020881764094035
8.02432378133138
8.030404849847157
8.036896550655365
8.041403917471568
8.045903225739798
8.04599674542745
8.051617284615835
8.061376023292542
8.066801138718922
8.06761529048284
8.07251559495926
8.076957233746846
8.083639160792034
8.0856099208196
8.100215431054433
8.102100948492685
8.10517921447754
8.10930852095286
8.112020023663838
8.120006271203358
8.128078973293304
8.132278009255726
8.140156316757203
8.146259423096975
8.15188399553299
8.16648119688034
8.190285714467366
8.20012667576472
8.20362455844879
8.208966008822124
8.209875265757242
8.217371904850006
8.22830266157786
8.232022547721863
8.235637819766998
8.242506655057271
8.24759074052175
8.252410646279653
8.253238046169281
8.266858160495758
8.269616715113322
8.27538412809372
8.281737788518269
8.288285740216573
8.291165387630462
8.294407502810161
8.304053548971812
8.309512877464295
8.313869516054789
8.320016344388327
8.322107823689779
8.328062800566356
8.338275206089019
8.351851483186087
8.352080901463827
8.359738695621491
8.37362273534139
8.375079548358917
8.381147698561351
8.383497854073843
8.389132916927338
8.396688600381216
8.397142366568248
8.406729201475779
8.41006307999293
8.412410287062327
8.427332083384195
8.427695933977763
8.43508465687434
8.436793406804403
8.440160004297892
8.442154041926067
8.445951795578003
8.447353585561116
8.449384633700053
8.45387278397878
8.461695750554403
8.465311086177826
8.470680797100067
8.475454060236613
8.480813046296438
8.486002695560455
8.48606218099594
8.48899624745051
8.498520970344543
8.503198079268138
8.503484268983206
8.515201910336812
8.517003711064657
8.525323994954427
8.528154730796814
8.537133471171062
8.538130088647206
8.548424033323924
8.552652998765309
8.554437585671742
8.560754946867625
8.56456172466278
8.564684013525644
8.569622043768565
8.580564014116923
8.583038608233133
8.593781419595082
8.598450267314911
8.602670403321584
8.608250006039937
8.610131919384003
8.610780374209087
8.616553684075674
8.617133708794912
8.624536510308584
8.629785625139872
8.632277750968933
8.641990137100219
8.651220039526622
8.667799437046051
8.675261044502259
8.680095879236857
8.684210181236267
8.688996942838033
8.695717446009319
8.698683122793833
8.706163632869721
8.708350074291229
8.71050188144048
8.714865299065908
8.725660860538483
8.729844371477762
8.743547228972117
8.744733357429505
8.748722072442373
8.749051415920258
8.756998546918233
8.764428273836772
8.765340479214986
8.773149859905242
8.773233465353648
8.781163962682088
8.789567045370738
8.790071380138397
8.804201583067575
8.805047682921092
8.811565601825714
8.81266138156255
8.818849110603333
8.823043223222097
8.82674686908722
8.827709424495698
8.835315016905467
8.83576324780782
8.850576535860698
8.854754916826884
8.862834441661835
8.870687226454416
8.871797402699789
8.879718565940857
8.887620186805725
8.908851246039072
8.915501256783804
8.926966540018718
8.93388927380244
8.939192267258962
8.944417703151704
8.948191984494526
8.954970328013102
8.969563388824463
8.983943728605906
8.992740718523661
9.000254766146343
9.005231308937073
9.011577184995016
9.02386402686437
9.047444625695546
9.052106734116872
9.057862134774526
9.065944759051005
9.075113085905711
9.079992067813873
9.089167396227518
9.095904199282328
9.106332929929097
9.113126858075459
9.120402006308238
9.151000889142354
9.160470803578695
9.171833817164103
9.185292768478394
9.207595618565877
9.215588164329528
9.245012545585633
9.256499858697255
9.269801028569539
9.289023288091023
9.298450855414073
9.307956655820211
0.24297878742218018
0.28715514739354453
0.29556113878885903
0.33944862683614097
0.35726378361384076
0.36831257343292234
0.39744342168172203
0.39975112279256186
0.4106948415438334
0.41490989526112876
0.4160005569458008
0.4365657130877177
0.43854737281799316
0.46261229117711383
0.46359392404556277
0.4692771315574646
0.4863022367159526
0.4906899452209473
0.5014147202173869
0.5068020383516948
0.5076416969299317
0.5288015166918437
0.5327049136161804
0.5418523867925008
0.5437371611595154
0.5546015501022339
0.5574702262878418
0.5708009560902914
0.5724680384000143
0.5821348667144776
0.5836035728454589
0.584903375307719
0.587868853410085
0.5910234173138936
0.5996974150339762
0.5997461597124736
0.6008974472681682
0.6022258043289185
0.6173659046490987
0.6177190105120342
0.6190079649289449
0.6197308897972107
0.6218279560407003
0.6224647164344788
0.6234787940979004
0.6243158260981242
0.6284475763638814
0.63362797498703
0.6341867566108703
0.6391323566436767
0.6414093454678853
0.6456658244132996
0.6470714966456096
0.6529277125994365
0.655536166826884
0.6663801868756613
0.6666540781656901
0.672528068224589
0.6768608450889587
0.6775658965110779
0.6804419120152791
0.6807903409004211
0.684642509619395
0.6857519427935282
0.6905283649762471
0.6935053467750549
0.6956454555193583
0.6961845358212789
0.6962022344271342
0.696620500087738
0.7072191675504048
0.7074977278709411
0.7090656081835429
0.7144296526908874
0.7157709161440532
0.7179696877797445
0.7241467038790385
0.7263807892799378
0.7277266343434652
0.729637618859609
0.7319270571072897
0.7329807639122009
0.7372578700383504
0.7376006642977396
0.7389301021893819
0.7424268047014873
0.7431617856025696
0.7447502017021179
0.7457221229871114
0.7475944439570109
0.7489071130752564
0.7490344723065694
0.749668816725413
0.7548184275627137
0.7596542874972025
0.7605369051297506
0.7614764451980591
0.76351211865743
0.7641378164291381
0.7671701629956563
0.7685564120610555
0.7691090822219848
0.7755388021469116
0.7769017855326334
0.7779100418090821
0.780228046576182
0.7809058904647828
0.787346875667572
0.7910474459330241
0.7913591623306274
0.7915985345840454
0.7920116623242696
0.7937042713165283
0.7952448447545369
0.7967519521713257
0.7974234382311504
0.799764343102773
0.8023311336835225
0.8086079518000285
0.8093180179595947
0.8106663187344869
0.8148596882820129
0.8157000581423441
0.8172620018323262
0.8179486870765686
0.820551065603892
0.8225427667299906
0.8232958396275838
0.8249380111694335
0.8312835772832234
0.8314419110616048
0.832856825987498
0.8359651962916056
0.8367903391520183
0.8443979303042094
0.8453559676806132
0.8474638779958089
0.8492044647534688
0.8494059364000957
0.8497411370277405
0.8506610949834188
0.8550857702891032
0.8558458288510641
0.8564847628275554
0.857352876663208
0.8573603312174479
0.8590407331784566
0.8603163878122966
0.8642766952514649
0.8648976802825927
0.865479834874471
0.866864267985026
0.868258535861969
0.8714344223340352
0.8714504520098368
0.8732458432515462
0.8754177411397298
0.8763285716374715
0.877685832977295
0.8793516914049785
0.8799987316131592
0.8828516085942586
0.8837571064631145
0.884417724609375
0.8849219997723897
0.8902591824531555
0.8918637116750081
0.892216161886851
0.8931642611821492
0.8941203673680623
0.89618372519811
0.8979875365893046
0.8998820026715596
0.9063262701034546
0.906887682278951
0.9096259315808614
0.9139533837636312
0.9150650501251221
0.9164065957069397
0.91783473889033
0.918766995271047
0.9246017416318257
0.928851310412089
0.9289641618728638
0.9296045819918315
0.932168165842692
0.9322956522305806
0.9379593332608541
0.9409717321395874
0.946423876285553
0.9475225687026978
0.9486996054649353
0.9492013096809387
0.9505943735440572
0.9531623442967733
0.9553796648979187
0.9557297309239705
0.9561549425125122
0.9583298722902934
0.960997490088145
0.9630749940872192
0.9654163757960001
0.966054356098175
0.9675475239753724
0.9689344763755798
0.9691767573356629
0.969322387377421
0.9712514758110047
0.9725293238957723
0.973002294699351
0.9748680790265402
0.978194244702657
0.9805616855621337
0.981497327486674
0.98213715950648
0.983011519908905
0.9885645389556885
0.9894152959187825
0.9965587099393208
0.997704553604126
0.9984166145324707
1.0031965374946594
1.003381625811259
1.0037232160568237
1.0042010386784872
1.0084790031115214
1.0103249748547871
1.0112300356229147
1.0114924709002178
1.011942446231842
1.012523925304413
1.0137110074361166
1.017504668235779
1.0197543183962503
1.0231065034866333
1.0243462800979615
1.025205091635386
1.027143386999766
1.0313527941703797
1.0372760891914368
1.0419006903966268
1.042481827735901
1.042732059955597
1.0438878854115805
1.0464745124181112
1.0495086510976155
1.0526562134424846
1.0528632760047913
1.0535897493362427
1.0546024481455485
1.0574508905410767
1.057767383257548
1.0595711827278138
1.0644313136736552
1.069921346505483
1.0699782212575277
1.0751083970069886
1.077305006980896
1.077956740061442
1.0837793747584026
1.0913033843040467
1.0919667919476828
1.0938503742218018
1.0969371994336445
1.1001237392425538
1.1020237445831298
1.1025010347366333
1.1027079979578653
1.1034189025561014
1.1063622951507568
1.1093156774838766
1.1093508084615071
1.109892483552297
1.1104861934979757
1.1111471931139627
1.1118066509564717
1.111867884794871
1.115186365445455
1.1159879485766093
1.1196382164955139
1.1198599974314372
1.121025284131368
1.1233474691708882
1.1251238028208415
1.1259551922480264
1.1266694704691569
1.1278952002525329
1.1300552606582641
1.1310239513715108
1.1362156629562379
1.138503122329712
1.140446710586548
1.1404595812161764
1.1417710582415264
1.1421608050664267
1.1425579110781352
1.143507174650828
1.1447651425997416
1.1451244393984477
1.1490677396456401
1.1506327470143636
1.152798016866048
1.153942056496938
1.1571638464927674
1.1576100865999857
1.159245526790619
1.159603222211202
1.1611846208572387
1.1614426732063294
1.1643440485000611
1.1652899901072185
1.1673741539319356
1.1720681627591452
1.1724597533543906
1.1725479324658712
1.1736907760302226
1.1741396109263103
1.1747678399086
1.1760525941848754
1.1770971337954204
1.178448994954427
1.1826152563095094
1.1833932081858316
1.1839181303977966
1.1863953510920207
1.1898700594902039
1.1898754835128784
1.1940810481707256
1.1946605046590169
1.1948214650154114
1.1949956933657329
1.1952332894007365
1.1956309000651042
1.1957674344380698
1.2008509437243144
1.2014297485351562
1.202041506767273
1.2022536357243856
1.2039488712946573
1.2048585494359334
1.2050329168637595
1.2063103159268698
1.2092006047566732
1.2092464447021485
1.2105284333229065
1.2128841797510783
1.2139267245928447
1.214115571975708
1.2172797044118246
1.2209970037142435
1.2217054168383281
1.2236255963643392
1.2253612200419108
1.2265051881472269
1.2269508242607117
1.2315930684407552
1.2321439385414124
1.2330663839975993
1.235202169418335
1.2353863398234048
1.2355467518170675
1.2367055853207907
1.2374922474225363
1.2385865648587544
1.2424777348836262
1.2425672173500062
1.242760161558787
1.243187391757965
1.2437116265296937
1.2490718285242717
1.2497199694315593
1.251232131322225
1.2519092043240865
1.2521355271339416
1.2531998912493387
1.25444552898407
1.2565744082132975
1.2585608601570129
1.264123809337616
1.2663253625233968
1.266612414518992
1.272419261932373
1.2759369373321534
1.276591416200002
1.2770203351974487
1.2773671785990397
1.27840500275294
1.2789890964825947
1.2811476906140646
1.2813295483589173
1.2834284861882528
1.2867931683858236
1.2877603054046631
1.2884852369626363
1.2913336078325908
1.2925381223360697
1.294413189093272
1.2948438803354898
1.2978945175806682
1.2980542421340941
1.2982125163078309
1.3017971475919088
1.3047070940335592
1.3055603504180908
1.3083560506502787
1.30855420033137
1.309885327021281
1.3106605847676596
1.3124932924906412
1.313090165456136
1.3174503048261006
1.3195974628130596
1.3199103037516275
1.3217601219813029
1.3235496997833252
1.3240732312202455
1.328462282816569
1.3293289264043173
1.3301364223162333
1.3311421434084574
1.3318283955256145
1.3361703673998515
1.3365132053693136
1.3379719893137614
1.3383203426996866
1.3388045310974122
1.3424500664075216
1.3480688492457071
1.349259368578593
1.3511515259742737
1.3513569474220275
1.3515723506609598
1.3532144904136658
1.355644953250885
1.3571147123972576
1.3584768732388814
1.3605852762858073
1.3634214639663695
1.3654475251833598
1.366779371102651
1.36767467657725
1.369108760356903
1.3718346118927003
1.373014008998871
1.3745893915494283
1.378225600719452
1.38035649061203
1.3813909371693929
1.3828078428904216
1.3836036364237467
1.3868354360262554
1.389244592189789
1.3910118540128071
1.3912829041481019
1.3919103821118672
1.3925024588902792
1.394305702050527
1.3951480666796365
1.3961738308270772
1.4001285950342814
1.4013055880864462
1.4020785490671794
1.403066635131836
1.40359708070755
1.4047295252482097
1.4052132407824198
1.4061707297960917
1.4091765920321146
1.4097462058067323
1.411354903380076
1.4120271404584248
1.415575659275055
1.4166003187497458
1.4175899108250936
1.4212365905443827
1.4237514734268188
1.424142587184906
1.4264668623606365
1.4268866062164307
1.4283511598904928
1.4291773041089375
1.4291890899340312
1.4303668896357218
1.4332317471504212
1.4343933979670207
1.4355908552805583
1.4366642951965332
1.4375191768010458
1.4398365020751953
1.4425974170366922
1.4428254127502442
1.4432043115297952
1.4444529255231222
1.4465828935305278
1.446663781007131
1.4508660753568015
1.4516958793004353
1.451862100760142
1.4530838886896769
1.455643653869629
1.455681824684143
1.4561514337857564
1.4563854654630026
1.4589518904685974
1.4594579140345256
1.4601969520250957
1.460315748055776
1.4608380754788717
1.4609785119692484
1.461326579252879
1.462436815102895
1.4645087440808615
1.4662859916687012
1.4675596078236899
1.4679145415623982
1.4715108354886373
1.4727401693662008
1.4748703440030415
1.476826258500417
1.478360402584076
1.480003015200297
1.481064792474111
1.4825230399767557
1.4838783025741578
1.4839760263760884
1.484792693456014
1.4863696972529092
1.4903170426686605
1.491296660900116
1.4937290946642559
1.4952499429384867
1.4957996209462483
1.4959618290265402
1.4975256363550822
1.4978379249572753
1.4996007601420085
1.50245091120402
1.5055315415064494
1.5058413028717041
1.5067651589711508
1.5088931361834208
1.513206175963084
1.5173748453458151
1.5174558242162068
1.5176790555318196
1.5190732876459758
1.520035477479299
1.520226009686788
1.5214582840601603
1.5222842812538147
1.5229825774828594
1.5230016549428305
1.5244031230608621
1.5249425490697226
1.5260356068611145
1.5283834218978882
1.5285564025243124
1.52954204082489
1.5296371777852376
1.530470363299052
1.5309226155281066
1.531615940729777
1.5361377517382304
1.5374406258265176
1.5410113294919332
1.5428171594937643
1.5430424849192301
1.544031818707784
1.5456641554832458
1.546551764011383
1.547109591960907
1.549546190102895
1.5512837290763855
1.551644543806712
1.5516871651013693
1.5545830925305684
1.556089194615682
1.5572850863138834
1.558289388815562
1.5598017533620199
1.5630202968915303
1.5646174828211465
1.5660261114438374
1.5668842832247416
1.5698107679684956
1.5698604226112365
1.5735963543256124
1.5737253149350485
1.5760757724444072
1.5779330889383951
1.5802332480748496
1.5817123293876647
1.581967258453369
1.583432181676229
1.5849913080533347
1.5865190148353576
1.5890039682388306
1.5893320083618163
1.5913661162058512
1.5919317841529845
1.5927985191345215
1.5929511030515036
1.59303830464681
1.5950350801150004
1.5974460045496623
1.5991753975550334
1.599991011619568
1.6024634083112081
1.603934915860494
1.6042556047439576
1.6065956870714824
1.6085126717885336
1.6094271818796793
1.6103228251139323
1.610551691055298
1.6127886136372884
1.6136094371477763
1.6159402171770731
1.6165088176727296
1.6226313988367715
1.6233371138572692
1.6243951678276063
1.625445548693339
1.6257513324419657
1.6299486796061198
1.6304286917050679
1.6342422604560851
1.6387617905934653
1.6410162965456645
1.6420889973640442
1.6442098339398703
1.6449808359146119
1.6453576723734538
1.647545087337494
1.6502177635828654
1.6511378486951191
1.6511554837226867
1.6529892047246297
1.6536605795224508
1.6573330481847128
1.6575228929519654
1.6578512152036031
1.6584556818008422
1.661069432894389
1.6638540029525757
1.664052708943685
1.6661638895670572
1.669258193174998
1.671332053343455
1.6717417160669963
1.676474928855896
1.6769258658091226
1.6769638816515604
1.679392139116923
1.6797380844751995
1.6816387216250102
1.6825682401657105
1.6848302880922954
1.6865116198857626
1.6881176471710204
1.6881200909614562
1.6902528842290243
1.6921061913172404
1.6933794657389323
1.6934352278709413
1.6964959462483724
1.6975338935852051
1.6978887518246968
1.6987657070159912
1.7002840836842854
1.7029682715733847
1.7050299803415934
1.7062890966733297
1.7064064900080362
1.7142676870028177
1.716472323735555
1.7171216567357381
1.7174237728118897
1.7198273539543152
1.7198764324188232
1.7210005839665732
1.722164793809255
1.7222674290339153
1.7224536776542663
1.724628452459971
1.7262874205907186
1.7296461860338848
1.732471776008606
1.7331312378247579
1.7334011832873026
1.7338545521100361
1.7352005918820699
1.7355473677317301
1.7357931852340698
1.7371132969856262
1.737232263882955
1.7381345232327778
1.7382176558176676
1.7430160244305928
1.7447729706764221
1.7455912748972575
1.7471524318059286
1.7473877310752868
1.7491283218065898
1.7497353752454121
1.7530336817105612
1.7533982117970786
1.756015153725942
1.756423262755076
1.7589757879575094
1.7606356223424275
1.7621214032173156
1.7656082391738892
1.765753940741221
1.766250224908193
1.7664247155189514
1.7669327100118002
1.767946441968282
1.7691024541854858
1.7691975076993307
1.7717504302660625
1.7720706065495808
1.7723017613093057
1.7726453463236491
1.773764177163442
1.7752244591712951
1.7758681297302246
1.7816872676213582
1.7832324147224425
1.7841177503267924
1.7844123085339865
1.7850902954737344
1.786605437596639
1.7882564584414165
1.7899860819180806
1.7907785177230835
1.7909193515777588
1.792098093032837
1.7953719933827719
1.797029161453247
1.7974162856737772
1.8008232156435648
1.802340320746104
1.802708351612091
1.8034714023272196
1.8082390705744424
1.809393568833669
1.812371838092804
1.812553862730662
1.8167041858037314
1.8198886354764303
1.8209842840830486
1.8215212186177572
1.8218500137329101
1.8224894483884175
1.8247594197591146
1.8250032742818196
1.8278683423995972
1.8294000585873922
1.8318644126256307
1.8363753755887349
1.8382420738538106
1.838338319460551
1.838670591513316
1.8393771092096964
1.839501444498698
1.840717573960622
1.842566963036855
1.8432188828786213
1.8452832380930582
1.846223564942678
1.8481945832570394
1.8499081254005432
1.851176369190216
1.8559482057889303
1.8560004432996113
1.8561686078707378
1.8583394567171732
1.8596982757250469
1.8599160035451254
1.8606916864713032
1.8627818067868551
1.862824765841166
1.863468623161316
1.8639937043190002
1.8644064704577128
1.8687751611073813
1.87129651705424
1.8722587784131368
1.8744933923085532
1.8750598549842834
1.8754224141438802
1.8761400938034059
1.878640075524648
1.8797254006067912
1.8833392024040223
1.8857110420862833
1.8862435420354207
1.8879766901334127
1.8919299165407817
1.8931714733441671
1.8951663494110107
1.8964592178662618
1.8979224761327107
1.8996146082878114
1.9024801214536031
1.9024999141693115
1.9029916882514955
1.9080672860145569
1.9084258675575256
1.9095337351163229
1.9099958499272665
1.910261336962382
1.9125776131947836
1.916926344235738
1.9177650809288025
1.9223110318183898
1.9233251372973124
1.9234446287155151
1.924103033542633
1.9250320196151733
1.9265857776006063
1.9280075669288634
1.9307777245839437
1.9309983849525452
1.9326440254847208
1.9330752929051718
1.9343066294987996
1.9348504344622295
1.9359745144844056
1.9382256070772808
1.94153680006663
1.9415496110916137
1.9435357968012492
1.9441595713297526
1.9447627107302348
1.945927365620931
1.9466041167577108
1.9483099937438966
1.9484949787457784
1.9489555438359578
1.950425918896993
1.9515949567159017
1.9544652899106343
1.9548713326454163
1.9553818146387736
1.955576209227244
1.9612792213757833
1.9622684796651204
1.9631641944249472
1.9649049003918966
1.9655949910481771
1.9694722771644593
1.971100346247355
1.971281925837199
1.9728939692179361
1.9738237261772156
1.9777384916941325
1.979459269841512
1.9808690587679545
1.9819338957468668
1.982986815770467
1.983148415883382
1.9839196046193441
1.9846148093541462
1.9884777228037516
1.988640511035919
1.9905294020970663
1.9905315200487772
1.9908466339111328
1.9925270994504294
1.9975086847941081
1.9995168566703796
2.002713108062744
2.0030749559402468
2.004826287428538
2.007596965630849
2.008073115348816
2.0092825214068095
2.010697627067566
2.01166916290919
2.0124229431152343
2.012766357262929
2.0149199763933816
2.0155004978179933
2.0156510869661965
2.0162691871325173
2.0170974850654604
2.020048459370931
2.0203006545702618
2.020669380823771
2.0226600925127665
2.025094139575958
2.025422966480255
2.026318732897441
2.027014911174774
2.030722641944885
2.0338374853134153
2.034476093451182
2.0346839388211566
2.037570790449778
2.037630073229472
2.0378640492757163
2.041355375448863
2.0423588037490843
2.044789528846741
2.0450419386227927
2.0453713297843934
2.0484181602795917
2.0487868706385295
2.051625676949819
2.0549155314763388
2.0564093907674152
2.0572649876276654
2.0585896253585814
2.059929037094116
2.060010850429535
2.0638256827990213
2.0648006399472556
2.068651084105174
2.068753755092621
2.0688053290049235
2.069968279202779
2.0701716621716817
2.0716976086298624
2.072027933597565
2.073425662517548
2.074703828493754
2.074719218413035
2.0772451758384705
2.0777764995892842
2.0783868432044983
2.0791091243426005
2.0836727102597554
2.0845557967821757
2.0853982607523602
2.0887235085169475
2.0889128923416136
2.0891048749287924
2.0898428718249003
2.09271860520045
2.0933813651402793
2.094720725218455
2.0948538303375246
2.096959960460663
2.097287662823995
2.0977423548698426
2.098041276137034
2.0985196828842163
2.100209987163544
2.1028852740923565
2.103204782803853
2.105489528179169
2.1065078298250834
2.1093830823898316
2.110171290238698
2.1102127472559613
2.113198200861613
2.115450115998586
2.1161011616388956
2.116689427693685
2.116762622197469
2.119891099135081
2.1230811635653177
2.123963650067647
2.124186372756958
2.1249154925346376
2.1259958664576213
2.128715475400289
2.12980831861496
2.132652997970581
2.132921989758809
2.1349038600921633
2.1369916558265687
2.1376759966214496
2.1380866368611655
2.1404374202092487
2.1409797112147015
2.1419135212898253
2.1422420104344684
2.1433592637379966
2.1445796847343446
2.146771454811096
2.1495843450228374
2.150926415125529
2.1535519401232404
2.156065551439921
2.157761271794637
2.1583461205164594
2.1585743188858033
2.161570103963216
2.162509290377299
2.1631065885225933
2.1633665124575296
2.1674981713294983
2.169006673494975
2.170106848080953
2.1706695040067037
2.172306529680888
2.173529068628947
2.1740641395250955
2.174958411852519
2.1752906759579975
2.175994646549225
2.176108892758687
2.179601760705312
2.1808130582173666
2.1830353856086733
2.1832852323849994
2.1843206961949666
2.1859483400980633
2.1863525907198587
2.186376365025838
2.190765678882599
2.190978133678436
2.192364311218262
2.193331547578176
2.194203813870748
2.194604500134786
2.195311971505483
2.195900817712148
2.1990479191144305
2.19937656323115
2.2001919786135358
2.2016053716341655
2.202632959683736
2.204145602385203
2.204269754886627
2.204325783252716
2.205383670330048
2.2067061106363934
2.2095228751500446
2.2095352172851563
2.212539080778758
2.2138960997263593
2.2167311747868856
2.2167968432108562
2.2173667192459106
2.217746917406718
2.217955450216929
2.219600760936737
2.21986186504364
2.220856662591298
2.221462825934092
2.2221326152483623
2.2260773022969564
2.2264025688171385
2.2305684049924213
2.230608677864075
2.2315344055493673
2.2337100744247436
2.234053913752238
2.234950069586436
2.2374657432238263
2.23785662651062
2.2397165934244794
2.2432930707931518
2.2435819149017333
2.2439459641774495
2.245369319121043
2.2458128770192465
2.2475340644518536
2.2498658816019694
2.2499162753423056
2.2508292039235434
2.25435555378596
2.25645037094752
2.256741233666738
2.2590887705485025
2.259806700547536
2.2599634965260824
2.2603084087371825
2.2632405241330464
2.2649081985155743
2.26516185204188
2.2655567169189452
2.269653558731079
2.2713982621828714
2.271612012386322
2.272884515921275
2.2752397219340006
2.275829823811849
2.2760445634524027
2.2761372168858847
2.2770236293474833
2.2781971375147503
2.2781991004943847
2.280275511741638
2.281331805388133
2.2828206777572633
2.2838082949320477
2.284990167617798
2.285078239440918
2.287235510349274
2.2885937690734863
2.288733967145284
2.2892391602198283
2.290107425053914
2.290193963050842
2.293690518538157
2.2936933596928912
2.29384468793869
2.2952727556228636
2.2993691086769106
2.299753125508626
2.30059806505839
2.3010353604952494
2.303942497571309
2.3044255137443543
2.3068318446477254
2.3092493295669554
2.3111770431200664
2.311877199014028
2.312993315855662
2.315364782015483
2.3199833234151206
2.320367991924286
2.32195946375529
2.323771067460378
2.3238035440444946
2.326167607307434
2.327447946866353
2.3274492184321085
2.327644995848338
2.328242222468058
2.331070645650228
2.3312368631362914
2.334509273370107
2.3345600803693136
2.3351101756095884
2.3385409792264302
2.3396581530570986
2.3400257865587872
2.340127249558767
2.34017657438914
2.3449518203735353
2.3470818122227985
2.3487384637196858
2.351056190331777
2.352732507387797
2.353636928399404
2.3556974450747172
2.358457108338674
2.3588650703430174
2.361375164985657
2.3615940173467
2.3621844172477724
2.363692808151245
2.3663044969240823
2.371393163998922
2.372254991531372
2.372509225209554
2.375209327538808
2.3785789171854654
2.379123365879059
2.3795175751050315
2.3844793597857157
2.38497816324234
2.3869787494341534
2.387501819928487
2.390151488780975
2.3905448079109193
2.391733125845591
2.391894253094991
2.39416260321935
2.394620911280314
2.396614634990692
2.3974938710530598
2.3994791825612385
2.4007572889328004
2.4009684761365255
2.40420423746109
2.4048152128855387
2.4049977620442706
2.4067156672477723
2.408699031670888
2.408949053287506
2.4152132511138915
2.4161031524340313
2.4174294233322144
2.4188890496889752
2.419377068678538
2.419809071222941
2.4217126806577047
2.425670687357585
2.4259446263313293
2.4271583795547484
2.4305490136146544
2.4315259496370953
2.4328064839045207
2.4334975401560466
2.4359702587127687
2.4360349973042807
2.4393203258514404
2.4421469370524087
2.4437941710154214
2.445718852678935
2.447275372346242
2.449166997273763
2.450569291909536
2.4507668733596804
2.450983941555023
2.454812518755595
2.45637024641037
2.457947647571564
2.459724855422974
2.460400875409444
2.460483606656392
2.4656036098798118
2.466169226169586
2.4664112329483032
2.4664918502171833
2.468562444051107
2.469589960575104
2.470602011680603
2.473165925343831
2.47331311305364
2.4736081043879192
2.4736307581265766
2.4753173629442853
2.4776957591374713
2.4782097220420836
2.4785162011782327
2.4803700844446817
2.4821247895558676
2.483001943429311
2.4837013403574626
2.4843471169471742
2.4844549775123594
2.4863977352778117
2.4869001070658365
2.4869382858276365
2.4887004057566324
2.4908560037612917
2.4913183013598124
2.4930611133575438
2.495081945260366
2.496932248274485
2.497010509173075
2.4984959801038107
2.498821127414703
2.4996060331662497
2.500066566467285
2.500988272825877
2.501213077704112
2.502944310506185
2.5054227272669474
2.505820377667745
2.5078001499176024
2.5079521258672077
2.509090455373128
2.50942022005717
2.510729451974233
2.5116421699523928
2.5146575848261516
2.5151055534680684
2.515116043885549
2.516597334543864
2.517079031467438
2.5182266155878703
2.519707123438517
2.521828265984853
2.52299800713857
2.5237659851710004
2.52401340007782
2.5241050839424135
2.5247764945030213
2.5248017350832623
2.52781537771225
2.532985572020213
2.5365119417508444
2.5375064412752786
2.537655222415924
2.537936500708262
2.539567732810974
2.5406672954559326
2.5406914273897807
2.5406984368960064
2.5450390855471294
2.5451845010121663
2.545725667476654
2.5463770389556886
2.5476357618967693
2.550621485710144
2.5525633692741394
2.5540847897529604
2.5547792593638103
2.5550703485806783
2.556392852465312
2.556608621279399
2.5574184974034626
2.5576876282691954
2.5584676305452985
2.5595759550730386
2.561327274640401
2.56174392302831
2.562038516998291
2.5635889927546183
2.567162303129832
2.567835545539856
2.5679088473320006
2.567957949638367
2.568866157531738
2.568876282374064
2.570499237378438
2.571560597419739
2.5725577155749004
2.574124081929525
2.574759109814962
2.5770686626434327
2.5784990350405375
2.5817352811495464
2.5821722110112506
2.5838889122009276
2.584683056672414
2.5854092955589296
2.5872745156288146
2.587330702940623
2.587396256128947
2.5891597549120586
2.591162447134654
2.5943054993947348
2.596640241146088
2.599101157983144
2.5998092969258626
2.6002602259318035
2.600762355327606
2.601074806849162
2.6020273407300314
2.6054598768552144
2.605629793802897
2.607914372285207
2.609545588493347
2.6116514205932617
2.6118889093399047
2.6128461758295694
2.614650849501292
2.6158491055170696
2.616650958855947
2.6166820844014484
2.617408529917399
2.618691289424896
2.6213906606038413
2.6248563369115194
2.6253206729888916
2.625883416334788
2.6268772443135577
2.62749631802241
2.628009303410848
2.6313451806704204
2.6320830742518107
2.6322319865226746
2.6350882053375244
2.636638808250427
2.6384928703308104
2.639974391460419
2.6418929934501647
2.643073081970215
2.64489928483963
2.646301313241323
2.646799306074778
2.647905480861664
2.648443369070689
2.6484646995862327
2.650220541159312
2.651110017299652
2.6515039364496866
2.653681981563568
2.6560203472773236
2.6569650252660115
2.658463184038798
2.66233678261439
2.6640269915262857
2.665007030963898
2.6655044118563334
2.6670377016067506
2.667215585708618
2.6687206705411275
2.66917001803716
2.6692933400472003
2.6726448853810627
2.674088970820109
2.677678644657135
2.680460814634959
2.6834540645281475
2.68352986574173
2.6887258529663085
2.6905521710713702
2.6906522512435913
2.6922782977422077
2.694449957211812
2.695265301068624
2.6968211929003396
2.698559768994649
2.6995526274045307
2.7026849230130514
2.705686902999878
2.7068750182787578
2.706897954146067
2.707926269372304
2.7080135385195416
2.709251860777537
2.7106970071792604
2.712351461251577
2.716163984934489
2.7190369725227357
2.7202379266421
2.72075568040212
2.722663120428721
2.72428746620814
2.727358325322469
2.7298942685127257
2.7318745533625286
2.731990865866343
2.732020326455434
2.736473552385966
2.736760155359904
2.7379323482513427
2.7392045736312864
2.739305555820465
2.7394357721010842
2.7402408401171368
2.7417473912239076
2.7435259143511455
2.746678864955902
2.7473517855008445
2.7475953896840415
2.7481614112854005
2.7483274141947427
2.7487757086753843
2.7500455458958943
2.751466373602549
2.7529308517773945
2.7542944391568502
2.7556732932726544
2.7557544549306234
2.7564018805821737
2.7594011863072714
2.759947121143341
2.760010627905528
2.7625252683957418
2.7653125723203025
2.767418607076009
2.7684106787045795
2.7684402505556744
2.7728431820869446
2.7729065895080565
2.7732935627301534
2.775143484274546
2.7756186604499815
2.77664217154185
2.777664788564046
2.779629445075989
2.7799097339312238
2.7825259526570636
2.78521116177241
2.785860772927602
2.7878571788469952
2.7886487166086833
2.790823447704315
2.7923563996950787
2.7927316784858705
2.7930991729100545
2.793642775217692
2.793782369295756
2.7957807143529254
2.796881890296936
2.800145415465037
2.801937258243561
2.8029508074124654
2.803431300322215
2.8059028665224712
2.8091929078102114
2.809424650669098
2.811495240529378
2.812159518400828
2.8166401187578836
2.8173725565274554
2.8196882605552673
2.820631670951843
2.8207032521565756
2.8207437952359515
2.822352715333303
2.8239820837974547
2.824488373597463
2.824781648317973
2.825197784105937
2.8283780654271444
2.828472304344177
2.8291897853215535
2.8293262203534444
2.8294559399286907
2.830013120174408
2.834162632624308
2.8354822119077046
2.8365681052207945
2.8367454369862872
2.8381635665893556
2.838731869061788
2.8389193137486775
2.840213946501414
2.84045991897583
2.8405516823132833
2.842083207766215
2.8428365031878156
2.8442622065544128
2.8448197841644287
2.845363672574361
2.848503279685974
2.8490700324376426
2.8498131314913433
2.850723226865133
2.852105184396108
2.852419896920522
2.8540170907974245
2.8567731579144797
2.857778803507487
2.8578343788782754
2.860390583674113
2.861329972743988
2.861973472436269
2.862012791633606
2.863812021414439
2.8639681339263916
2.8640623092651367
2.8644678552945453
2.8676276644070944
2.870867343743642
2.870883591969808
2.8716593027114867
2.8734041770299275
2.874239981174469
2.8785362958908083
2.8797496875127155
2.8809287548065186
2.8816383202870686
2.882404927412669
2.887080999215444
2.8890866875648498
2.889995304743449
2.890313704808553
2.8928332567214965
2.893685547510783
2.8945343852043153
2.8961533665657044
2.8975744326909383
2.9000394503275553
2.9008766969045
2.901258385181427
2.9030603170394897
2.908969787756602
2.9096523761749267
2.91065776348114
2.9110671440760294
2.912235168615977
2.912253419558207
2.916851504643758
2.916908884048462
2.9191772103309632
2.9208350499471027
2.9212975819905598
2.9219448566436768
2.923497172196706
2.925676922003428
2.9262384017308554
2.926989221572876
2.92707222700119
2.9272091587384543
2.9283987561861675
2.930298177401225
2.9305760900179547
2.9316986997922263
2.9317245562871297
2.9337422013282777
2.934410544236501
2.9344887216885884
2.937678559621175
2.9378280321757
2.939671512444814
2.942225499947866
2.943346707026164
2.943850251038869
2.9453139662742616
2.9463555018107095
2.946782068411509
2.9470792492230733
2.948627603054047
2.949993308385213
2.951721501350403
2.9520875453948974
2.95302338997523
2.953409985701243
2.957228140036265
2.960841258366903
2.965448832511902
2.9658178130785626
2.967669951915741
2.968188492457072
2.9691786328951517
2.969963280359904
2.9723636825879414
2.9734084248542785
2.9763103485107423
2.9803059260050455
2.980602538585663
2.9822203636169435
2.983634563287099
2.9880693753560386
2.989759651819865
2.9903876384099326
2.9935558954874675
2.9945250391960143
2.99465887149175
2.9962079087893168
2.9984540581703185
2.998797603448232
2.999089248975118
2.9996888558069865
3.0034571329752606
3.004050540924072
3.0062492291132608
3.007081512610118
3.0137686570485434
3.0144197146097818
3.0163153807322183
3.017015504837036
3.017302103837331
3.018538506825765
3.0220369935035705
3.022293043136597
3.023113699754079
3.0235937555631
3.0243793527285256
3.0265226046244305
3.0271343628565472
3.029189161459605
3.0303597768147785
3.034550710519155
3.035788106918335
3.0384802341461183
3.0387770454088847
3.040727945168813
3.041212471326192
3.042869488398234
3.044109276930491
3.044480113188426
3.0463223258654275
3.0477110266685488
3.0492868065834045
3.0507815996805827
3.0512936234474184
3.052135364214579
3.054416843255361
3.0556858936945597
3.0567731817563373
3.059482816855113
3.059555955727895
3.0612362106641133
3.061433466275533
3.063676178455353
3.063829012711843
3.0651570121447245
3.066321869691213
3.0670329133669534
3.067567217350006
3.0691282391548156
3.0691906332969667
3.06954140663147
3.0718374729156492
3.076775364081065
3.077475885550181
3.079689252376556
3.0797595779101052
3.0809560775756837
3.081646037101746
3.0816839655240376
3.083660332361857
3.085000534852346
3.086722759405772
3.086982250213623
3.0872527996699017
3.0890420357386272
3.092288025220235
3.092445691426595
3.0964385151863096
3.0969658215840656
3.0976435701052347
3.0993385632832844
3.099851695696513
3.1001113176345827
3.1015580455462137
3.1043356617291766
3.1049956043561298
3.1050055583318072
3.107706924279531
3.112468433380127
3.11270805199941
3.113774553934733
3.11382665236791
3.115705927213033
3.1190380295117697
3.1191779136657716
3.1201231280962625
3.122202173868815
3.122783668835958
3.123370631535848
3.1271629412968953
3.1282705744107564
3.129066793123881
3.1294445315996806
3.1321959455808
3.1351250290870665
3.135381829738617
3.1373111327489216
3.137949736913045
3.1382876435915628
3.1385303934415183
3.1388543963432314
3.1410589019457498
3.146596837043762
3.1479990681012473
3.14844886859258
3.149830464522044
3.1500423987706503
3.152229992548625
3.1543403307596845
3.1568810741106668
3.1572914004325865
3.1579427401224773
3.158703394730886
3.159242542584737
3.164206075668335
3.1643855452537535
3.1649815758069355
3.165984658400218
3.1681923906008405
3.1687241593996682
3.169002564748128
3.1710679173469543
3.1712196946144102
3.1721807718276978
3.1730082273483275
3.173067267735799
3.175213627020518
3.175534423192342
3.175909900665283
3.1780970970789593
3.1782350381215414
3.178991270065308
3.1795471986134847
3.1829051772753396
3.1830578128496807
3.184749440352122
3.184761647383372
3.185582240422567
3.1859655062357586
3.187264366944631
3.189330720901489
3.1896093249320985
3.190021725495656
3.1943479736646014
3.196102050940196
3.19663911263148
3.196924177805583
3.197750254472097
3.2027252356211346
3.2028134862581887
3.2037647048632305
3.2042187968889873
3.206373349825541
3.2073190490404766
3.2102235595385236
3.2114851514498395
3.2116897265116373
3.21370902856191
3.2185388803482056
3.2188748478889466
3.219071944554647
3.220519069830577
3.225618577003479
3.226682635148366
3.228082311153412
3.2301186203956602
3.2333031495412192
3.233595629533132
3.235844926039378
3.2368339618047077
3.237938948472341
3.2399502118428547
3.2427448431650796
3.243292721112569
3.2438148736953734
3.243884634971619
3.2444040179252625
3.2454702734947203
3.246317744255066
3.248296256860097
3.251022676626841
3.2521246631940204
3.2544808904329936
3.2552268187205
3.2577145020167033
3.2601104458173116
3.260444696744283
3.2606731414794923
3.261761152744293
3.2639269193013507
3.2641849875450135
3.264644698301951
3.2669116457303367
3.2674488623936973
3.2678054054578145
3.270225977897644
3.2723749836285907
3.272952218850454
3.2752113660176594
3.276570765177409
3.2772648175557455
3.27882418235143
3.2793151179949445
3.279494837919871
3.279519259929657
3.279706617196401
3.2811651825904846
3.2829736948013304
3.283950432141622
3.284511617819468
3.2858747005462647
3.2876573403676352
3.2887954433759052
3.2894134680430094
3.2894506374994914
3.291498072942098
3.2919771671295166
3.292061086495717
3.295663305123647
3.2972247997919717
3.2980254888534546
3.2990026473999023
3.299037718772888
3.300280237197876
3.3005196412404376
3.3005672732988995
3.306672434012095
3.306796109676361
3.310261869430542
3.313661746184031
3.314524233341217
3.31570827960968
3.3193737228711444
3.3195367018381754
3.3220943252245587
3.3221513787905375
3.3235963582992554
3.32610870997111
3.327388409773509
3.3285857240358987
3.33170458873113
3.3319968064626058
3.333625932534536
3.3343730648358663
3.335181458791097
3.336635927359263
3.3387615005175273
3.340377088387807
3.3412980953852336
3.3413702487945556
3.342156934738159
3.3423246423403423
3.3427869081497192
3.3438793857892355
3.345513308048248
3.3458633343378703
3.347873091697693
3.348573390642802
3.3492912014325458
3.351164662837982
3.351182011763255
3.353990296522776
3.3551374077796936
3.3559691945711774
3.356127997239431
3.359291215737661
3.36092601219813
3.362312130133311
3.3634552399317426
3.366227928797404
3.3669113516807556
3.3670897006988527
3.3671315272649127
3.368896194299062
3.3706642150878907
3.3712077140808105
3.3721277594566343
3.372666597366333
3.3761205752690633
3.378000970681508
3.379222377141317
3.3795976360638935
3.3805686950683596
3.3818023363749186
3.3835870107014974
3.384296993414561
3.386412799358368
3.3869139432907103
3.3871527632077534
3.3878928621610007
3.3879971663157145
3.3919974406560263
3.392463219165802
3.3934829433759055
3.3938493688901263
3.394485898812612
3.3960541129112243
3.397202440102895
3.3974443356196087
3.3999516208966574
3.4005291223526
3.4007869760195413
3.401369369029999
3.402508274714152
3.4044877250989276
3.405593796571096
3.4058841307957968
3.4090824723243713
3.4096752127011616
3.4109864195187884
3.4120068391164144
3.412172293663025
3.413005510965983
3.415011775493622
3.4160675326983134
3.4201918522516888
3.4211440801620485
3.42257129351298
3.4263245900472006
3.427592686812083
3.428470234076182
3.42984117269516
3.4306674083073934
3.4311927517255145
3.432476643721263
3.4346516450246174
3.435508139928182
3.4391806364059447
3.4406574964523315
3.4462488611539204
3.44806649684906
3.4485482295354206
3.4495858709017435
3.450684066613515
3.450845928986867
3.452411886056264
3.453543281555176
3.453818615277608
3.4539844393730164
3.4561448891957602
3.4612155119578043
3.4636053999265033
3.4650539636611937
3.4653926491737366
3.4662417928377787
3.469156547387441
3.4704808394114175
3.4710400263468424
3.4747489015261332
3.4757095019022626
3.4762717684110007
3.4782130281130472
3.479053461551666
3.479311700661977
3.479857595761617
3.480733637015025
3.4814432144165037
3.482029604911804
3.484391172726949
3.486934157212575
3.4870574712753295
3.488355199495951
3.490275843938192
3.4918888886769612
3.495128571987152
3.4964694102605183
3.4974318305651346
3.4991567134857178
3.4997175852457683
3.502665404478709
3.5040234486262003
3.5051097949345906
3.505508315563202
3.5069216807683308
3.5082446297009784
3.5089662194252016
3.5090379238128664
3.512066864967346
3.513613180319468
3.5147256016731263
3.5155618667602537
3.5170536478360495
3.519420305887858
3.520206419626872
3.521052591005961
3.522947247823079
3.5232124368349713
3.523727262020111
3.5253328879674277
3.5254237771034242
3.5282857457796735
3.5295517722765606
3.529870394865672
3.530058725674947
3.5327340960502625
3.533670469125112
3.534853974978129
3.5370887915293374
3.5404166340827943
3.5404492537180583
3.541466164588928
3.5425941705703736
3.5427499771118165
3.5448643644650777
3.5449957966804506
3.5492448846499127
3.549251993497213
3.5505513906478883
3.5509230812390644
3.550924591223399
3.5535326997439065
3.55428032875061
3.556552704175313
3.5573250611623126
3.5594899654388428
3.562517269452413
3.5628082036972044
3.5651017586390177
3.5659678975741067
3.5662429253260295
3.5711649378140766
3.5722832361857098
3.572927641868591
3.5735369006792705
3.5757354299227395
3.5761019825935363
3.5762072682380674
3.5788288513819375
3.5806067824363708
3.582203280925751
3.58258402744929
3.5834300994873045
3.5838258703549704
3.5845558365186054
3.5876940886179605
3.589551504453023
3.589690907796224
3.590020243326823
3.5910306572914124
3.591112943490346
3.5914663235346476
3.5915595332781476
3.5929160674413043
3.5956382552782693
3.598077698548635
3.5981871604919435
3.598471697171529
3.5989275177319846
3.6020304838816326
3.60332959095637
3.6044297337532045
3.6049710472424823
3.6054065148035686
3.608503003915151
3.609807725747426
3.610319447517395
3.611689893404643
3.6160743594169618
3.617374932765961
3.622444140911102
3.622827970981598
3.6238754987716675
3.6273888389269513
3.6284957051277162
3.629130478700002
3.630344287554423
3.6308231592178344
3.631203556060791
3.633992004394531
3.634429947535197
3.637897260983785
3.6386879523595175
3.640018053849538
3.6414674679438273
3.6439396182696027
3.6466386238733928
3.6466490109761556
3.647061324119568
3.64766894976298
3.650278715292613
3.6505567908287047
3.651123881340027
3.6540705998738607
3.6548433780670164
3.6558758060137433
3.6562778472900392
3.6578487594922384
3.6600942810376487
3.6604460795720417
3.6619968175888062
3.663458224137624
3.664219391345978
3.6672820727030437
3.668232027689616
3.669408547878265
3.6707623481750487
3.6737999598185223
3.6738489508628844
3.674620540936788
3.675825130939484
3.6761985540390016
3.6803257981936137
3.6807688514391583
3.683196512858073
3.685182003180186
3.6851905584335327
3.6860665996869404
3.6879033048947654
3.6880812605222064
3.692485149701436
3.6943838397661843
3.6955278674761454
3.695630677541097
3.699483637015025
3.6997768600781757
3.700445874532064
3.702618368466695
3.703159813086192
3.7037306904792784
3.7076341191927593
3.7076910972595214
3.708060904343923
3.7092458724975588
3.7104609847068786
3.711114752292633
3.711234990755717
3.711796804269155
3.715113655726115
3.715468994776408
3.7155032952626548
3.717491161823273
3.718381992975871
3.7186187426249186
3.7197992126146953
3.720110841592153
3.720364248752594
3.720647887388865
3.7222893913586934
3.7234368681907655
3.723760664463043
3.723903203010559
3.725759228070577
3.729682226975759
3.7308812220891316
3.7313181201616925
3.731593211491903
3.7325343529383344
3.734156628449758
3.7388569633165996
3.740323241551717
3.7411526719729107
3.744549020131429
3.7454339027404786
3.747129571437836
3.747503391901652
3.747926108042399
3.747972373167674
3.7483499089876813
3.7510806481043497
3.7530631542205812
3.7535550435384115
3.754356869061788
3.755596125125885
3.7558565497398377
3.7561140775680544
3.7568437496821088
3.758859916528066
3.7595003684361776
3.7595576564470927
3.7598484913508097
3.7601226886113484
3.7615107615788776
3.76232697168986
3.762992624441783
3.7634750962257386
3.765752851963043
3.7682466665903727
3.7706712047259012
3.7715243617693583
3.7732418696085612
3.77376708984375
3.7759458581606546
3.7759995539983113
3.7765541195869448
3.7800133069356283
3.780016243457794
3.7830703139305113
3.783660519123077
3.785541657606761
3.7893697659174603
3.789692266782125
3.7906529823939006
3.791902418931325
3.792759684721629
3.7931841254234313
3.79512544075648
3.795227086544037
3.7992909510930377
3.8000628034273785
3.8003822803497314
3.8016786773999534
3.8016899665196737
3.803178608417511
3.805673158168793
3.807725481192271
3.8083172400792438
3.808678984642029
3.8089825948079428
3.8108782211939496
3.8114432454109193
3.811799732844035
3.8151640057563783
3.816615609327952
3.817265737056732
3.8187471906344097
3.8200514952341718
3.820797876516978
3.8216259717941283
3.823095444838206
3.8231603145599364
3.8253395398457846
3.8261086543401084
3.826627250512441
3.8278106013933817
3.8281262874603272
3.8303308049837748
3.8309308886528015
3.8311375856399534
3.831820793946584
3.8333412130673725
3.83612220287323
3.8363131244977313
3.8380752563476563
3.8386594931284588
3.8387975494066873
3.83962219953537
3.840667223930359
3.8426120122273764
3.843904181321462
3.847035078207652
3.8476311763127646
3.848211920261383
3.8483738899230957
3.851364529132843
3.8516242782274883
3.852643398443858
3.8534831682840984
3.8536598006884257
3.85534317890803
3.8559202035268147
3.857831088701884
3.8580953160921734
3.858326784769694
3.8586992502212523
3.859300740559896
3.8594021836916608
3.8595025181770324
3.8606941302617392
3.8617383440335593
3.8623416900634764
3.863452180226644
3.863512925306956
3.8636381427447
3.8657594045003254
3.866174066066742
3.867100787162781
3.8674758076667786
3.8697116136550904
3.8718438784281415
3.8720236817995706
3.873295958836873
3.8737104813257854
3.8749965031941733
3.8760608553886415
3.876308778921763
3.8786661585172015
3.879455320040385
3.880986706415812
3.8857662359873455
3.8865324020385743
3.888372365633647
3.888825456301371
3.889647384484609
3.8908859888712564
3.8910486936569213
3.891448366641998
3.8941357771555585
3.8954944252967834
3.8970829765001933
3.8980953613917033
3.8983647147814433
3.899324973424276
3.899923106034597
3.903831887245178
3.9039617856343587
3.9061168988545734
3.91075298388799
3.91081116994222
3.911221698919932
3.9124777873357135
3.91371382077535
3.9140816569328307
3.9150413076082864
3.9166118065516153
3.9186295668284097
3.9213680982589723
3.92210932970047
3.9231704076131186
3.923209047317505
3.92395068804423
3.92499235868454
3.925676774978638
3.9298075834910073
3.9311619957288104
3.932288197676341
3.9327598333358766
3.933784031867981
3.934914704163869
3.9375449498494466
3.9381173570950825
3.939730433622996
3.9404638210932412
3.9407699863115946
3.9438180526097617
3.9438375075658163
3.9477958202362062
3.9487170616785687
3.94981214205424
3.9500757336616514
3.95150838692983
3.953440264860789
3.9547569433848064
3.9591015299161274
3.9591239293416343
3.960862171649933
3.962227761745453
3.9623536626497904
3.96325656970342
3.963418487707774
3.964741349220276
3.965799136956533
3.966020607948303
3.9667210658391316
3.968012448151906
3.9680553634961444
3.970359178384145
3.9713247815767923
3.972861874103546
3.9730448643366496
3.973233910401662
3.9737542033195496
3.9745106140772504
3.975681169827779
3.9776181817054748
3.978931490580241
3.9793216387430825
3.98183251619339
3.9823930581410725
3.986645730336507
3.988325810432434
3.9890961766242983
3.990566313266754
3.991677685578664
3.9926267822583514
3.9935487508773804
3.993898367881775
3.9939201275507608
3.996170961856842
3.998310748736064
3.998624889055888
4.000366548697154
4.001306879520416
4.003279093901316
4.004898468653361
4.005892654259999
4.006051504611969
4.008302851517995
4.009107565879821
4.009539790948232
4.011658016840617
4.015224222342173
4.016252104441325
4.017331544558207
4.017590618133545
4.020493094126383
4.021488046646118
4.022064630190531
4.023036805788676
4.023231808344523
4.024737195173899
4.027138340473175
4.0272649447123205
4.029079071680704
4.03125475247701
4.032813735802969
4.03383336464564
4.036694423357646
4.038973450660706
4.039680230617523
4.040015780925751
4.041190954049428
4.041721427440644
4.043131216367086
4.045067326227824
4.04540251493454
4.046773115793864
4.046820640563965
4.049170895417531
4.052171889940897
4.052421959241231
4.053070970376333
4.053268158435822
4.053916565577189
4.055087101459503
4.056490810712178
4.056517255306244
4.056778120994568
4.058149373531341
4.059802158673604
4.06017499367396
4.060623502731323
4.060646557807923
4.063700493176778
4.065482648213704
4.0660234252611795
4.066647418340048
4.066696906089783
4.068201971054077
4.068298947811127
4.068538864453633
4.0702661593755085
4.0706876913706465
4.0708223899205525
4.073417107264201
4.074957235654195
4.075578514734904
4.076826671759288
4.077544514338175
4.078289028008779
4.0798896233240765
4.081989165147146
4.082678790887197
4.083008718490601
4.08762221733729
4.087805426120758
4.088730192184448
4.089436296621958
4.090631918112437
4.094672497113546
4.0947524031003315
4.096619300047556
4.099465151627858
4.100073790550232
4.100320374965667
4.103993447621663
4.105514677365621
4.109195439020793
4.1120089570681255
4.114192032814026
4.11525586048762
4.1159836490948996
4.116336286067963
4.11743594010671
4.1181752999623615
4.118352782726288
4.1186749259630835
4.119982858498891
4.121621553103129
4.121991801261902
4.123975217342377
4.124898604551951
4.12673442363739
4.128177611033122
4.128797952334086
4.128902399539948
4.131825415293376
4.13425098657608
4.13623708486557
4.136762881278992
4.136898605028788
4.1402774771054585
4.140531754493713
4.142227331797282
4.144788050651551
4.144987710316976
4.145039761066437
4.145118534564972
4.145252013206482
4.146516398588816
4.148751922448477
4.1488137205441795
4.149308001995086
4.1494824409484865
4.149778695901235
4.154139093557993
4.154593682289123
4.1547673980395
4.154820640881856
4.158307858308157
4.159215680758158
4.1598204374313354
4.160288155078888
4.162348608175914
4.163206990559896
4.165974326928457
4.1665050705273945
4.166594473520915
4.167883038520813
4.1689035852750145
4.171346875031789
4.173860518137614
4.173988004525502
4.176031084855397
4.176301622390747
4.176618035634359
4.178142793973287
4.178157695134481
4.182069150606791
4.183904202779134
4.1848198215166725
4.185226138432821
4.187260421117147
4.187413454055786
4.1902755975723265
4.192946871121724
4.194931308428447
4.196949223677318
4.1982659538586935
4.199165225028992
4.20266975959142
4.2034929672876995
4.204333913326264
4.207684234778086
4.208676115671794
4.211270344257355
4.213437680403391
4.213891732692718
4.21814790169398
4.219337574640909
4.219807235399882
4.223377656936646
4.225267481803894
4.225604259967804
4.22577926715215
4.2304757277170815
4.231649454434713
4.232156908512115
4.232252283891042
4.233287866910299
4.233706374963124
4.237384176254272
4.238030322392782
4.239442213376363
4.241016399860382
4.242406074206034
4.242442758878072
4.24313393831253
4.2434193054835
4.244101377328237
4.244306329886118
4.247564637660981
4.247856771945953
4.249145332972208
4.251741270224254
4.252532569567363
4.252882369359335
4.25731147925059
4.258101483186086
4.2593175331751505
4.259958704312642
4.262853626410166
4.26566542784373
4.266506167252858
4.266639717419943
4.268060644467671
4.269752057393392
4.272523315747579
4.273130281766256
4.277000598112742
4.2775517503420515
4.278138387203216
4.2790042638778685
4.28140564362208
4.28189994096756
4.2819778998692835
4.282558830579122
4.2851731459299724
4.287230491638184
4.28808396657308
4.289397931098938
4.289559014638265
4.291771245002747
4.292012373606364
4.292755508422852
4.2945887287457785
4.294643811384836
4.295450301965078
4.2955318252245585
4.298214089870453
4.2996140122413635
4.3006415367126465
4.303645400206248
4.30525956551234
4.306914734840393
4.307358781496684
4.311086750030517
4.312363012631734
4.3163968880971275
4.316560749212901
4.316671725114187
4.317542457580567
4.319180047512054
4.3194038351376856
4.321352541446686
4.321633617083232
4.321697533130646
4.322319229443868
4.328304998079935
4.3283868392308555
4.330025565624237
4.331294540564219
4.33149919907252
4.331799817085266
4.332104635238648
4.333294685681661
4.33415462176005
4.33619290192922
4.336676386992137
4.338143102327982
4.339042139053345
4.340499786535899
4.342008407910665
4.346244072914123
4.346518321832021
4.346677247683207
4.347685992717743
4.348361921310425
4.350247518221537
4.351569684346517
4.354705659548442
4.354793107509613
4.359641706943512
4.361302308241526
4.363335291544597
4.364613298575083
4.365621229012807
4.3683292150497435
4.370722484588623
4.371242316563924
4.372546438376109
4.3738523602485655
4.375185561180115
4.375237647692362
4.375296223163605
4.37690444389979
4.3795494675636295
4.380705432097117
4.381519095102946
4.382307072480519
4.3830097079277035
4.388190960884094
4.39052410920461
4.393236255645752
4.394284915924072
4.3953957517941795
4.396771987279256
4.396789296468099
4.397321955362956
4.401923926671346
4.402302952607473
4.402329401175181
4.405797763665517
4.4082929491996765
4.408694720268249
4.40913017988205
4.410818016529083
4.411947441101074
4.413591945171357
4.414929179350535
4.415305105845134
4.416936604181926
4.41751887400945
4.418832596143087
4.4194568514823915
4.419530928134918
4.42135001818339
4.421415905157725
4.421533000469208
4.423438545068105
4.424235276381174
4.428369891643524
4.431498563289642
4.432514496644338
4.435174687703451
4.436808737119039
4.437563852469126
4.439462526639303
4.439843702316284
4.444893602530161
4.445102628072103
4.447257812817892
4.448571451505026
4.451475648085276
4.452162464459737
4.457196799914042
4.457983728249868
4.459169475237529
4.460019226868948
4.460223631064097
4.46517721414566
4.465355372428894
4.4659261226654055
4.466028575102488
4.467218391100565
4.472358739376068
4.472485772768656
4.472628470261892
4.473498304684957
4.474035386244456
4.47424883445104
4.477785881360372
4.4812004168828325
4.481559471289317
4.483384565512339
4.483529468377431
4.484756735960643
4.487698721885681
4.488541110356649
4.488768740495046
4.491138776143392
4.492575188477834
4.4933761278788245
4.4948164343833925
4.4958882133166
4.496159076690674
4.496907651424408
4.497332906723022
4.498005922635397
4.499560534954071
4.501735985279083
4.503360664844513
4.50361799399058
4.5061885992685955
4.507075126965841
4.507991961638132
4.50878480275472
4.510825991630554
4.512549034754435
4.512675873438517
4.512715307871501
4.51276394923528
4.512778119246165
4.518044984340667
4.518615460395813
4.51925112803777
4.519407765070597
4.52236598332723
4.522584251562754
4.522851943969727
4.524989942709605
4.526775161425273
4.528749144077301
4.530512408415476
4.531375622749328
4.531986570358276
4.532742245992025
4.536218611399333
4.541047219435374
4.54597362279892
4.546768140792847
4.548999496301016
4.551772133509318
4.552738869190216
4.553435317675272
4.553895004590353
4.559163677692413
4.55929944117864
4.560071897506714
4.561829177538554
4.563096555074056
4.565498614311219
4.567454115549723
4.570107396443685
4.5726896325747175
4.57333242893219
4.575337962309519
4.575758691628774
4.577911265691122
4.578470003604889
4.578982035319011
4.57939962943395
4.581850636005401
4.5836677630742395
4.584871343771616
4.5863341371218365
4.587366843223572
4.589457647005717
4.589627667268117
4.591190683841705
4.591979563236237
4.595509723822276
4.59608963727951
4.597921514511109
4.601437362035115
4.6015061696370445
4.6025966763496395
4.604061659177145
4.6044517715771995
4.604655579725901
4.6054840922355655
4.606245064735413
4.609101716677348
4.611652513345082
4.613935001691183
4.61459272702535
4.614809238910675
4.6151559233665465
4.617243401209513
4.61784987449646
4.6201099554697675
4.62038988272349
4.621279581387838
4.621495910485586
4.624107527732849
4.6263389428456625
4.627988239129384
4.62822448015213
4.629462540149689
4.6317279974619545
4.633443677425385
4.634242451190948
4.634397526582082
4.635244313875834
4.635305217901865
4.635355226198832
4.636592264970144
4.637484184900919
4.639007325967153
4.639360880851745
4.641175305843353
4.642317295074463
4.643803727626801
4.644548964500427
4.644677448272705
4.6454471786816915
4.64841198126475
4.650579905509948
4.650614988803864
4.652372972170512
4.652985572814941
4.65415624777476
4.654725754261017
4.657192361354828
4.657538056373596
4.658484983444214
4.659207959969838
4.6593096653620405
4.661179649829864
4.661461679140727
4.663119280338288
4.665890363852183
4.666456512610117
4.667279922962189
4.668645966053009
4.668756977717082
4.669236286481222
4.6704953789711
4.671179191271464
4.671846568584442
4.672554763158162
4.6743100643157955
4.675691338380178
4.675860623518626
4.676776897907257
4.679108015696207
4.6812934954961145
4.681853425502777
4.684339916706085
4.684696769714355
4.6857096155484514
4.686637353897095
4.690060663223266
4.69141192038854
4.692522406578064
4.694205788771312
4.695008003711701
4.700546363989512
4.701780617237091
4.701783732573191
4.701821839809417
4.702531798680623
4.704972306887309
4.7073105295499165
4.707872740427653
4.7078796108563745
4.708051061630249
4.710795366764069
4.713612675666809
4.713890850543976
4.714131848017375
4.714932441711426
4.71681181192398
4.71770824988683
4.719732983907064
4.720378216107687
4.721188795566559
4.721757145722707
4.722957503795624
4.723864750067393
4.723979663848877
4.726050460338593
4.7272180358568825
4.728040285905203
4.72985387245814
4.73014395236969
4.730646363894144
4.734049999713898
4.734803958733877
4.734881444772085
4.7349865714708965
4.73614589770635
4.737813607851664
4.7401928742726644
4.742546514670054
4.74279183546702
4.742854205767314
4.743626499176026
4.744629148642222
4.75022379954656
4.750280098120371
4.750388741493225
4.751307817300161
4.7519768635431925
4.754283118247986
4.755860507488251
4.758101403713226
4.759214246273041
4.760214451948801
4.762430723508199
4.762618664900462
4.7654017607371015
4.7656747698783875
4.766842329502106
4.7685535510381065
4.768945872783661
4.772999560832977
4.77443653345108
4.776832131544749
4.779326438903809
4.77973860502243
4.7825897336006165
4.782818257808685
4.783425366878509
4.785419400533041
4.785749928156535
4.785769788424174
4.785806938012441
4.786531400680542
4.788413830598196
4.788931894302368
4.789174731572469
4.789689433574677
4.789813494682312
4.793388096491496
4.793501218159993
4.797559463977814
4.798003554344177
4.8008028864860535
4.80102668205897
4.801036699612935
4.803262480099996
4.803845659891764
4.8047072450319925
4.806304438908895
4.80652281443278
4.80749150911967
4.8089297890663145
4.810279591878255
4.811209793885549
4.812070020039877
4.813490621248881
4.813717246055603
4.815705243746439
4.816486616929372
4.817647020022075
4.818209322293599
4.818713478247324
4.8224800745646155
4.823305932680766
4.824263107776642
4.824668312072754
4.829876132806143
4.829895830154419
4.831210323174795
4.832148468494415
4.834837341308594
4.835111018021902
4.835287849108378
4.8359255194664
4.8369171778361
4.837319874763489
4.838067710399628
4.840731271107992
4.8422306180000305
4.842485129833221
4.844415549437205
4.8461709856987
4.846877638498942
4.849788192907969
4.85092480580012
4.851235628128052
4.852078104019165
4.854632194836935
4.85954334338506
4.859580477078755
4.860518483320872
4.860757339000702
4.865285797913869
4.866445394357045
4.867472871144613
4.868031128247579
4.86856369972229
4.870673235257467
4.874444198608399
4.874959508577983
4.876508096853892
4.880511959393819
4.882710444927215
4.884493625164032
4.884557815392812
4.8855850060780845
4.887500075499217
4.887738446394603
4.88849245707194
4.890481372674306
4.892113292217255
4.893580663204193
4.893699514865875
4.89384864171346
4.896381942431132
4.898213847478231
4.898288750648499
4.901392447948456
4.902707934379578
4.903989207744599
4.906744809945424
4.907226383686066
4.910411616166432
4.911922812461853
4.912516176700592
4.913023686408996
4.9130698879559835
4.913769781589508
4.914193638165792
4.916173696517944
4.91653265953064
4.919091900189717
4.919204580783844
4.921922361850738
4.923687895139058
4.927689711252849
4.928362814585368
4.928592312335968
4.930429518222809
4.931101588408152
4.931433439254761
4.9322037180264795
4.932655688126882
4.93281577428182
4.9332550168037415
4.934826437632243
4.936099898815155
4.93652689854304
4.938638361295064
4.939395916461945
4.939866244792938
4.940420202414194
4.945164736111959
4.949018430709839
4.949887891610463
4.9499197443326315
4.9499353766441345
4.95050219297409
4.951276032129924
4.951716860135396
4.9528670946757
4.954051399230957
4.954555686314901
4.9569414258003235
4.9589288910230005
4.959274967511495
4.959967629114787
4.9627494017283125
4.965719278653463
4.96776008605957
4.969189957777659
4.969463888804118
4.971214739481608
4.972972031434377
4.973262592156728
4.973556832472483
4.975969103972117
4.976674858729044
4.978142114480336
4.979242050647736
4.97972062031428
4.9800127426783245
4.983880015214284
4.9846418062845865
4.98851893345515
4.988645589351654
4.988699638843537
4.989587287108104
4.990986402829488
4.992055265108744
4.996937151749929
4.997073721885681
4.998501102129619
4.99889939626058
5.002011601130167
5.002945601940155
5.003466212749482
5.004213706652323
5.004503758748372
5.005697441101074
5.006408409277598
5.0067659934361775
5.007114013036092
5.010981941223145
5.01325010061264
5.014248120784759
5.015510459740956
5.01588548819224
5.016117707888285
5.016799624760946
5.017808183034261
5.018025052547455
5.019294468561808
5.024006021022797
5.024597938855489
5.0252077380816145
5.026620900630951
5.028772469361623
5.028843267758687
5.029994332790375
5.03192222515742
5.032390681902568
5.03254245519638
5.033049670855204
5.034022239844004
5.0343276540438335
5.038662795225779
5.03963133096695
5.041059052944183
5.043021655082702
5.04632443189621
5.0472997824351
5.047417628765106
5.048337201277415
5.049029533068339
5.049324107170105
5.049821658929189
5.0516564766565955
5.052359839280446
5.052403525511424
5.053636161486308
5.054950634638469
5.05803054968516
5.05922729174296
5.061444334189097
5.062079441547394
5.064186958471934
5.065028496583303
5.065257966518402
5.06841063896815
5.069145520528157
5.0705113530159
5.072960019111633
5.0738317211469015
5.074997802575429
5.07546861966451
5.078480660915375
5.078499086697897
5.08044323126475
5.081292291482289
5.081596457958222
5.085576721032461
5.086047573884328
5.0873666405677795
5.087530954678853
5.092497599124909
5.0929681619008385
5.093175538380941
5.093344485759735
5.095258657137553
5.096974591414134
5.0975971976915995
5.098014756043752
5.099110472202301
5.09976388613383
5.099928716818492
5.102810466289521
5.103572201728821
5.104638652006785
5.105500801404317
5.1081483085950214
5.10876495440801
5.1157699982325235
5.11745761235555
5.118037354946137
5.119399897257487
5.12094939549764
5.121058905124665
5.1224846561749775
5.125207654635111
5.127491470177969
5.129395933945974
5.131050932407379
5.1310657103856405
5.133188470204671
5.133938852945963
5.136029561360677
5.138058837254842
5.139763824144999
5.140717848141988
5.1425945520401
5.142681590716044
5.145298719406128
5.146716650327047
5.147864305973053
5.148412235577902
5.150011654694875
5.152064243952434
5.152220102151235
5.152682344118754
5.153191856543223
5.15426166454951
5.155064725875855
5.156739282608032
5.158287934462229
5.159378878275553
5.160017104943593
5.160517104466757
5.161734688282013
5.162300272782644
5.165851974487305
5.166000990072886
5.167913420995077
5.169095357259114
5.1705501516660055
5.170715049902598
5.170891181627909
5.173857271671295
5.174008270104726
5.177121969064077
5.179300816853841
5.179424285888672
5.180646113554636
5.1810586810112
5.181953012943268
5.182713484764099
5.182822167873383
5.184933340549469
5.18845096429189
5.189571932951609
5.190457721551259
5.192012226581573
5.192848098278046
5.1940913438797
5.195573504765829
5.196272516250611
5.198184283574422
5.1987214605013525
5.200188148021698
5.200922214984894
5.201077636082967
5.201536651452383
5.201646037896475
5.203456548849742
5.204459007581075
5.204529368877411
5.205888585249583
5.206708240509033
5.208353010813395
5.2090312242507935
5.210317492485046
5.210385978221893
5.211308864752452
5.212205449740092
5.213515265782674
5.215497672557831
5.216009521484375
5.221322993437449
5.221661428610484
5.2217912952105205
5.222900215784708
5.225311052799225
5.225931505362193
5.226365013917287
5.226963977018992
5.227213501930237
5.231028350194295
5.23300598859787
5.23346548875173
5.234235123793284
5.234862224260966
5.236530955632528
5.236567274729411
5.242820497353872
5.2438309987386065
5.245024025440216
5.245075754324595
5.245729303359985
5.246925310293833
5.248345788319906
5.248830032348633
5.248929560184479
5.250239578882853
5.250546709696452
5.253246963024139
5.253399193286896
5.255349691708883
5.257690862814585
5.258263683319091
5.25937610467275
5.2602143367131555
5.260686401526133
5.2609466751416525
5.261004948616028
5.261255200703939
5.26409771045049
5.264216017723084
5.265722850958507
5.267387612660726
5.268266808986664
5.268362085024516
5.269141201178233
5.26957231760025
5.2710421522458395
5.273499929904938
5.2750541051228845
5.275102663040161
5.275131066640218
5.27641456524531
5.278320201237997
5.27934684753418
5.279962881406148
5.281579120953878
5.28300359249115
5.285259441534678
5.286421612898509
5.286961730321249
5.287181699275971
5.290876829624176
5.292732354005178
5.293663545449575
5.29367376168569
5.294576080640157
5.294617263476054
5.296051931381226
5.296327022711436
5.297911091645559
5.300259061654409
5.301064093907674
5.305299961566925
5.307281907399496
5.307907716433207
5.307951708634694
5.3088022589683534
5.3095583120981855
5.310030869642893
5.312936194737753
5.313610231876373
5.313725964228312
5.3144411245981855
5.314616954326629
5.3164929707845054
5.317963544527689
5.321214822928111
5.322391645113627
5.322415951887766
5.3252375483512875
5.326967839399973
5.327938524881999
5.328267216682434
5.33031454483668
5.332563002904256
5.335272673765818
5.335647388299306
5.335864075024923
5.336329913139343
5.338414148489634
5.339753186702728
5.342744175593058
5.342816694577535
5.3445584058761595
5.345885614554088
5.346317537625631
5.347883363564809
5.349804162979126
5.350732012589773
5.350947153568268
5.352340225378672
5.352989610036214
5.353671435515086
5.354736510912577
5.3562131444613135
5.356303322315216
5.359363571802775
5.360947187741598
5.360963368415833
5.36317366361618
5.364091142018636
5.364423986275991
5.365359417597452
5.366110654671987
5.367633863290151
5.368334197998047
5.369569436709086
5.370249843597412
5.371934513250987
5.372293337186178
5.376428540547689
5.377848386764526
5.379218359788259
5.382628897825877
5.383084881305694
5.383094314734141
5.384062333901723
5.385942721366883
5.38631405433019
5.388804535071055
5.389639067649841
5.3906928698221845
5.391228512922923
5.391276228427887
5.393043577671051
5.394432028134664
5.39463122288386
5.395730642477671
5.3966856042544045
5.397195633252462
5.4002280831336975
5.400502979755402
5.40076668659846
5.4016852378845215
5.40418940782547
5.4053573648134865
5.409640657901764
5.4128383040428165
5.413604299227397
5.414475647608439
5.417404500643412
5.41807579199473
5.419006884098053
5.422138170401255
5.422215449810028
5.425512262185415
5.4261094292004906
5.427053876717886
5.427413169542948
5.43160347143809
5.4330886999766035
5.434497479597727
5.434857495625814
5.435028493404388
5.435909191767375
5.438382828235627
5.439656337102254
5.440438246726989
5.440737581253051
5.4437538663546245
5.444494068622589
5.44716245730718
5.447856537501017
5.448521252473196
5.450338880221049
5.450820239384969
5.45165163675944
5.452787419160207
5.453420174121857
5.454977103074392
5.455078327655793
5.459547662734986
5.459708766142527
5.460348359743754
5.46140806277593
5.461853981018066
5.463135492801666
5.464709997177124
5.464988776048025
5.466062664985657
5.4727147102355955
5.473896471659343
5.474279828866323
5.474896951516469
5.475050310293834
5.478222199281057
5.4785582264264425
5.480109632015228
5.480768807729086
5.481318354606628
5.484339892864227
5.484797104199727
5.48630964756012
5.487221260865529
5.487983465194702
5.490334276358286
5.495364944140117
5.495782725016276
5.497269860903422
5.499112987518311
5.4999135335286455
5.502718595663707
5.5040136814117435
5.509013267358144
5.512367777029673
5.514607568581899
5.515037143230439
5.515120220184326
5.515305423736573
5.517120110988617
5.518904972076416
5.521382570266724
5.5213855067888895
5.521611682573954
5.521964927514394
5.522035257021586
5.522587259610494
5.525129497051239
5.526572306950887
5.528408765792847
5.52955467303594
5.530047543843588
5.53175227244695
5.531799328327179
5.532049779097239
5.532817145188649
5.534807892640432
5.5356932004292805
5.537349275747935
5.5409045100212095
5.5419792572657265
5.543076769510905
5.5430904746055605
5.543169319629669
5.5435602307319645
5.546417661507925
5.546506400903066
5.548512633641561
5.548750372727712
5.54966340859731
5.55154938697815
5.551926875114441
5.553779939810435
5.556356223424276
5.557000382741292
5.557285491625468
5.558390474319458
5.559147381782532
5.561897456645966
5.562438404560089
5.562632914384206
5.564314317703247
5.564353831609091
5.564489948749542
5.565281188488006
5.567517511049906
5.568486285209656
5.56894420782725
5.57057960430781
5.5716969927152
5.571780184904735
5.572045457363129
5.572679845492045
5.573463646570842
5.578161664803823
5.5782883326212565
5.578452209631602
5.580076277256012
5.580973776181539
5.584844140211741
5.586896057923635
5.588430949052175
5.590197277069092
5.592794577280681
5.594611362616221
5.595410760243734
5.59548514286677
5.599205541610718
5.600463819503784
5.600604077180226
5.601056528091431
5.604175003369649
5.60575102965037
5.60799869298935
5.608646603425344
5.609164428710938
5.610053034623464
5.611288154125214
5.6142819881439205
5.615514278411865
5.617722511291504
5.61929037173589
5.621529726187388
5.622428099314372
5.627078823248545
5.627630265553792
5.628522006670634
5.6286075989405315
5.630730128288269
5.630998734633128
5.6324368715286255
5.632818909486135
5.636079394817353
5.637621672948201
5.63830320040385
5.641984097162882
5.642752925554912
5.642939750353495
5.646646006902059
5.6474474430084225
5.648247273763021
5.648270646731059
5.648938981691996
5.649597998460134
5.650976916154225
5.651753151416779
5.652783890565236
5.65512318611145
5.6556296666463215
5.655675637722015
5.656452294190725
5.6602546095848085
5.660503220558167
5.6609227379163105
5.663398504257202
5.664933403333028
5.665103848775228
5.667666490872701
5.669654556115469
5.669949615001679
5.670013471444448
5.670672158400218
5.673084735870361
5.673615173498789
5.6754526734352115
5.677366081873576
5.678969244162242
5.680347164471944
5.6807147781054175
5.681921227773031
5.684154220422109
5.688891084988912
5.689037668704986
5.689231272538503
5.689691364765167
5.692205345630645
5.693343643347422
5.694186917940775
5.694858618577322
5.695012827714284
5.696403070290883
5.697968395551046
5.699632140000661
5.699989954630534
5.700478672981262
5.702891337871551
5.7034452358881635
5.705295356114705
5.705675526460012
5.707289795080821
5.708144052823385
5.70985955397288
5.710758101940155
5.7117041865984595
5.713337270418803
5.713392229874929
5.7152901490529375
5.715830131371816
5.716853904724121
5.718974022070567
5.720429579416911
5.7229898055394495
5.723450497786204
5.723562391599019
5.723818063735962
5.725047059853872
5.7260746916135155
5.727137299378713
5.727319204807282
5.7280275623003645
5.731159349282582
5.73195085922877
5.733765637874603
5.734418527285258
5.735345494747162
5.736881756782532
5.737122742335002
5.738957528273264
5.740295827388763
5.740487054983775
5.744420802593231
5.746705758571625
5.7481067736943565
5.752839342753092
5.753286945819855
5.753789750734965
5.754429058233897
5.755444272359212
5.7575315117836
5.758772774537404
5.758961260318756
5.759055618445078
5.762601518630982
5.762658174832662
5.76391951640447
5.764081398646037
5.764811567465464
5.765453990300497
5.768984150886536
5.769029748439789
5.770014361540476
5.770631349086761
5.773392148812612
5.7738650361696875
5.775409619013469
5.778339314460754
5.780543394883474
5.782123430569967
5.784235231081644
5.784304368495941
5.786569933096568
5.787843406200409
5.7888413349787395
5.791173020998637
5.793181598186493
5.794251183668773
5.794519730408987
5.795574990908305
5.796949724356334
5.79751824537913
5.7978432178497314
5.798717363675435
5.801208098729451
5.803266318639119
5.803348338603973
5.805570673942566
5.8059416055679325
5.8081773320833845
5.8090670267740885
5.809598219394684
5.810061955451966
5.812422653039296
5.815369705359141
5.8165676911671955
5.818465558687846
5.819114371140798
5.820576012134552
5.82215831677119
5.822985855738322
5.825253574053447
5.825811771551768
5.826793654759725
5.8278667291005455
5.827971120675405
5.829915833473206
5.8301777124404905
5.831130568186442
5.834486595789591
5.836070481936137
5.838770846525828
5.8391000906626385
5.83912099202474
5.8396964311599735
5.842269976933797
5.844560698668162
5.848024785518646
5.849579974015554
5.849682398637136
5.8522822737693785
5.8528384327888485
5.853539435068766
5.853909528255462
5.855983583132426
5.856013059616089
5.85917626619339
5.861902129650116
5.862576754887899
5.864689409732819
5.866471525033315
5.871359419822693
5.871695208549499
5.873024598757426
5.873136087258657
5.873155907789866
5.87375111579895
5.874983143806458
5.875594309965769
5.875899716218313
5.876444359620412
5.877384050687154
5.8795891841252645
5.883040658632914
5.883057864507039
5.887552416324615
5.887916175524394
5.889507150650024
5.890337785085042
5.892167143026987
5.8923362215360005
5.892413012186686
5.892461085319519
5.895167505741119
5.896748300393423
5.898080809911092
5.899089515209198
5.900093420346578
5.900355144341787
5.901020193099976
5.90200355052948
5.9033006509145105
5.903672405083975
5.9060207088788355
5.906538728872935
5.908647052447001
5.909454003969828
5.90947972536087
5.911856234073639
5.913889988263448
5.914997704823812
5.915199009577433
5.915819215774536
5.916777348518371
5.918675227959951
5.9192335367202755
5.922432227929433
5.922929581006368
5.923388421535492
5.9241162498792015
5.926910932858785
5.927642444769542
5.928626863161723
5.929491913318634
5.929637591044108
5.931545420487722
5.933316453297933
5.934442679087321
5.9370830178260805
5.93760282198588
5.940337566534678
5.944187426567078
5.944346694151561
5.947377411524455
5.947541737556458
5.947878928979238
5.9499254862467446
5.9504759033521015
5.951138134797414
5.952132678031921
5.954247291882833
5.954687090714772
5.958326717217763
5.958823418617248
5.958923820654551
5.95976486603419
5.961736714839935
5.962018458048503
5.9643336216608684
5.965388270219167
5.965691677729288
5.966792217890421
5.967905072371165
5.971280054251353
5.972214289506277
5.976756167411804
5.979295182228088
5.980893182754516
5.981269796689351
5.981648357709249
5.9819780866305035
5.984888648986816
5.985123407840729
5.986128302415212
5.990015204747518
5.990129276116689
5.992105360825857
5.992800013224284
5.993963249524435
5.994145182768504
5.994203424453735
5.994632391134898
5.997866892814637
5.998157993952433
5.998279492060344
5.999217545986175
5.999445096651713
6.0022660255432125
6.007428371906281
6.007684286435445
6.009103016058604
6.011918834845225
6.012352037429809
6.016707082589467
6.017583819230397
6.01850197315216
6.0189335465431215
6.0192811767260235
6.019819056987762
6.022786370913187
6.025376069545746
6.025852648417155
6.027749117215475
6.0281880060831705
6.028224813938141
6.028487141927084
6.030409888426463
6.031752455234527
6.031844258308411
6.034664976596832
6.03642475605011
6.039113036791483
6.039967505137126
6.0409792304039005
6.042701009909312
6.043921864032745
6.0444299896558125
6.045021156469981
6.046035814285278
6.047348101933797
6.048386490345001
6.049432524045309
6.0500376184781395
6.052407304445903
6.053626143932343
6.0571142633756
6.057137934366862
6.0588164250055945
6.060726435979207
6.060967202981313
6.061661966641744
6.062704229354859
6.06379638115565
6.064467259248098
6.068328070640564
6.06895721356074
6.071084729830424
6.0725138505299885
6.074031873544057
6.075542346636454
6.077187029520671
6.07844778696696
6.0792095303535465
6.079361395041148
6.083257893721263
6.083772277832031
6.084233101209005
6.084239912033081
6.085201267401377
6.086061116059621
6.0864536682764685
6.086872708797455
6.087244574228922
6.088872222105662
6.08941171169281
6.089582105477651
6.091254500548045
6.09425163269043
6.096013073126475
6.097252070903778
6.097620415687561
6.1019553701082865
6.106758244832357
6.107641037305196
6.107956584294637
6.1083397229512535
6.112334454059601
6.112341817220052
6.117205973466238
6.118627933661143
6.12219883998235
6.122548607985179
6.122571055094401
6.124111672242482
6.126991128921508
6.12790158589681
6.128720553716024
6.1294137120246885
6.130777823925018
6.131610035896301
6.13262981971105
6.133628614743551
6.1351723909378055
6.135939983526866
6.136427263418834
6.138838585217794
6.140965318679809
6.1413229902585345
6.141593813896179
6.144158752759298
6.1478800495465595
6.148475817839304
6.150290103753408
6.1503011663754785
6.151490577061971
6.152420051892599
6.152626856168111
6.153012390931448
6.155301495393117
6.156099855899811
6.159234956900279
6.159342022736867
6.159739327430725
6.160582256317139
6.161732943852742
6.162113126118978
6.1630140026410425
6.163612604141235
6.166174022356669
6.168601898352305
6.1706558545430505
6.1707529107729595
6.171454393863678
6.172694118817647
6.173736290136973
6.173987960815429
6.177183210849762
6.177836132049561
6.177936848004659
6.179176433881124
6.180206227302551
6.181025365988414
6.184856057167053
6.1849203189214075
6.1864811182022095
6.187430202960968
6.188898742198944
6.189629046122233
6.191800904273987
6.193611296017965
6.196386329332987
6.196418881416321
6.19769717057546
6.200187476476033
6.2009124755859375
6.2019107937812805
6.202882675329844
6.203801306088765
6.20458505153656
6.205039517084757
6.206185022989909
6.207249633471171
6.209303669134775
6.209784682591756
6.2102502902348835
6.210811177889506
6.212200164794922
6.212331076463063
6.2160508314768474
6.2167331655820215
6.217743277549744
6.218009154001872
6.218101020654043
6.21908989350001
6.221900669733683
6.222089576721191
6.222967159748078
6.224193342526754
6.224279224872589
6.2244212826093035
6.228183849652608
6.228973984718323
6.229746333758036
6.229960501194
6.230895400047302
6.236580924193064
6.237138978640238
6.238237380981445
6.23893270889918
6.240359310309092
6.241065037250519
6.241703259944916
6.242410167058309
6.24607222477595
6.2461302002271015
6.246896529197693
6.247900466124217
6.248528548081716
6.248791170120239
6.251058049996694
6.251498969395955
6.252193629741669
6.253329384326935
6.253564135233561
6.254371817906698
6.254940974712372
6.25500910282135
6.255438578128815
6.2584356983502705
6.258523269494375
6.2585281531016035
6.2600192387898765
6.260402385393778
6.260787745316823
6.261693791548411
6.264078644911448
6.2651132623354595
6.265588970979055
6.267104931672415
6.268942006429037
6.271523241202036
6.272154438495636
6.272340635458629
6.272561299800873
6.274013833204905
6.2741739153862
6.274739368756612
6.274800439675649
6.278257743517558
6.278354581197103
6.282536125183105
6.283749322096507
6.285651767253876
6.286068654060363
6.2866074999173485
6.287768908341726
6.288287218411764
6.289023617903392
6.289120399951935
6.290799073378245
6.29266723394394
6.293869562943777
6.296515468756358
6.296554426352183
6.29748732248942
6.301280053456624
6.305622414747874
6.306370437145233
6.306864190101623
6.307765146096547
6.307856154441834
6.310636945565542
6.311147848765056
6.312220660845439
6.313832457860311
6.313980539639791
6.314022886753082
6.316305780410767
6.317801948388418
6.320440622170766
6.320842576026917
6.321205472946167
6.322092187404633
6.322630341847738
6.323387535413106
6.324292842547099
6.325996609528859
6.327136921882629
6.327948399384817
6.328415246804555
6.330746515591939
6.331149554252624
6.334620833396912
6.335929489135742
6.336510368188223
6.337452948093414
6.337947364648183
6.339951161543528
6.341021072864533
6.341653803984324
6.343955918153127
6.345414201418559
6.346397904555003
6.347064661979675
6.347696995735168
6.347805376847585
6.3486868977546695
6.351807145277659
6.351844787597656
6.352578679720561
6.353742293516794
6.353956921895345
6.3554282784461975
6.356222009658813
6.359184217453003
6.360355106989543
6.362343196074168
6.362999594211578
6.364878265062968
6.365192516644796
6.365347615877787
6.365527753035227
6.366125118732453
6.36768323580424
6.368964199225108
6.372083532810211
6.374995315074921
6.375173111756642
6.377566440900167
6.377741102377573
6.378651507695516
6.381139902273814
6.381574932734171
6.382049401601155
6.382434948285421
6.386151440938314
6.387637376785278
6.387905848026276
6.38817032178243
6.388311775525411
6.389015718301137
6.389136536916097
6.389787157376607
6.39018360376358
6.393220480283102
6.393841663996379
6.3942328810691835
6.397379259268443
6.397543545564016
6.398763688405355
6.400213813781738
6.400425318876902
6.401209716002146
6.401540966828664
6.402243928114573
6.4025524973869326
6.404604017734528
6.406104826927185
6.408202254772187
6.4102490226427715
6.413106334209442
6.416679588953654
6.420077101389567
6.420670549074809
6.421224049727122
6.423453680674235
6.4249750892321265
6.427372928460439
6.428888150056204
6.430331377188365
6.431121587753296
6.4334883213043215
6.436829666296641
6.437326800823212
6.437861092885336
6.438082456588745
6.440242791175843
6.442043165365855
6.443807633717855
6.4450403610865274
6.445193235079447
6.4462101022402445
6.448447604974111
6.450197100639343
6.451004926363627
6.4512810707092285
6.451540052890778
6.4515426794687905
6.452994052569071
6.454229668776194
6.455840814113617
6.457654782136282
6.458167695999146
6.459649733702341
6.459932661056518
6.4625670433044435
6.4642968813578285
6.465296880404154
6.465475702285767
6.467064746220907
6.467384246985118
6.468295089403788
6.470411896705627
6.471487486362458
6.471549661954244
6.4725882093111675
6.473460471630096
6.477618066469828
6.478611365954081
6.482277282079061
6.483222091197968
6.487327273686727
6.48795778354009
6.488574274381002
6.4887305974960325
6.488987199465433
6.489226806163788
6.491612462202708
6.492096269130707
6.494176562627157
6.495665355523427
6.496184305349986
6.496403932571411
6.49658579826355
6.500813567638398
6.501554600397745
6.502736536661784
6.502975074450175
6.503535572687785
6.506946118672689
6.507471851507822
6.507644565900167
6.51090122461319
6.511027427514394
6.51229807138443
6.512466037273407
6.5126158714294435
6.514233056704203
6.51463026603063
6.516007868448893
6.516222484906515
6.518865350882212
6.518871164321899
6.520317006111145
6.5247564236323035
6.526841866970062
6.526940659681956
6.527245183785756
6.528780953089396
6.5296166896820065
6.5299567977587385
6.5346237301826475
6.5376070181528725
6.5383877913157145
6.54054791132609
6.541617174943288
6.541711699962616
6.541718546549479
6.5430557807286585
6.5430708487828575
6.543620196978251
6.545648658275605
6.546535257498423
6.547576216856639
6.5481579860051475
6.548174639542897
6.550652631123861
6.5532898505528765
6.5536505858103435
6.554426538944244
6.5544659415880835
6.555236268043518
6.555615345637004
6.557319907347361
6.558204162120819
6.558463505903879
6.559319909413656
6.561522547403971
6.564007012049357
6.564136024316152
6.564928555488587
6.565325967470804
6.566757222016652
6.568733167648316
6.569462132453919
6.570560558636983
6.5710797786712645
6.572562269369761
6.572945078214009
6.573927108446757
6.575088159243266
6.575232338905335
6.575578836599986
6.575819178422292
6.576936328411103
6.579346930980682
6.579367653528849
6.582049059867859
6.582163445154825
6.583226950963338
6.584675629933675
6.5846964041392
6.5871788501739506
6.5871866265932715
6.588459765911102
6.588845427831014
6.589983065923055
6.592009913921356
6.592285088698069
6.592436500390371
6.59289174079895
6.593020264307658
6.595131365458171
6.59946049451828
6.5998254179954525
6.601716021696727
6.604686832427978
6.606390913327535
6.607992947101593
6.60866707166036
6.609229282538096
6.609518384933471
6.6130270719528195
6.614060787359874
6.616055421034495
6.616638195514679
6.6179720481236775
6.619538342952728
6.62114177942276
6.622542444864909
6.623111414909363
6.623331391811371
6.623453521728516
6.623812977472941
6.623947107791901
6.624714465936025
6.626372222105662
6.629846680164337
6.63093409538269
6.63109279870987
6.632008695602417
6.632603160540262
6.6334629575411475
6.633586613337199
6.638038023312887
6.638104355335235
6.6396316965421045
6.639770301183065
6.64162491162618
6.643963654836019
6.64404106537501
6.646640984217326
6.647779643535614
6.648221989472707
6.649635656674703
6.650860913594564
6.650977043310801
6.651380320390065
6.65233602921168
6.653335320949554
6.653359222412109
6.655982955296834
6.65673231681188
6.657574939727783
6.657922641436259
6.66217037041982
6.6643782218297325
6.664733636379242
6.665159420172373
6.6654048482577
6.666216484705607
6.667604573567709
6.668112111091614
6.6687306960423784
6.671605006853739
6.672091535727183
6.672680489222208
6.673911682764689
6.675189840793609
6.675339841842652
6.676984548568726
6.677985243002573
6.678031011422475
6.679213217894236
6.6805972774823505
6.681651826699575
6.681688459714254
6.685560464859009
6.685565102100372
6.687286388874054
6.689795780181885
6.6917080760002134
6.692450984319051
6.693611192703247
6.693640172481537
6.694936196009318
6.694963033994039
6.695398767789205
6.697088925043742
6.69861691792806
6.7007860740025835
6.701425258318583
6.701726273695628
6.702797297636668
6.702890960375468
6.7040389696756995
6.7052867333094275
6.705552268028259
6.705961529413859
6.706415069103241
6.706857832272847
6.7076996803283695
6.708194732666016
6.709431191285451
6.710466384887695
6.7108424266179405
6.711018741130829
6.71573893626531
6.716102576255798
6.716212491194407
6.7162913878758745
6.716542259852091
6.7167171796162926
6.717766082286834
6.720863715807597
6.721068775653839
6.721302251021068
6.722357094287872
6.72416785955429
6.725130148728689
6.725640916824341
6.72653789917628
6.727451237042745
6.728917860984803
6.731318577130636
6.731988461812337
6.735375038782755
6.735577801863353
6.736623231569926
6.736943709850311
6.739335727691651
6.740814590454102
6.741138772169749
6.741295838356018
6.742888689041138
6.742900756994883
6.748269863923391
6.749729021390279
6.750507374604543
6.750555674235026
6.751730024814606
6.751790841420491
6.753575340906779
6.753599564234416
6.753997464974721
6.754380238056183
6.75560895204544
6.756495734055837
6.7586027900377905
6.759115862846374
6.760511799653371
6.760780223210653
6.761737557252248
6.764263657728831
6.765902936458588
6.766060785452525
6.768803962071737
6.76937133471171
6.769883402188619
6.7705128987630205
6.77055401802063
6.7718286116917925
6.77558909257253
6.776015118757884
6.777962168057759
6.7804048418998715
6.781904125213623
6.782428387800852
6.782673716545105
6.78384622335434
6.785129813353221
6.786688280105591
6.787001001834869
6.788170834382375
6.789644261201222
6.79175013701121
6.792610975106557
6.793109917640686
6.797532677650452
6.799473933378855
6.8030776381492615
6.80488418340683
6.805415260791778
6.806710958480835
6.808027176062266
6.809561936060588
6.809658976395925
6.809688719113668
6.811383068561554
6.813308556874593
6.8138665119806925
6.81630429426829
6.816423726081848
6.817491451899211
6.8211749712626135
6.821700040499369
6.822534263134003
6.822905651728312
6.824512887001037
6.825641620159149
6.8263355731964115
6.827559920152028
6.828981792926788
6.829721756776174
6.830542620023092
6.830721048514048
6.831502389907837
6.835824843247732
6.836062363783518
6.838021314144134
6.838809478282928
6.844213700294494
6.844318521022797
6.8443861921628315
6.844526410102844
6.845372796058655
6.845641128222147
6.8492807149887085
6.8514668067296345
6.851984981695811
6.852514819304148
6.853567067782084
6.85392522017161
6.8551154692967735
6.8570893486340845
6.8595589319864905
6.860138086477916
6.8604839245478315
6.86057809193929
6.860727767149608
6.861713337898254
6.863223445415497
6.863659648100535
6.863804837067922
6.864680151144664
6.865712054570516
6.867870672543844
6.8687739411989845
6.869863406817118
6.869883112112681
6.870079473654429
6.870094664891561
6.872274219989777
6.875514777501424
6.875596698125204
6.878011969725291
6.8780309120814005
6.878176379203796
6.879240274429321
6.879746278127034
6.8801668047904965
6.880673237641653
6.881164181232452
6.882554189364115
6.883208020528158
6.884684884548188
6.886180996894836
6.886344973246256
6.887395803133646
6.889010214805603
6.889663859208425
6.890947850545247
6.893265084425608
6.8938926180203755
6.894101289908091
6.895281120141347
6.895907545089722
6.896574060122172
6.900966687997182
6.901582177480062
6.902160187562306
6.9045111536979675
6.904586966832479
6.906938656171163
6.909296536445618
6.910877847671509
6.911496404806773
6.914246225357056
6.915893721580505
6.916450544198354
6.916653684775034
6.918240129947662
6.91840398311615
6.920240875085195
6.920523361365
6.922615647315979
6.922797008355459
6.92629140218099
6.926643200715383
6.928174821535746
6.928705700238546
6.928783921400706
6.928918087482453
6.930170571804046
6.930936121940613
6.933643436431884
6.9341359496116635
6.9344959934552515
6.936459215482076
6.936889290809631
6.938492472966512
6.9388489603996275
6.94071675936381
6.941141442457835
6.942558717727661
6.942936889330546
6.942995170752208
6.9449556072553
6.947823206583659
6.948469003041585
6.950478557745615
6.95675992568334
6.9571786403656
6.958786304791769
6.960540648301443
6.962432372570038
6.962670230865479
6.963736339410146
6.965628413359324
6.966040146350861
6.967313241958618
6.9674635569254555
6.969284590085348
6.96991677681605
6.9703963478406274
6.973327831427256
6.973613997300466
6.975103235244751
6.975967315832774
6.977398316065471
6.981091078122457
6.981344294548035
6.981400907039642
6.981980828444163
6.984353868166606
6.9848649263381954
6.984888645013173
6.98903067111969
6.9905456105868025
6.994056495030721
6.994233500957489
6.994691888491313
6.996124096711477
6.9968677163124084
6.997383352120718
6.997826182842255
7.000936420758565
7.00132204691569
7.003771762053172
7.004016733169555
7.006249777475992
7.007044100761414
7.008424178759257
7.009088214238485
7.010736497243245
7.010951908429464
7.012616511185964
7.013977070649465
7.015138796965281
7.015632629394531
7.017530182997386
7.018401833375295
7.019149323304494
7.020021895567576
7.020896212259928
7.020906901359558
7.022094714641571
7.02316278219223
7.0235454122225445
7.023750901222229
7.023982775211334
7.026540342966715
7.026942666371664
7.027049116293589
7.030140888690949
7.031304430961609
7.031611637274424
7.033657884597778
7.033671673138937
7.035256214936575
7.03744201262792
7.038160701592763
7.039072732130687
7.03970293601354
7.04092983007431
7.042344387372335
7.042679083347321
7.042808302243551
7.0432133634885155
7.048748441537222
7.050592784086863
7.050673842430115
7.052170896530152
7.054318169752757
7.055368582407634
7.055487660566966
7.057906500498453
7.060851411024729
7.0613067030906675
7.064270544052124
7.065652867158254
7.066429464022319
7.068157800038656
7.070314351717631
7.072322483857473
7.072682952880859
7.077423703670502
7.0782191276550295
7.083682342370351
7.08413253625234
7.084224307537079
7.087657070159912
7.0888713558514915
7.090437972545624
7.092409845193227
7.094321862856547
7.095427441596985
7.095807592074077
7.098207966486613
7.0982905666033425
7.0985683560371395
7.100436111291249
7.102113437652588
7.102166851361592
7.103114461898803
7.104107785224914
7.109248956044515
7.110772836208343
7.11137422323227
7.111959862709045
7.113302767276764
7.114626455307007
7.115096783638
7.118983014424642
7.11941381295522
7.12011372645696
7.120589145024618
7.121523435910543
7.12445851167043
7.125906952222189
7.128044656912485
7.129933766523997
7.130853041013082
7.132392434279124
7.132984320322673
7.133555825551351
7.1335631847381595
7.139174739519755
7.141458849112193
7.144302109877269
7.145037333170573
7.147779595851898
7.148622874418894
7.149548633893331
7.149634591738383
7.155409959952037
7.155431512991587
7.155462145805359
7.156356263160705
7.158092053731282
7.160518991947174
7.165264681975047
7.165737322966257
7.165776113669078
7.168713327248891
7.171613331635793
7.174852120876312
7.175467936197917
7.1759916623433435
7.176967410246531
7.177804279327392
7.179092685381572
7.181630452473958
7.182117954889933
7.183584900697072
7.183971575895945
7.188863794008891
7.189987655480703
7.194995001951853
7.195743683973948
7.195823268095652
7.197159357865652
7.199705561002095
7.200600322087606
7.201136541366577
7.202597053845723
7.204437212149302
7.206574177742004
7.207353389263153
7.209941216309866
7.211246267954508
7.2113629619280495
7.219173367818197
7.219459744294484
7.221810026963552
7.223701687653859
7.2263221065203345
7.227409529685974
7.227610234419505
7.231135276953379
7.23346389134725
7.233717596530914
7.233941360314687
7.235674921671549
7.238654490311941
7.239214511712392
7.242913301785787
7.243902393182119
7.247357896963755
7.250203426678976
7.254209252198537
7.255132699012757
7.255503114064535
7.255540851751963
7.258437021573385
7.2610106865564985
7.26121887365977
7.261264677842458
7.264406851927439
7.265364027023315
7.26695990562439
7.271349807580312
7.2723908503850305
7.278373499711354
7.279466235637665
7.280039985974629
7.285469484329224
7.289174779256185
7.292660494645436
7.293365601698557
7.298883807659149
7.30555237531662
7.306339955329895
7.308518787225087
7.311478320757548
7.312063046296438
7.3123093525568645
7.313488356272379
7.3136952996253966
7.316003227233887
7.320330969492594
7.324066030979156
7.325018727779389
7.3255874474843345
7.327619842688242
7.330064817269643
7.3348922491073605
7.337006942431132
7.33743447860082
7.3399946928024296
7.34254576365153
7.34282154639562
7.345693882306417
7.346811477343241
7.347033623854319
7.3504406650861105
7.356064756711324
7.3570091684659324
7.357314916451772
7.35908689101537
7.361460340023041
7.3684149265289305
7.368851749102275
7.371024405956268
7.3723554611206055
7.374507610003153
7.374759256839752
7.3777440627415976
7.378632068634033
7.379771157105764
7.380379366874695
7.380487378438314
7.383565783500671
7.386289032300313
7.386407033602397
7.388911541302999
7.390555699666341
7.391775298118591
7.393509805202484
7.395697935422262
7.3978598316510515
7.398255987962087
7.400233268737793
7.406745727856954
7.408360040187835
7.410019107659658
7.411149191856384
7.411669909954071
7.4121688803037005
7.41626097758611
7.416851202646892
7.419079554080963
7.419969284534455
7.423131656646729
7.423907633622488
7.42901896238327
7.429255779584249
7.431094721953074
7.4319032828013105
7.432589431603749
7.43397829135259
7.434685174624125
7.436084159215292
7.438822607199351
7.440062268575033
7.443379366397858
7.443946389357249
7.451467049121857
7.455864421526591
7.456253230571747
7.45710338751475
7.461692313353221
7.4634304404258724
7.466511364777883
7.467290687561035
7.468094654877981
7.469326865673065
7.471800899505615
7.4756062189737955
7.477003665765126
7.477148401737213
7.480322873592376
7.482819310824076
7.484434099992116
7.4880825479825335
7.490430633227031
7.493006066481272
7.494587779045105
7.494937733809153
7.4957248369852705
7.497832997639974
7.498717923959096
7.502280720074972
7.503865075111389
7.504975827534993
7.50535446802775
7.507713592052459
7.508164278666178
7.513696126143137
7.518032443523407
7.52017332315445
7.520176510016124
7.52210074265798
7.525250705083211
7.525576913356781
7.52564210096995
7.529365412394205
7.5298001885414125
7.532845914363861
7.534395396709442
7.536273435751597
7.537578499317169
7.538169233004252
7.542542246977488
7.54272807041804
7.54667695760727
7.551543951034546
7.553328545888265
7.556280251344045
7.55646288394928
7.557354235649109
7.557757314046224
7.5623007615407305
7.5659531911214195
7.566401811440786
7.567970871925354
7.569375133514404
7.5700442552566525
7.578592216968536
7.581239008903504
7.583366811275482
7.583760523796082
7.584871296087901
7.586054042975108
7.588513255119324
7.591899557908376
7.594012761116028
7.594476556777954
7.595933961868286
7.597299321492513
7.598023176193237
7.59859531323115
7.6002423644065855
7.601843778292338
7.602900743484497
7.603445367018382
7.6053348779678345
7.605609822273254
7.610159262021383
7.61115787823995
7.61270983616511
7.613122908274333
7.614298852284749
7.61473669608434
7.616211080551148
7.618352313836415
7.618987866242727
7.620463879903157
7.627146104971568
7.627713910738627
7.627716791629791
7.628310016791025
7.630875134468079
7.6321499109268185
7.633863615989685
7.635781006018321
7.637503643830617
7.639436201254527
7.644295195738475
7.6453046798706055
7.645345028241476
7.6481152176856995
7.650051518281301
7.650722495714823
7.652326591809591
7.655982339382172
7.656067971388499
7.656336398919423
7.658938801288604
7.663300760587057
7.6681468963623045
7.668907344341278
7.6715403437614444
7.672588411966959
7.672939360141754
7.674423329035441
7.67752594947815
7.678726359208425
7.67981291214625
7.6814103603363035
7.681574058532715
7.684027294317882
7.68537704149882
7.691004765033722
7.6910595536232
7.693108638127645
7.694427748521169
7.696483031908671
7.696814250946045
7.701289757092794
7.7021574894587195
7.702404208978018
7.704687794049581
7.706062654654185
7.709901881217957
7.712600406010946
7.716109792391459
7.716144220034281
7.717540307839712
7.7175856868426
7.718721425533294
7.719751409689585
7.721347320079803
7.723019782702128
7.723296046257019
7.728174706300099
7.729446562131246
7.730324824651082
7.734592056274414
7.734895904858907
7.737945830821991
7.7410343011220295
7.742491888999939
7.74303620258967
7.743246948719024
7.746599578857422
7.747003833452861
7.748067911465963
7.751581346988678
7.752660322189331
7.755955227216085
7.7631932655970255
7.76591063340505
7.76678607861201
7.767899131774902
7.773653666178386
7.7786979873975115
7.779103410243988
7.781200134754181
7.78225744565328
7.783346649010976
7.78518461783727
7.785217297077179
7.787700021266938
7.787786642710368
7.788657780488332
7.793135384718577
7.793319916725158
7.796313389142354
7.796982455253601
7.797420295079549
7.803370197614034
7.804491770267487
7.8064250469207765
7.810023852189382
7.810682197411855
7.81085790793101
7.814484238624573
7.818267770608267
7.818747262159984
7.819223805268606
7.820334796110789
7.82202619711558
7.831065328915914
7.834934322039286
7.838119713465373
7.840410796801249
7.842543486754099
7.84765799442927
7.850217187404633
7.853855729103088
7.854451553026835
7.860085030396779
7.862478502591451
7.862834401925405
7.864540155728658
7.868001004060109
7.868035916487376
7.871774959564209
7.873697956403096
7.8740414460500086
7.875927023092905
7.87897629737854
7.879814982414246
7.880826699733734
7.885602581501007
7.885839060942332
7.892408076922099
7.895680892467499
7.8965731700261435
7.897082757949829
7.900475792090098
7.902828605969747
7.907669488588969
7.910268517335256
7.917235521475474
7.91936469078064
7.920218849182129
7.920532425244649
7.923978773752848
7.924418214956919
7.9285621245702105
7.928739945093791
7.930792240301768
7.931372614701589
7.933880201975504
7.939206596215566
7.944400640328725
7.947819105784098
7.949155712127686
7.953268746534984
7.96173947652181
7.963341887791952
7.970753808816274
7.972327069441477
7.974078015486399
7.974922291437784
7.98216712474823
7.985128092765808
7.990475964546204
7.991261617342631
7.9926790754000345
8.002028314272563
8.004099627335867
8.005233426888784
8.009795188903809
8.011082307497661
8.014064955711365
8.016556290785472
8.017908457914988
8.026087379455566
8.028607233365376
8.031988406181336
8.0357457836469
8.037672317028045
8.038531200091045
8.039518217245737
8.04036499261856
8.043514959017436
8.044585386912027
8.047357336680095
8.04937017361323
8.057047482331594
8.070684973398844
8.07175645828247
8.07340049346288
8.07917990287145
8.081676212946574
8.081892768541971
8.08622839053472
8.094848084449769
8.09699625968933
8.098428281148275
8.098492248853047
8.105674238999685
8.108316206932068
8.110152967770894
8.115600864092508
8.118007707595826
8.118396059672039
8.126934587955475
8.129391312599182
8.131424101193746
8.131528369585673
8.134489711125692
8.136263231436411
8.13825440009435
8.141716909408569
8.141989302635192
8.144595166047415
8.145280146598816
8.146792447566986
8.147573892275492
8.148256933689117
8.15035303036372
8.1519291639328
8.152979214986166
8.154411911964417
8.159333531061808
8.160653698444367
8.166475065549214
8.169177027543386
8.171007307370504
8.175277256965638
8.177531699339548
8.179262709617614
8.18055358727773
8.182147332032521
8.191839643319447
8.194592730204265
8.194605108102163
8.19700682957967
8.199029501279195
8.201662886142731
8.20398682753245
8.204350471496582
8.209652912616729
8.212346756458283
8.212542585531871
8.214541602134705
8.21828335126241
8.219236779212952
8.220796497662862
8.226177442073823
8.22846493323644
8.230833947658539
8.232523202896118
8.232879793643951
8.234128510951995
8.24033019542694
8.242993311087291
8.243350100517272
8.253585557142893
8.254725484053294
8.261407701174418
8.261463069915772
8.261687207221986
8.264375201861064
8.265323758125305
8.270243227481842
8.27246887286504
8.276729329427083
8.278772842884063
8.2791477282842
8.284658352533976
8.287279804547628
8.290496603647869
8.29070231517156
8.293705681959787
8.294228796164195
8.29629633029302
8.298287340005238
8.300692025820414
8.302867194016775
8.304979558785757
8.305032265186309
8.306236040592193
8.3092329065005
8.311195476849873
8.312306733926137
8.313315212726593
8.318768775463104
8.320362575848897
8.321041496594747
8.322581815719605
8.324665947755177
8.327174778779348
8.333962655067443
8.33447941939036
8.336321818828583
8.33698123296102
8.341388487815857
8.346101593971252
8.347396449247997
8.347778832912445
8.350904091199238
8.353668367862701
8.357099298636118
8.359474623203278
8.362503894170125
8.364098433653513
8.36544583638509
8.365795660018922
8.369810922940571
8.372064447402954
8.372659095128377
8.373393476009369
8.37785092194875
8.379156871636708
8.379791549841563
8.381842362880707
8.382843871911367
8.384612532456716
8.385662225882212
8.387781651814779
8.389245891571045
8.38980873823166
8.391048284371694
8.398222315311433
8.399727594852447
8.402190275986989
8.40311139424642
8.404919787247975
8.410148457686107
8.41040020386378
8.410762453079224
8.4159379641215
8.419527328014373
8.42267324924469
8.426593911647796
8.430483690897624
8.435751092433929
8.436179924011231
8.437579266230266
8.439945352077483
8.44307320912679
8.449394114812215
8.45114397207896
8.453081083297729
8.453810242811839
8.46233255068461
8.463308517138163
8.464230839411417
8.465552767117819
8.46658560037613
8.472570447127024
8.474447357654572
8.476618659496307
8.477038848400117
8.48114977677663
8.486077217260997
8.49347498814265
8.49361757437388
8.500452919801075
8.500699543952942
8.505906180540721
8.509123945236206
8.509405291080474
8.511050236225127
8.515436840057372
8.51977298259735
8.52088082631429
8.522017467021943
8.525912511348725
8.528233722845714
8.536199688911438
8.538023149967193
8.53814449707667
8.538675665855408
8.54526492357254
8.558441646893819
8.55844802459081
8.559871033827465
8.565628258387248
8.566344626744588
8.57857968012492
8.5795818567276
8.583319290479023
8.583518171310425
8.584508987267812
8.58841602007548
8.592658392588298
8.596932741006215
8.598313760757446
8.601226913928986
8.607107436656952
8.61456900437673
8.616624458630879
8.620105230808258
8.6202379544576
8.626452513535817
8.629507088661194
8.6330180088679
8.635121953487396
8.644125600655874
8.64634776910146
8.659691989421844
8.665668280919393
8.666417308648427
8.669929027557373
8.671770298480988
8.676938883463542
8.683950209617615
8.689037613073985
8.69102722009023
8.694609196980794
8.698818361759185
8.710426497459412
8.712873824437459
8.71383144458135
8.718998074531555
8.722641321023305
8.723968760172527
8.734989023208618
8.739446433385213
8.743645370006561
8.744198648134867
8.745756967862446
8.755387930075328
8.758369342486064
8.762368373076121
8.764577464262645
8.769328459103901
8.770620079835256
8.776344243685404
8.777984352906545
8.782403993606568
8.787642018000286
8.795526874065398
8.801263411839804
8.804544254144032
8.805296905835469
8.811768996715546
8.814039127031963
8.820283444722493
8.82226791381836
8.831756806373596
8.835143887996674
8.837549654642741
8.84118842681249
8.849814653396606
8.85320958296458
8.855610525608062
8.862965778509777
8.870132489999135
8.871857662995657
8.87454522450765
8.88107320467631
8.887593845526377
8.888759140173594
8.892549161116282
8.893513230482737
8.899770704905192
8.906482017040252
8.906685276826222
8.912376666069031
8.912546789646148
8.921509516239166
8.928470945358276
8.944582152366639
8.945339687665303
8.945564130942026
8.952405834197998
8.956382302443187
8.956779404481251
8.958203812440237
8.959942690531413
8.960719760258993
8.963680382569631
8.967268800735473
8.970593611399332
8.975922699769338
8.979163511594136
8.982923487822214
8.984850788116455
8.986304938793182
8.994826630751293
8.997188289960226
9.000383404890696
9.006062865257263
9.008926292260488
9.015955710411072
9.017114555835724
9.019269744555155
9.019924704233805
9.031562872727712
9.032592157522837
9.03846752246221
9.0400701324145
9.040549810727438
9.04255223274231
9.047971614201863
9.055060068766275
9.055628597736359
9.065590302149454
9.068620014190675
9.07431450287501
9.076148601373037
9.077144289016724
9.082673573493958
9.089809664090474
9.09454980691274
9.09504611492157
9.09973585208257
9.102645313739776
9.105515285332997
9.111572456359863
9.115597172578175
9.115673633416494
9.120722468694051
9.123714832464854
9.125333368778229
9.125829072793325
9.13058063586553
9.133142141501109
9.134334727128346
9.139163597424824
9.140074344476064
9.146335875988006
9.15223902463913
9.159269332885742
9.162653303146362
9.165276300907134
9.168198601404827
9.177218759059906
9.180055689811706
9.18323230346044
9.189993739128113
9.198458850383759
9.205803151925405
9.210123062133789
9.218031895160674
9.218659770488738
9.222944911321004
9.225717806816101
9.226248009999592
9.229281572500865
9.234090300401052
9.241467452049255
9.247090236345928
9.247260053952536
9.247477674484253
9.254749504725138
9.256769649187724
9.265216382344564
9.267405025164287
9.267653139432271
9.272382787863414
9.274351827303569
9.276060370604197
9.281141841411591
9.287010618050893
9.291927794615427
9.305663267771402
9.30750494003296
9.3179256995519
9.318613004684448
9.32216380437215
9.330614185333252
9.340190517902375
9.341213909784953
9.349176116784413
9.354063657919566
9.35689928929011
9.364608045419057
9.365191511313121
9.373118738333384
9.380323672294617
9.38159373998642
9.389501023292542
9.39718227783839
9.401147548357645
9.405694139003753
9.417172718048096
9.42141146659851
9.440214490890503
9.45308712720871
9.457059188683827
9.458958415190379
9.467624421914419
9.468450435002644
9.474257973829905
9.481342502435048
9.488999752203624
9.491095014413197
9.497305083274842
9.498138312498728
9.509942146142324
9.51409726937612
9.51487874587377
9.530969365437825
9.543828900655111
9.545835129419963
9.552356664339701
9.565688292185465
9.56774167617162
9.573641391595205
9.587279550234477
9.603046317895254
9.607875645160675
9.618261969089508
9.622691122690837
9.628135069211323
9.636367384592692
9.654690790176392
9.670583597819011
9.677901323636373
9.683725957075755
9.686548312505087
9.69990741411845
9.710024933020273
9.711656463146209
9.718614463011424
9.729838184515636
9.737638262907664
9.745144029458364
9.765026048819225
9.768848061561584
9.772532951831817
9.779995000362396
9.788368237018584
9.795159657796225
9.796588253974914
9.800785871346791
9.808769583702087
9.809391025702158
9.8184583902359
9.819732876618703
9.823328812917074
9.840233365694681
9.84294782479604
9.851056679089863
9.851409880320231
9.85635149081548
9.871343970298767
9.874853694438935
9.87748521566391
9.880876624584198
9.882161764303843
9.88523983558019
9.89240980943044
9.90633639494578
9.916417996088663
9.920628448327383
9.925483095645905
9.936513233184815
9.940206027030944
9.951547312736512
9.967695693174997
9.980782727400461
9.986921139558156
9.998521745204926
10.008098785082499
10.012767521540324
10.016259117921193
10.024693163235982
10.040450922648112
10.043368868033092
10.055223480860393
10.056252185503642
10.063135937849681
10.070302180449168
10.076960249741871
10.081062253316244
10.094488366444905
10.096288259824117
10.102757434050242
10.108760913213095
10.121774593989054
10.127666489283245
10.134175686041514
10.138713415463766
10.158929185072582
10.160557107130687
10.176615925629934
10.179748062292735
10.188073249657949
10.193916312853496
10.210779802004497
10.218482700983683
10.219629383087158
10.226874935626984
10.24357834259669
10.24476093451182
10.257208271821339
10.264909239610036
10.274584360917409
10.276596573988597
10.28138856490453
10.286283930142721
10.28957415819168
10.294708081086476
10.295569960276286
10.29750862121582
10.30437042315801
10.30635058482488
10.312995056311289
10.326552283763885
10.327658299605051
10.342686764399211
10.343063791592916
10.35244828859965
10.353127968311309
10.356290582815806
10.360536773999533
10.360800727208455
10.365697069962819
10.377516822020214
10.383032468954722
10.388866710662843
10.40254107316335
10.404382475217183
10.41230715115865
10.413808051745097
10.434693014621734
10.443409144878387
10.452382103602092
10.456693720817565
10.463882768154145
10.467482443650564
10.475124776363373
10.48143547375997
10.484023141860963
10.495502003033955
10.497238604227702
10.50814459323883
10.51356474161148
10.519761010011036
10.522611478964487
10.533788752555846
10.533958542346955
10.541146882375081
10.541684504350027
10.550484760602314
10.551574369271597
10.55952951113383
10.576278062661489
10.57727306286494
10.587068025271098
10.594681207338969
10.623518216609956
10.625253752867382
10.63157655398051
10.63451022307078
10.641063181559245
10.643017784754436
10.649439303080241
10.653347551822662
10.659099292755126
10.661367042859395
10.663435018062591
10.664949746926625
10.66891301870346
10.679999649524689
10.681449691454569
10.692526630560558
10.702519408861797
10.703041211764019
10.713060605525971
10.716321198145549
10.725996772448221
10.732557237148285
10.736002659797668
10.744485680262247
10.746032555898031
10.752579418818156
10.754874515533448
10.761074709892274
10.777716668446859
10.79122629960378
10.792817175388336
10.80120719273885
10.81026695171992
10.816489108403523
10.821570507685344
10.837240115801494
10.841684552033742
10.841705600420633
10.85190563996633
10.855909665425619
10.870273053646088
10.871720361709595
10.902921748161315
10.915927962462108
10.983594652016958
11.005404082934062
11.009787114461263
11.030734197298687
11.043180060386657
11.058902696768444
11.08578969637553
11.092258314291636
11.123432596524557
11.129498088359833
11.13594441016515
11.145960851510365
11.189287348588307
11.2264714717865
11.245656402905782
11.263173087437947
11.270241943995158
11.283184516429902
11.291992564996084
11.297377030054728
11.303351426124573
11.307727734247843
11.315342946847279
11.329765824476878
11.348794643084208
11.359476514657338
11.369144984086354
11.374821360905965
11.383243648211161
11.399960279464722
11.416727276643117
11.42958369255066
11.436180078983307
11.452877863248188
11.46502463420232
11.47751365105311
11.486299300193787
11.494496953487396
11.512306737899781
11.527760561307272
11.534656469027201
11.556738579273224
11.57371529340744
11.600467578570049
11.628546667098998
11.653455197811127
11.67558564345042
11.700564630826314
11.710673256715138
11.72892442146937
11.767507521311442
11.780214428901672
11.801291573047639
11.80988982518514
11.85019195874532
11.870740421613057
11.88400584856669
11.89567610025406
11.911378363768259
11.93423398733139
11.954440879821778
11.984632813930512
11.989220360914866
12.014513580004374
12.026476013660432
12.064796928564707
12.142585400740305
12.151429466406505
12.172518924872081
12.198998419443766
12.2591259876887
