0.20088457266489665
0.2206580638885498
0.2416593352953593
0.2608782092730204
0.2698851426442464
0.27716606060663856
0.2875669280687968
0.29394518534342445
0.295101527372996
0.2985713203748067
0.3090566078821818
0.31430003643035886
0.31448039213816326
0.32538963158925377
0.3336567560831706
0.33579334417978923
0.3469148794809977
0.3558961113293966
0.3571008404095968
0.36211787462234496
0.3788957357406616
0.3795395135879517
0.3807428399721781
0.3818159262339274
0.3855151375134786
0.38930837710698446
0.3911253253618876
0.3918828725814819
0.39427544673283893
0.39771674076716107
0.399566920598348
0.4015618364016215
0.4045540690422058
0.40553065538406374
0.4065582791964213
0.4115118106206258
0.41275041898091636
0.41482561429341636
0.41561015049616495
0.423068634668986
0.42495428323745726
0.42739792267481486
0.43301488558451334
0.43381791512171425
0.4407251516977946
0.4455492814381917
0.4458622932434082
0.45524171193440754
0.457001268863678
0.4571989893913269
0.4595950722694397
0.4603966514269511
0.4652207612991333
0.46750314235687257
0.46801714499791464
0.4714797576268514
0.47189213434855143
0.47253909905751545
0.47355604569117227
0.4782148043314616
0.47945330540339154
0.48311360279719034
0.4842406868934631
0.48525969982147216
0.4878395954767863
0.48885020017623904
0.4892338514328003
0.48969919284184776
0.4921034574508667
0.49353152910868325
0.49359853665033976
0.49575303395589193
0.49586455821990966
0.4982216517130534
0.49929941097895303
0.5021966576576233
0.5053488453229268
0.5057222525278727
0.5087602337201437
0.5091584205627442
0.5115566492080689
0.5117863337198894
0.5127096176147461
0.5129370013872783
0.5149290879567464
0.5207932035128275
0.5218567013740539
0.5232039610544841
0.524604070186615
0.5270904143651326
0.5317023277282715
0.5320504347483317
0.5324810783068339
0.5347407499949137
0.536147407690684
0.5380351622899373
0.540580153465271
0.5411817789077759
0.5431472818056743
0.5435554305712382
0.5445468346277873
0.5490597407023112
0.5491450309753418
0.5492950161298116
0.5530539433161418
0.5562123894691468
0.5574059247970581
0.5583013335863749
0.5631860534350077
0.5632484992345174
0.5640288591384888
0.5647923628489177
0.5679275234540303
0.5685693740844726
0.5687276244163513
0.5715064644813538
0.5721585353215536
0.5726903438568115
0.5760639866193136
0.5761457443237304
0.5800199031829834
0.5810411294301351
0.5813880483309428
0.5847475449244182
0.5856247345606486
0.5873647689819336
0.5877593080202739
0.589264702796936
0.5940096537272136
0.5964141647020976
0.5968669811884563
0.5990837931632995
0.6020041545232137
0.6021581649780273
0.6029504776000977
0.6038279215494792
0.6041754722595215
0.6075075427691142
0.6078498601913452
0.6081904570261637
0.6095373034477234
0.6107331871986389
0.6117400407791138
0.612353241443634
0.6131003220876058
0.6141462405522664
0.6158582329750061
0.6165558815002441
0.6167525768280029
0.6179989377657572
0.6183613896369934
0.6211960077285766
0.6213345646858215
0.6240726709365845
0.6247536182403565
0.6255829095840454
0.6261600017547607
0.62757248878479
0.6281251708666483
0.6294668356577555
0.6322629928588868
0.6337740659713745
0.636620032787323
0.6368375102678935
0.6372358997662863
0.6379465977350871
0.6400344371795654
0.6407787680625916
0.6417379975318909
0.6422183513641357
0.6429051717122396
0.643432080745697
0.6469568173090617
0.6469779133796691
0.6473867972691854
0.6486328800519308
0.6487717390060425
0.6491292476654053
0.6519888162612915
0.6520857334136962
0.6528165340423584
0.6539624094963074
0.6541896382967631
0.6548295378684997
0.6548465569814046
0.6571278929710388
0.6572329044342041
0.6588378707567851
0.661350158850352
0.6613531351089478
0.6624460379282634
0.6624548514684041
0.6645046432813009
0.6645979126294453
0.6648455500602722
0.6659971396128337
0.6662495017051697
0.6668822248776753
0.6669538895289103
0.668388020992279
0.6708730181058248
0.671038289864858
0.671202524503072
0.6713520844777425
0.6719908793767293
0.6724681735038758
0.6734001318613688
0.6752700924873352
0.6764776070912679
0.6789450844128927
0.6792100707689921
0.6800431489944458
0.6815266172091167
0.6816120028495789
0.6829438646634419
0.6831919987996419
0.6837379495302837
0.6849836826324462
0.6857948462168376
0.6868656357129415
0.6877712488174439
0.6884621977806091
0.6895457148551941
0.6901663184165955
0.6904217163721721
0.6921502192815144
0.6932273586591085
0.6939354976018269
0.6955544312795003
0.696432630221049
0.6971016963322957
0.7003272493680318
0.7004162351290385
0.7008533835411072
0.7011348128318786
0.7026757756868999
0.703234589099884
0.7033967892328898
0.7074872732162476
0.7078665773073832
0.708935006459554
0.7099936366081238
0.7106931726137797
0.7112667361895243
0.7123007376988729
0.713368292649587
0.7135786652565003
0.7136076927185059
0.7151800632476807
0.7160226265589397
0.7168211619059245
0.7170687715212504
0.7175219456354777
0.7181597113609314
0.7181734760602315
0.7189704060554505
0.7193747321764629
0.7207052548726399
0.7211102445920309
0.7227266629536947
0.7233376741409302
0.7237186312675477
0.7244984984397889
0.725402828057607
0.7264850974082947
0.7284332911173502
0.7292246500651042
0.7307936112085979
0.7308819890022278
0.7311065355936687
0.7313245852788289
0.7316212773323059
0.7320244153340657
0.7333085735638937
0.7343814690907796
0.7350848356882731
0.737330961227417
0.7377459088961283
0.737837036450704
0.739357062180837
0.7397683739662171
0.7399538318316142
0.7411089102427165
0.7421599109967549
0.7422747055689494
0.7440323869387309
0.7446869691212972
0.7459922830263773
0.7483193755149842
0.7486742377281189
0.7494260708491007
0.7498654206593831
0.7516739845275879
0.7538558761278789
0.7544191002845764
0.7556419769922892
0.7558070619901022
0.7558279196421306
0.7569209774335225
0.7599897265434266
0.7600075960159302
0.7600420435269674
0.7621700803438822
0.763436472415924
0.763498862584432
0.7641012509663899
0.765180496374766
0.7658524552981059
0.7667619148890178
0.7674199263254802
0.7676973183949788
0.7677860418955486
0.7678621252377827
0.7688445329666138
0.7709046522776286
0.7719481865564982
0.7722185214360555
0.7731967131296794
0.7752621054649353
0.775510315100352
0.7756796956062317
0.7775198737780253
0.7779499491055807
0.7803136110305786
0.7813044667243958
0.7816912253697713
0.7817314823468526
0.783651340007782
0.7850223541259765
0.7876829902331034
0.7877293268839518
0.7903041442235311
0.7904815991719564
0.7917979995409647
0.7926035722096761
0.792913575967153
0.7947177012761434
0.7966015775998433
0.7966228524843851
0.7966393113136292
0.7979155699412028
0.7983593742052714
0.7984411636988322
0.7998750289281209
0.8003843585650127
0.8017670790354411
0.8034258286158243
0.8048893451690674
0.8050271987915039
0.8065226594607036
0.8077321608861288
0.8079727133115132
0.808048156897227
0.8095015128453572
0.8103123625119527
0.8130488912264506
0.8130920012791951
0.8145841280619304
0.8166685501734415
0.8173692385355632
0.8176152825355529
0.8213277141253154
0.8215040683746337
0.8217398643493652
0.8218317747116088
0.823961055278778
0.8244397679964701
0.8245290756225586
0.8249484936396281
0.8264005899429321
0.8277329683303833
0.8288310011227925
0.8291563828786214
0.8292264103889465
0.8302720228830973
0.8305168509483337
0.8307897806167602
0.8328110416730244
0.8335487087567647
0.8347593824068705
0.8364768743515014
0.836818544069926
0.8375609993934632
0.8377219120661418
0.838692573706309
0.8399372259775798
0.839965279897054
0.842358676592509
0.8423847516377767
0.8426388621330261
0.844263764222463
0.8472895423571268
0.8474951267242432
0.8482998490333558
0.8501705249150594
0.8508229335149129
0.8509282986323039
0.8516473372777303
0.8518597404162089
0.8530554215113322
0.8537513534228007
0.8552225987116496
0.8553644577662151
0.8559326569239298
0.8560257911682129
0.856805690129598
0.8574664672215779
0.858475395043691
0.858509914080302
0.8612549106280009
0.8617483059565226
0.8624739170074462
0.863371221224467
0.8634476621945699
0.8635597387949626
0.8636204282442729
0.8653792341550192
0.8676297823588054
0.8677902619043986
0.8680547515551249
0.8691131313641866
0.8705634673436483
0.8721881747245789
0.8733545859654744
0.873379651705424
0.8734405557314555
0.8738568305969239
0.8753616809844971
0.8757224122683207
0.8761326591173808
0.876394518216451
0.8780947287877401
0.8793606519699096
0.8802804112434387
0.880587363243103
0.8809325853983562
0.8812539299329122
0.8813072641690572
0.8824503540992736
0.8836544434229533
0.8841196457544963
0.8856905341148377
0.8867998639742534
0.8871544082959493
0.887905216217041
0.8888610998789469
0.8895150502522786
0.8915379722913106
0.8916139880816142
0.8920252919197083
0.8921922286351521
0.8940337419509887
0.8954607407251994
0.8969380259513855
0.897655729452769
0.8976808309555053
0.8994635740915934
0.9031930208206177
0.903355062007904
0.9036681413650512
0.9038487792015075
0.9041071534156799
0.9045992771784465
0.9047028740247091
0.9059332609176636
0.9063101887702942
0.9087693572044373
0.9092376788457235
0.909511657555898
0.9095833738644917
0.9096547961235046
0.9126735726992289
0.9128475824991862
0.9138526519139608
0.9141696413358052
0.9151699622472127
0.9153400301933289
0.9164417862892151
0.9189945856730143
0.9191868106524149
0.920205553372701
0.920296585559845
0.9223565737406413
0.9224675337473551
0.9227079431215922
0.9260146141052246
0.9274483323097229
0.9287985761960348
0.9292095144589742
0.9292818307876587
0.9293597499529521
0.9299166599909464
0.9299958268801372
0.9320341904958089
0.933505380153656
0.9340164383252462
0.9342390259106954
0.9346283674240112
0.9357623736063639
0.9368329087893168
0.9370292623837789
0.9374347408612569
0.9398806889851888
0.9399498422940572
0.940219255288442
0.9407454331715902
0.9426409006118774
0.9426522016525268
0.9429831504821777
0.94355495373408
0.9450766126314799
0.9457141359647115
0.9470322529474894
0.9472809831301371
0.9479706764221192
0.9482763290405274
0.9503753304481506
0.9518586277961731
0.9527243216832478
0.9528071006139119
0.9536285042762757
0.9536590854326884
0.9541130224863689
0.9554831822713216
0.9556800166765849
0.9563367009162903
0.9567243377367656
0.9604830503463745
0.9616564035415649
0.9621192177136739
0.9627232432365418
0.9634094953536987
0.9641851902008056
0.9643609484036764
0.9660296400388082
0.9662979284922282
0.9676525473594666
0.9678691109021504
0.9689623991648356
0.9693989396095276
0.9698652585347494
0.9704352895418803
0.9712112228075663
0.9740528305371602
0.9748785297075907
0.974890931447347
0.9759025812149048
0.9778859257698059
0.9787912209828694
0.9789596796035767
0.9789820869763692
0.9797843337059021
0.9798608422279358
0.9820253213246664
0.9821795026461283
0.9825594703356425
0.9848460674285888
0.9855120261510213
0.9859095732371013
0.9868276596069336
0.9874918540318807
0.9893988053003947
0.9898105462392172
0.9903868516286214
0.9914237499237061
0.993272336324056
0.9939738194147746
0.9941866676012675
0.9948306957880656
0.9951141993204753
0.995720386505127
0.9992378513018291
0.9993995666503906
1.0012077331542968
1.0034716486930848
1.0035173416137695
1.003932805856069
1.0047180851300557
1.006240963935852
1.0066985766092935
1.0086008389790853
1.0087671836217245
1.0091628432273865
1.0100303173065186
1.010178303718567
1.0126294414202373
1.0128979007403056
1.0133689403533936
1.0135589520136514
1.0150317907333375
1.01518425544103
1.0156861066818237
1.0172962228457132
1.0176321824391683
1.0195039749145507
1.019538668791453
1.0203049659729004
1.0214949170748393
1.0224738279978434
1.0250876069068908
1.0253136992454528
1.0255807002385458
1.0255833586057028
1.0260417024294535
1.0268039107322693
1.0270194172859193
1.0287554820378622
1.0299713293711343
1.0306070804595948
1.0319993615150451
1.0321025848388672
1.0322136163711548
1.0325400630633037
1.0328971147537231
1.034450856844584
1.0347350200017293
1.036721909046173
1.037122948964437
1.0378811836242676
1.0380337556203207
1.0403826355934143
1.040471371014913
1.0418046553929647
1.0434210101763408
1.0436047434806823
1.0436869064966838
1.0440254012743633
1.0455862204233806
1.0456822315851848
1.045800503094991
1.0475008130073546
1.0476336518923441
1.0482085665067038
1.0493281563123067
1.0502365827560425
1.0502726356188457
1.050559651851654
1.0515816926956176
1.0526114741961161
1.0543709874153138
1.0552541891733804
1.0552887797355652
1.0562095443407695
1.0563732584317524
1.0564983050028482
1.0586049477259318
1.059767973423004
1.060670761267344
1.0608038187026978
1.0623806794484456
1.062406357129415
1.0624101161956787
1.0643237153689067
1.0658637682596843
1.0660641670227051
1.0665104269981385
1.0665828426678976
1.0672690351804097
1.0675491412480673
1.069384511311849
1.070386278629303
1.0707590063412984
1.0710103472073873
1.0710458715756734
1.072353176275889
1.0732357064882914
1.073605195681254
1.073846952120463
1.074777066707611
1.0760410149892172
1.0771769165992737
1.077563738822937
1.0789540767669679
1.0789811174074808
1.0795355955759685
1.0803963740666707
1.0809480706850687
1.081399150689443
1.0817327896753948
1.082392656803131
1.0834819634755453
1.0852197806040447
1.0852731148401895
1.0868310968081156
1.0874354243278503
1.0893719712893168
1.0902499318122865
1.090380279223124
1.091100529829661
1.0920624256134033
1.0925097823143006
1.0935686667760214
1.095752199490865
1.0960288246472676
1.0964770595232645
1.0978019833564758
1.098172422250112
1.0988067070643106
1.1016929745674133
1.1033104340235391
1.105571174621582
1.1070908228556315
1.1070934096972147
1.1078880349795024
1.1103974064191182
1.1116661548614502
1.1121682127316792
1.1129070003827413
1.112914514541626
1.1132656574249267
1.1150967121124267
1.1168116609255472
1.117173477013906
1.1184747497240701
1.1188966711362203
1.1189043601353963
1.1198811133702595
1.1208747386932374
1.122972317536672
1.1234976013501485
1.124325978755951
1.124597958723704
1.1246944308280944
1.1249802271525065
1.1279149850209553
1.1284355958302816
1.1291944185892742
1.1299189925193787
1.1302699367205302
1.1305729071299235
1.130966885884603
1.132522133986155
1.1327080567677816
1.1338523864746093
1.1343303640683493
1.1354970534642537
1.1359102964401244
1.1363775769869486
1.1386882543563843
1.1394727905591329
1.1398948868115744
1.1401452740033469
1.1401556531588237
1.140704834461212
1.1410215099652607
1.142584216594696
1.143023665746053
1.14421656926473
1.1453311483065287
1.1454145669937135
1.1464778542518617
1.1490217566490173
1.1502343972524007
1.150326712926229
1.1506110350290935
1.15081737836202
1.1509822765986124
1.1509912729263305
1.1543313185373942
1.155179460843404
1.1552658081054688
1.1570045113563538
1.1575252175331117
1.1577784657478332
1.158184321721395
1.1586206237475076
1.1598495721817017
1.1605666478474934
1.16186230580012
1.1634206334749857
1.1634240388870238
1.1645903666814168
1.165299375851949
1.1655362486839294
1.1663637121518453
1.1671299695968629
1.1672398726145425
1.1699162205060323
1.1705818891525268
1.1710729082425435
1.1723817904790244
1.1724766770998636
1.1741409103075664
1.174143620332082
1.1752653439839682
1.1762499968210856
1.176584263642629
1.177415124575297
1.1778896530469258
1.1779882431030273
1.1780604561169943
1.1796732028325398
1.1798904379208883
1.1814503073692322
1.1823843439420065
1.1825157046318053
1.1836331685384114
1.184021031856537
1.1844210863113402
1.1848542014757792
1.1863208413124084
1.186652402083079
1.1901820302009583
1.190979504585266
1.1913148601849874
1.1916336337725322
1.1928193291028342
1.1935351928075155
1.1948270797729492
1.1952563802401224
1.1971559445063273
1.1982258439064026
1.1996421019236247
1.1998781204223632
1.2003469467163086
1.2023274501164753
1.2023827672004699
1.2031010389328003
1.2031776229540507
1.2040124972661337
1.2051629702250162
1.2056619723637898
1.2065967917442322
1.2076760371526083
1.2096735080083212
1.2099059740702311
1.2108506282170615
1.2110828161239624
1.2113082567850748
1.2114410877227784
1.2125881592432657
1.2150750557581584
1.2169924100240073
1.217233129342397
1.2178617318471272
1.2178820570309956
1.219032108783722
1.221905565261841
1.2221086740493774
1.222161312898
1.223210601011912
1.2232609828313192
1.2235613465309143
1.2251985629399618
1.2257546782493591
1.2264073769251504
1.2264235138893127
1.2270562807718912
1.2294992089271546
1.2297277609507242
1.230733088652293
1.2309799194335938
1.230987536907196
1.231860069433848
1.2322598457336427
1.2334800839424134
1.2339424928029379
1.2339693983395894
1.2355483094851176
1.2375452081362406
1.2376901149749755
1.2384500980377198
1.240026605129242
1.2403627276420592
1.2414639671643575
1.2421422004699707
1.242156410217285
1.2426262696584065
1.2432340343793233
1.2454153458277384
1.246541194121043
1.246967120965322
1.247319773832957
1.2474822719891867
1.2486098249753317
1.2495729128519695
1.2505724509557088
1.2507785399754843
1.2514400720596313
1.251503046353658
1.2528528292973837
1.254328974088033
1.2561137437820435
1.256494657198588
1.2572577794392903
1.257512088616689
1.2577985604604085
1.25988450050354
1.2602973937988282
1.2608986695607503
1.261037031809489
1.2631011128425598
1.2634679238001505
1.2642332355181376
1.2655340711275735
1.2664747516314188
1.2685448408126831
1.2687005639076232
1.2688808163007101
1.270152175426483
1.2703217625617982
1.2722160736719768
1.272857673962911
1.2730678955713908
1.2731133103370667
1.2737003604571024
1.2760506669680278
1.2764612833658855
1.2777302742004395
1.2787559151649475
1.279908021291097
1.2804223577181497
1.281117856502533
1.282331657409668
1.2836889982223512
1.2843327919642131
1.2846393585205078
1.2847622871398925
1.285510277748108
1.2861681262652078
1.2866795818010965
1.288206195831299
1.289603062470754
1.291017468770345
1.2911166151364644
1.2926016608874003
1.2927244265874227
1.2934333244959513
1.293542496363322
1.2940140565236409
1.2941358884175618
1.2958964069684347
1.2968907395998637
1.2979292710622152
1.2980671167373656
1.2986438234647115
1.2987595836321513
1.3007094025611878
1.300867247581482
1.3011139591534933
1.3022812644640605
1.304027005036672
1.3044447700182598
1.3080392559369405
1.3087467988332113
1.3101104974746705
1.3109271725018818
1.3117416818936667
1.3129119475682576
1.3134086966514587
1.3137137333552042
1.3147430260976156
1.3160335222880046
1.3173484245936076
1.317463791370392
1.3175704995791118
1.3176793813705445
1.3192965547243753
1.3202115019162497
1.3202366908391316
1.3208818952242534
1.3217250426610312
1.322121500968933
1.3237843632698059
1.3238390882809956
1.324037218093872
1.3247305353482564
1.3259127577145895
1.3266013344128926
1.3267380356788636
1.3282820383707683
1.3287575244903564
1.329593022664388
1.3296366810798645
1.330605932076772
1.3331225991249085
1.333999478816986
1.3349316676457723
1.3358003497123718
1.3358511726061504
1.3362148563067118
1.3382953643798827
1.339266590277354
1.3400601387023925
1.3407030383745828
1.3427368799845378
1.3438331643740336
1.3438435792922974
1.345094414552053
1.3452136596043904
1.3459128856658935
1.3466481248537698
1.3481123566627502
1.3487781246503194
1.3489396651585897
1.3506145199139914
1.3509403069814045
1.351167376836141
1.3516080458958943
1.3517255226771037
1.352327819665273
1.3546210447947185
1.355759572982788
1.3561094919840495
1.35684841076533
1.3573957880338032
1.359143861134847
1.3594136635462444
1.3595592260360718
1.359980320930481
1.3601116339365642
1.3601655205090841
1.3614296038945517
1.3620856483777364
1.3624740878740946
1.3628925919532775
1.3640731771787007
1.364346726735433
1.366434105237325
1.3669291416803995
1.3675085067749024
1.3678201158841452
1.369388190905253
1.370134675502777
1.370156427224477
1.3705344518025717
1.3714147885640462
1.3721319476763407
1.3730061928431192
1.3734103401501974
1.3738166650136312
1.3741403261820475
1.37497874101003
1.3756561279296875
1.3760676701863608
1.3769049445788066
1.377350358168284
1.3781829277674358
1.3792815883954366
1.3793171525001526
1.3800448020299276
1.381404463450114
1.3832502603530883
1.3835781256357829
1.3856040517489114
1.38594651222229
1.3871995250384013
1.3877177953720092
1.3882272998491922
1.3898846507072449
1.3900428414344788
1.3906039237976073
1.3907572666803996
1.3935726284980774
1.3939399003982544
1.3947570681571961
1.3954213619232179
1.3961249272028604
1.3968717575073242
1.3977158228556315
1.3979419906934103
1.3980244398117065
1.3980937361717225
1.398253623644511
1.399367340405782
1.4002468824386596
1.4014821290969848
1.4021096150080363
1.4026056011517842
1.4033348242441812
1.403374175230662
1.4044042309125264
1.4050989945729573
1.4063758293787638
1.40681680838267
1.4071906328201294
1.4076775868733724
1.410701541105906
1.410921609401703
1.411639356613159
1.413725205262502
1.4137848695119222
1.414278260866801
1.4143318772315978
1.4162997166315714
1.4166823228200276
1.419084088007609
1.4196709752082826
1.4200964252154031
1.4227608760197958
1.4241042892138163
1.4241110841433207
1.4244492650032043
1.4252723256746929
1.4269939025243124
1.4271240433057149
1.4277376850446066
1.4298482418060303
1.4298745274543763
1.4309466004371643
1.4318418065706888
1.432228144009908
1.432583224773407
1.4357826272646586
1.436081580320994
1.4362800161043803
1.438238525390625
1.4391198754310608
1.4408516963322957
1.4409611304601033
1.4412307182947794
1.441349486509959
1.4414780259132385
1.4435883005460104
1.4442780494689942
1.4456088900566102
1.4463297883669535
1.4469130158424377
1.4474966247876486
1.4479123512903849
1.448283894856771
1.448766255378723
1.4497994343439737
1.4516884287198384
1.4518598437309265
1.4521983464558919
1.4525333325068155
1.452855690320333
1.4536191741625468
1.4544227401415506
1.4546513636906941
1.4559637864430746
1.4568382581075032
1.4568509777386984
1.4569528420766196
1.4574399709701538
1.4584422945976256
1.4586114684740703
1.4607301712036134
1.4609210252761842
1.4624756415685018
1.4625473300615945
1.463321534792582
1.4645583271980285
1.466030728816986
1.4667065064112346
1.4670204718907673
1.4671816150347392
1.4672684709231059
1.4684779206911722
1.4690372109413148
1.4701834718386333
1.4703020572662353
1.4707701325416564
1.471048907438914
1.4722826520601908
1.4731063008308412
1.4743030269940693
1.4750842968622844
1.4751434564590453
1.4758114536603293
1.4759172240893046
1.477717967828115
1.4785332043965658
1.48031135002772
1.480521313349406
1.4812166134516398
1.4827888051668803
1.4837036927541096
1.4838117718696595
1.4845091025034587
1.484881095091502
1.485222582022349
1.485491406917572
1.4855599880218506
1.487138601144155
1.4877391457557678
1.490003263950348
1.4904919107755026
1.4906619509061179
1.491929014523824
1.494040298461914
1.494677968819936
1.4957719564437866
1.4973782459894815
1.49819389184316
1.4984158436457315
1.498708967367808
1.4997377117474875
1.4999667207400005
1.5013383547465007
1.5013506650924682
1.5039523124694825
1.5046218593915304
1.5050630768140156
1.5051891764005025
1.5052568435668945
1.5059542854626973
1.5080723285675048
1.5104361454645792
1.5117609779040018
1.5121919155120849
1.5128997166951497
1.5136637528737387
1.514792513847351
1.514876917997996
1.514929513136546
1.516731850306193
1.5174864451090495
1.518180501461029
1.518216880162557
1.518722649415334
1.519647522767385
1.521027942498525
1.521370804309845
1.5214733084042866
1.5217964410781861
1.522823933760325
1.523343845208486
1.5234052300453187
1.5241279284159341
1.5264532049496968
1.5277674039204916
1.527986228466034
1.528794769446055
1.5301330804824829
1.5307801127433778
1.5312987486521403
1.5316520889600118
1.5329317450523376
1.5345279216766357
1.5345462918281556
1.5346887111663818
1.534931755065918
1.535045572121938
1.5359970688819886
1.53669962088267
1.537272298336029
1.5376928130785623
1.5387854377428691
1.539287837346395
1.5405738751093547
1.541882077852885
1.5426223278045654
1.5438237984975178
1.5448960105578105
1.545587913195292
1.545638386408488
1.546459396680196
1.5473815083503724
1.5478816548983256
1.5486191908518474
1.5506731986999511
1.551212743918101
1.5515024423599244
1.552049207687378
1.552208709716797
1.5525015592575073
1.5542685866355896
1.5562149643898011
1.5572954376538595
1.558279844125112
1.5584722836812337
1.5584938804308572
1.5591862161954244
1.559812609354655
1.562119229634603
1.563195566336314
1.563525410493215
1.5644890268643696
1.56480207045873
1.565550975004832
1.566302196184794
1.5675208886464438
1.5676234046618143
1.5695250948270163
1.5697745045026144
1.5697991689046225
1.5699432174364725
1.5713465253512064
1.5732851107915242
1.5735621174176535
1.5738036433855693
1.5743823051452637
1.5753171881039938
1.5758137226104736
1.5785268624623616
1.5793138941129048
1.5800886631011963
1.5803991039594014
1.5807091832160949
1.5831311066945395
1.5831556995709737
1.5853557348251344
1.5858768026034038
1.585892391204834
1.5861363689104715
1.5870503664016724
1.5888386130332948
1.5889844655990601
1.589035975933075
1.589215131600698
1.5911573727925619
1.592259736855825
1.5932772239049275
1.59544095993042
1.5958187699317932
1.596448572476705
1.5977078954378763
1.598900600274404
1.600694215297699
1.601304813226064
1.601793146133423
1.6020506898562112
1.6028597076733908
1.603852645556132
1.6047293027242024
1.6051620602607728
1.6062405983606973
1.6063188513120015
1.6063822507858276
1.607592487335205
1.609145959218343
1.6092930475870768
1.6105221033096313
1.610611097017924
1.6112072547276814
1.6124370535214743
1.6138266960779826
1.613851288954417
1.6147526860237122
1.6147719224294026
1.6153978784879048
1.6167035261789957
1.6167978485425314
1.617185608545939
1.6190303444862366
1.6190748453140258
1.6191201289494832
1.6229076862335206
1.624168376127879
1.6241742293039958
1.624535048007965
1.6249104579289755
1.625217890739441
1.625725011030833
1.626971713701884
1.6270018776257833
1.6284546534220377
1.629909912745158
1.630126408735911
1.6310661832491558
1.6335490067799887
1.6335544069608052
1.6342118581136067
1.6344101667404174
1.6345116734504699
1.6352798422177632
1.6355639696121216
1.6374127626419068
1.640115507443746
1.6411574045817057
1.6412591457366943
1.6413851817448935
1.6417884469032287
1.6418622692426046
1.6432359059651693
1.6467965086301168
1.6469418128331503
1.647219463189443
1.6476519227027893
1.6480317433675131
1.6482181111971537
1.6516613125801087
1.6527051409085591
1.6527886152267457
1.6529125094413757
1.6535060048103332
1.6539556423823039
1.654212510585785
1.6565587480862936
1.6569809238115947
1.6575851639111836
1.6575915058453878
1.6582703828811645
1.659047293663025
1.659343453248342
1.6596640308698019
1.6614383021990458
1.662251079082489
1.6637927373250325
1.6641757329305014
1.6642333070437114
1.6643746614456176
1.6655180335044861
1.6660840074221293
1.6662522196769713
1.667411466439565
1.668283474445343
1.6685661991437277
1.6701601227124532
1.670477024714152
1.6704992532730103
1.670510478814443
1.6717567602793375
1.6717639644940694
1.6724117159843446
1.6732650796572368
1.6751794377962748
1.6754003882408142
1.676426390806834
1.6766625006993612
1.6783390124638875
1.6791207591692607
1.6800269921620687
1.6802178303400674
1.6809542775154114
1.6822758237520854
1.6828216234842936
1.6829228281974793
1.683463978767395
1.6837835272153219
1.6849135597546896
1.6862109303474426
1.6864978949228921
1.6874723116556802
1.688265311717987
1.6888182083765666
1.6891998449961345
1.6895281394322714
1.6907042185465495
1.6907750129699708
1.693251367410024
1.6937748591105144
1.6945716818173726
1.694871723651886
1.6950261116027832
1.6954898238182068
1.6959591468175252
1.698445188999176
1.7000576297442118
1.7004591345787048
1.7006991942723593
1.7007896622021994
1.7009432435035705
1.7029383619626364
1.7047310511271159
1.7052396893501283
1.7057442903518676
1.7058971961339315
1.7061059832572938
1.706460694471995
1.707344110806783
1.7074654817581176
1.7079283793767293
1.7094990332921347
1.7104735692342123
1.711465334892273
1.711758840084076
1.7124754627545675
1.7135964035987854
1.7140871167182923
1.7153014938036601
1.7157384276390075
1.7162066658337911
1.7163081248601277
1.7163620352745057
1.7176890214284262
1.7192314664522808
1.7195229729016621
1.7213954289754232
1.7221650719642638
1.7222422321637472
1.7244182348251342
1.724807345867157
1.7254554947217307
1.7257749358812968
1.7265718777974446
1.7269157687822978
1.7270597219467163
1.7271339376767476
1.7294175386428834
1.7302627523740133
1.7310551643371581
1.7311604976654054
1.7323652267456056
1.7323745727539062
1.732547942797343
1.7331557035446168
1.733405061562856
1.7347716649373373
1.7347845951716105
1.7358200073242187
1.7372490127881368
1.7376416285832723
1.7383803486824037
1.7387206355730693
1.73889772494634
1.7395643870035806
1.7407628575960794
1.741549269358317
1.7419655521710713
1.7429070671399434
1.7430008053779602
1.7441471099853516
1.744275184472402
1.7464006861050925
1.7465216477711996
1.7480734507242839
1.748462200164795
1.7489495714505514
1.7500592668851216
1.7504018704096476
1.7509897788365683
1.7520424842834472
1.7521317879358926
1.7533854206403097
1.7542465766270956
1.7544065316518147
1.754874841372172
1.755841032663981
1.7581381479899088
1.7582715272903442
1.7584125916163127
1.759074056148529
1.7591533104578654
1.7618565797805785
1.7628268082936605
1.7629440188407899
1.7637847145398458
1.7641124367713927
1.7654787341753642
1.7659936229387918
1.767105507850647
1.767813996473948
1.7683051149050395
1.7694818059603372
1.7705111503601074
1.7706837137540181
1.7711607654889425
1.7717341502507529
1.7721381584803264
1.772863713900248
1.7733509540557861
1.7744391481081645
1.7747662663459778
1.7762652595837911
1.7762972633043925
1.7765657265981039
1.7768080353736877
1.7777068893114725
1.7795911153157553
1.7796339591344197
1.7796554962793987
1.7801719824473063
1.7803178429603577
1.7805146058400472
1.7812832713127136
1.7839315811793008
1.7839911858240762
1.7849302967389424
1.7849968751271565
1.7862003207206727
1.7871979077657063
1.7872907002766927
1.7883051673571269
1.7896937370300292
1.7904641389846803
1.790807056427002
1.7911460836728414
1.7918706695238749
1.792798399925232
1.7936221798261007
1.7950835585594178
1.7964088122049968
1.7964181383450826
1.797559662659963
1.7991655429204305
1.7991922179857889
1.8002615094184875
1.8006667772928873
1.8016379117965697
1.8018707712491353
1.8036362767219543
1.8036724090576173
1.8048101584116618
1.8049686392148336
1.8067224502563477
1.8071460286776224
1.8083698590596518
1.8085544109344482
1.8088178475697836
1.809340739250183
1.809612774848938
1.8097235043843587
1.811762770016988
1.812529718875885
1.8132566332817077
1.8143555561701457
1.8153783718744914
1.8154148618380228
1.8164013783137003
1.816903575261434
1.8170202493667602
1.817445985476176
1.81791011095047
1.8200883865356445
1.8208051164944967
1.821557625134786
1.8216920137405395
1.821817660331726
1.823849097887675
1.823857045173645
1.8241446057955424
1.8251826564470928
1.8256300806999206
1.8273052414258322
1.8278729875882467
1.8281245986620585
1.8284226735432942
1.828711489836375
1.8309629996617636
1.8312153736750285
1.8320082227389018
1.8320176005363464
1.8339503486951192
1.8352850914001464
1.8355107029279074
1.836306917667389
1.8369236826896667
1.8379273931185405
1.8383995731671652
1.8387211124102274
1.839277990659078
1.8408755540847779
1.8409053921699523
1.8410566131273904
1.8411585211753845
1.8412739594777425
1.84405677318573
1.8442205627759298
1.844476846853892
1.8445934653282166
1.8447733044624328
1.845638426144918
1.847310201327006
1.8489357709884644
1.8518096129099528
1.852021006743113
1.8523161172866822
1.8524062792460123
1.8530699729919433
1.85320987701416
1.8540204207102458
1.85502237478892
1.8559248884518942
1.8563533981641134
1.8567614436149598
1.85854914188385
1.859231424331665
1.8598796685536703
1.860493270556132
1.862022093931834
1.862259284655253
1.8624707261721294
1.862892989317576
1.8635560075441997
1.8636038899421692
1.865994966030121
1.866059708595276
1.8668346206347148
1.8686388810475667
1.8688403765360515
1.8689398090044658
1.8695675611495972
1.8699741959571838
1.8712017734845479
1.8716082374254863
1.8724774956703185
1.8732125480969748
1.8740957856178284
1.8742342829704284
1.87611563205719
1.8762839436531067
1.8783367315928141
1.8784332434336344
1.8785551548004151
1.8793949445088705
1.8796674410502117
1.880135134855906
1.8806148529052735
1.8826392054557801
1.883717155456543
1.885136846701304
1.8852185686429341
1.8852255423863729
1.8855952103932698
1.886032478014628
1.8886338988939921
1.888659373919169
1.8887452006340026
1.8889901359875998
1.8898576180140176
1.892596443494161
1.8930420358975728
1.8944501837094625
1.8950281620025635
1.8950696309407553
1.8971887509028116
1.8976170063018798
1.8981984933217366
1.8984562317530314
1.8987629771232606
1.89973117907842
1.90038613875707
1.900750215848287
1.9019426465034486
1.9026912093162536
1.9034326235453287
1.9051239609718322
1.9051475048065185
1.9055273532867432
1.905598795413971
1.9063454667727153
1.9073879559834799
1.9100778738657633
1.9110820571581522
1.911784255504608
1.9119675795237223
1.9130314985911052
1.913277002175649
1.9136419256528219
1.9146357258160909
1.9169633428255717
1.917469561100006
1.9175445795059205
1.9177066445350648
1.9180394848187765
1.9187009890874227
1.919330628712972
1.9196336030960084
1.9213613271713257
1.9214247663815816
1.9220465342203776
1.922984735171
1.924959166844686
1.9259358723958333
1.92734690507253
1.9276871760686238
1.9279032190640768
1.9283776998519897
1.9298262159029642
1.9300991813341777
1.9301785071690878
1.9319429636001586
1.9324555118878683
1.932789965470632
1.9334185600280762
1.934286932150523
1.9344168702761333
1.9357316851615907
1.9361986597379048
1.9377335866292318
1.9386850277582803
1.9388209184010823
1.9404078245162963
1.9408500989278157
1.9412134687105815
1.9429996013641357
1.9433463613192241
1.9433523178100587
1.9448556582132974
1.945377763112386
1.9464682420094808
1.9468685706456503
1.9473029812177023
1.9477526624997457
1.9478199005126953
1.9478782892227173
1.9495306054751078
1.9511927127838136
1.9514504114786784
1.9518091599146525
1.9526562770207723
1.952871557076772
1.9544415791829428
1.9545055270195006
1.9556728800137837
1.9568973342577616
1.9569229284922283
1.9574114799499511
1.9575582544008892
1.9581270138422648
1.9599685549736023
1.960560643672943
1.961510173479716
1.9623885750770569
1.96401389837265
1.9643605947494507
1.9655924797058106
1.966218149662018
1.9662813782691955
1.9674866755803426
1.9677918513615926
1.96785858074824
1.9687885681788126
1.9697765986124673
1.9714056531588235
1.9734668890635172
1.9737501581509909
1.974214243888855
1.9751148462295531
1.9757441878318787
1.9761233528455098
1.9764191269874574
1.9770591855049133
1.9783887108167013
1.9786118070284526
1.979994817574819
1.980291191736857
1.9803255637486776
1.9823871334393819
1.9827870368957519
1.9849979003270468
1.985208547115326
1.9853631377220153
1.9857856988906861
1.986486542224884
1.9871574640274048
1.9877567370732625
1.9878690520922342
1.988270898660024
1.989177417755127
1.9904376824696859
1.9909371256828308
1.9914818406105042
1.991500699520111
1.99323677221934
1.9933159867922465
1.9941693464914958
1.995190699895223
1.9954506397247314
1.9968721508979796
1.9972389340400696
1.9975577394167583
1.998936621348063
2.0000744779904682
2.0007867097854612
2.0014493028322855
2.0018835504849752
2.0027546366055806
2.0031279643376667
2.00344082514445
2.004193822542826
2.0043150901794435
2.0064802606900534
2.007822322845459
2.0079636096954347
2.00903213818868
2.0096631089846295
2.0097235083580016
2.0097874760627747
2.0107009490331014
2.0115586082140604
2.0125807960828146
2.0141160249710084
2.0146656314531963
2.0147926568984986
2.0162396868069967
2.017595676581065
2.0182755827903747
2.0190714160601297
2.0210394183794658
2.0215486725171408
2.0218223532040915
2.0218893965085347
2.023912811279297
2.024967988332113
2.0256543159484863
2.0261155128479005
2.0268985748291017
2.0285435120264688
2.0298372705777488
2.030049208799998
2.0301941633224487
2.0306034604708354
2.0312399665514627
2.0326426307360332
2.0341795762379964
2.0344020764033
2.0351105332374573
2.035831606388092
2.037099099159241
2.037129354476929
2.0388078689575195
2.0397387027740477
2.0404375791549683
2.0405264059702555
2.0405335783958436
2.042950089772542
2.0430665850639342
2.043259807427724
2.044284482796987
2.0445074518521626
2.046213606993357
2.0467283964157104
2.0467955907185873
2.049560002485911
2.051170516014099
2.0518070816993714
2.052715742588043
2.053597323099772
2.0548446853955586
2.0551464398701986
2.0564465721448264
2.057444401582082
2.058661687374115
2.0604957699775697
2.0606030225753784
2.0609389861424763
2.0622628768285116
2.0625086386998492
2.0649067680040996
2.0651171644528707
2.066621728738149
2.0667513807614646
2.0668954531351726
2.067040944099426
2.067678682009379
2.0680925448735556
2.0705448230107626
2.071958108743032
2.073179252942403
2.0731857299804686
2.0740092237790426
2.0756163438161215
2.077459772427877
2.0778120438257854
2.077961846192678
2.0806782801946
2.0807594021161395
2.0810786883036294
2.083807953198751
2.0851520895957947
2.085253663857778
2.08597282965978
2.0865450302759805
2.0869268695513408
2.088218867778778
2.0883937875429788
2.0888935327529907
2.0905030528704325
2.0911985198656717
2.092964549859365
2.0936022559801737
2.093753667672475
2.093812072277069
2.094496575991313
2.0947819550832114
2.095495291550954
2.0960692326227823
2.0977060000101724
2.097859764099121
2.099974187215169
2.1003512581189474
2.100503885746002
2.101387540499369
2.1042441606521605
2.104580048720042
2.1048035542170207
2.1053159912427266
2.1055721402168275
2.1068469405174257
2.108007291952769
2.1085291624069216
2.1097663243611655
2.1117183446884153
2.112242817878723
2.1130265871683758
2.11326828400294
2.114497248331706
2.1146674474080402
2.1154627124468486
2.1172751665115355
2.1174474000930785
2.1181663433710733
2.1185084342956544
2.1205650488535563
2.120587046941121
2.1205966194470722
2.1214466214179994
2.1219414909680685
2.1229021271069843
2.123089591662089
2.123775080839793
2.124490034580231
2.1254612604777017
2.128528181711833
2.1286346157391867
2.129693563779195
2.1298952738444012
2.130173357327779
2.131040406227112
2.1335151116053264
2.134881095091502
2.1349173069000242
2.134975175062815
2.1350367029507953
2.1352418780326845
2.135440301895142
2.136725540955861
2.137811307112376
2.139818235238393
2.1399787346522015
2.1404604077339173
2.1416032274564105
2.142148967583974
2.143703854084015
2.14503219127655
2.1456957697868346
2.1465415279070537
2.1469104170799254
2.147959566116333
2.1505388895670574
2.1513347546259562
2.151894386609395
2.1519731124242147
2.1533095876375836
2.153449014822642
2.1548292597134906
2.155125923951467
2.1567898631095885
2.1568676312764485
2.1575308084487914
2.158222715059916
2.158436604340871
2.159274999300639
2.159966246287028
2.160455350081126
2.160651914278666
2.1617360591888426
2.162539025147756
2.162918718655904
2.165587067604065
2.1659088055292766
2.1664409160614015
2.1675299167633058
2.1684733311335247
2.169878892103831
2.1709070205688477
2.1709139982859296
2.1718743205070496
2.1726146578788756
2.173116199175517
2.1754681706428527
2.1778987288475036
2.1779714743296306
2.1785902539889017
2.17870724995931
2.1789119640986123
2.1792020201683044
2.179850407441457
2.1814106782277425
2.1823567231496175
2.18341201543808
2.184346890449524
2.1845340490341187
2.185806175072988
2.1860803842544554
2.1865836143493653
2.186599930127462
2.1875089406967163
2.1895838419596356
2.190558671951294
2.1911349137624105
2.1917394836743673
2.191985221703847
2.1929033637046813
2.1946494142214457
2.195046039422353
2.1956221580505373
2.195939036210378
2.197328805923462
2.1980397860209147
2.198441410064697
2.1986746072769163
2.199637460708618
2.2011351188023887
2.2013255914052325
2.20293372074763
2.204271153608958
2.204277718067169
2.204613622029622
2.2048678278923033
2.207104547818502
2.207327119509379
2.2081054210662843
2.2094770153363545
2.209930646419525
2.21013236840566
2.2119044423103333
2.2120612144470213
2.21423233350118
2.214295383294423
2.2158156752586367
2.2161097248395283
2.216208366552989
2.2174369136492413
2.21946576833725
2.2207574526468914
2.2213070591290793
2.2215351541837056
2.223132248719533
2.223288357257843
2.2250906070073446
2.226119577884674
2.2267670075098676
2.2274613857269285
2.228930342197418
2.2290539145469666
2.2300511598587036
2.231034247080485
2.2312135696411133
2.2319293220837912
2.2329558610916136
2.23461807568868
2.235089921951294
2.236683960755666
2.2380869030952453
2.2381868243217466
2.2383496284484865
2.2387911597887675
2.2401765743891398
2.2410595218340554
2.2422067125638327
2.2424447456995646
2.2433314522107444
2.243405588467916
2.2448875308036804
2.245437029997508
2.246033561229706
2.2466973225275675
2.2469032565752665
2.2480293194452923
2.2486830075581867
2.2498672445615133
2.250335498650869
2.2520356853803
2.2521029194196065
2.252446738878886
2.2526389360427856
2.252966741720835
2.2535752932230633
2.2539735039075217
2.256094797452291
2.257175596555074
2.257834271589915
2.2586495876312256
2.258753212292989
2.260375503698985
2.261305061976115
2.2613590439160665
2.261422840754191
2.2637316505114238
2.2642279187838237
2.2648515065511066
2.2651095072428387
2.2662975708643596
2.266407843430837
2.268331229686737
2.2697196046511334
2.270349303881327
2.270851941903432
2.2708741704622906
2.271992492675781
2.272428933779399
2.2726555307706198
2.2737359245618185
2.274632986386617
2.2753090858459473
2.2755387385686237
2.276199777921041
2.27761683066686
2.2783090631167093
2.2789453069368997
2.2802060286204022
2.2803121407826743
2.280319352944692
2.280878976980845
2.281796705722809
2.2835232416788735
2.2836501836776733
2.283774761358897
2.285354769229889
2.2861823797225953
2.286601229508718
2.287094040711721
2.287840970357259
2.2892274498939513
2.289500339825948
2.2912177284558615
2.292974531650543
2.293098783493042
2.2935627063115436
2.2940091490745544
2.2946559230486554
2.2951639691988626
2.295993940035502
2.296199548244476
2.297197242577871
2.2985265652338662
2.298825756708781
2.299973428249359
2.300552248954773
2.300579889615377
2.3029512723286945
2.3034162203470867
2.3040701270103456
2.3048338452974955
2.305029853185018
2.3050733764966327
2.306427037715912
2.306721516450246
2.3089571754137674
2.3106090505917867
2.3109375754992167
2.3110677282015484
2.311203956604004
2.311950675646464
2.3121840079625446
2.3145864446957907
2.315273384253184
2.3154741962750753
2.316494373480479
2.317172412077586
2.3186752597490945
2.3191569248835244
2.3195348819096884
2.31970001856486
2.320133316516876
2.3202746669451395
2.3204333662986754
2.3209693233172097
2.3220612605412803
2.3224340359369915
2.3228745619455973
2.3238067547480266
2.3254927237828573
2.3259026408195496
2.326163911819458
2.3268191973368326
2.327248585224152
2.328042948246002
2.328405491511027
2.331491645177205
2.3320091048876446
2.3321959098180134
2.333161350091298
2.3335727572441103
2.3356513738632203
2.3358662406603496
2.336474386850993
2.3373016993204754
2.3378907283147177
2.3389063199361164
2.340118690331777
2.3417620499928793
2.3417909105618793
2.3422186374664307
2.342422576745351
2.3442849079767862
2.3450565218925474
2.345092550913493
2.345521100362142
2.3465116659800214
2.3482205867767334
2.3484646876653037
2.3492535948753357
2.349459727605184
2.3505215605099994
2.3506488760312396
2.351418399810791
2.3526122013727826
2.3527028640111287
2.3538092494010927
2.3539969325065613
2.3550788799921674
2.355256779988607
2.356562062104543
2.357828712463379
2.358100398381551
2.35885667403539
2.359005320072174
2.359546450773875
2.3614846030871073
2.362189435958862
2.3625111103057863
2.362741804122925
2.362987307707469
2.3658459703127543
2.3669821341832478
2.36699599424998
2.36722381512324
2.3687674522399904
2.3695600867271422
2.36963453690211
2.370567842324575
2.3718611439069113
2.371872532367706
2.372004473209381
2.373475917180379
2.373486665884654
2.375218594074249
2.3752389629681905
2.3761590361595153
2.3767482956250507
2.3767796595891317
2.377550212542216
2.377626844247182
2.3804166833559672
2.381223758061727
2.3818489710489907
2.3829450607299805
2.3838253140449526
2.384173615773519
2.3845409512519837
2.3849171797434487
2.385758074124654
2.3860724568367004
2.3874322692553203
2.389511156082153
2.390184239546458
2.3905401388804117
2.3905602216720583
2.391202783584595
2.391241470972697
2.391274352868398
2.393745795885722
2.395263652006785
2.3957297523816425
2.396100032329559
2.3963404655456544
2.396445631980896
2.3975913763046264
2.3976608912150064
2.3980800827344257
2.4001840631167095
2.400728384653727
2.401176146666209
2.4012887795766193
2.402207684516907
2.4022573630015054
2.4037304639816286
2.4048595706621807
2.40521506468455
2.406212321917216
2.4063992857933045
2.406443985303243
2.407512541611989
2.408864947160085
2.4094242731730144
2.410058240095774
2.4108330726623537
2.41163862546285
2.4130492369333902
2.413166089852651
2.413440986474355
2.4140618681907653
2.4149179498354596
2.415749669075012
2.416449252764384
2.4184351762135825
2.419057250022888
2.4201340595881145
2.4202013850212096
2.4204692681630453
2.4220617254575094
2.4221357544263205
2.4224253217379252
2.4232985258102415
2.4240158518155415
2.4264343976974487
2.4264864246050517
2.426887599627177
2.427867643038432
2.428338658809662
2.4300781806310017
2.4304985205332437
2.4308079997698466
2.4313700596491494
2.4328205585479736
2.4336838245391847
2.4355626026789348
2.43557649453481
2.4368184328079225
2.436985460917155
2.4383676052093506
2.4383862257003783
2.4397615989049277
2.440271846453349
2.4405454874038695
2.441405888398488
2.441473396619161
2.4429670453071592
2.4439452211062114
2.4442379236221314
2.4451355735460916
2.4456098635991412
2.445869743824005
2.4461160699526467
2.4469882448514304
2.447145728270213
2.447605268160502
2.4494590044021605
2.4504479209582013
2.4509224772453306
2.4524193962415057
2.4536887725194294
2.4544172366460164
2.4557918508847556
2.456451956431071
2.4572471578915915
2.4574218153953553
2.45781329870224
2.4581608414649962
2.4589176774024963
2.4590697725613913
2.459532090028127
2.4609761397043863
2.4618229428927103
2.4623271385828653
2.463734499613444
2.4639251112937925
2.4646097977956134
2.464945332209269
2.466422939300537
2.4675473531087238
2.4680494109789533
2.4685364365577698
2.469489888350169
2.4706652998924254
2.471491833527883
2.4718855301539104
2.4719192067782085
2.473174289862315
2.4733650008837382
2.474357016881307
2.4754123767217
2.475648510456085
2.4784619092941282
2.478734807173411
2.479195229212443
2.4794833501180014
2.4799131393432616
2.480298948287964
2.480525255203247
2.481427216529846
2.482464627424876
2.4833373030026755
2.4852141698201495
2.4853043874104817
2.4855118791262307
2.485649005572001
2.4859835624694826
2.486024785041809
2.486082375049591
2.488297724723816
2.4887972235679627
2.4892948945363362
2.489478826522827
2.489506979783376
2.4903137922286986
2.4929946939150494
2.493886721134186
2.494999587535858
2.4950435241063436
2.4952234307924908
2.496666749318441
2.496834484736125
2.4969806472460427
2.497138420740763
2.497518054644267
2.497918685277303
2.500265638033549
2.5005148967107136
2.5018714388211567
2.502398165067037
2.5026316324869793
2.5030303517977397
2.5038312594095866
2.504492962360382
2.5051416675249736
2.5055246512095133
2.506806715329488
2.5074145793914795
2.5088212450345355
2.509676289558411
2.5104222853978473
2.5106377402941384
2.5110580285390216
2.511690386136373
2.5123371203740437
2.5124597390492758
2.516103756427765
2.516986660162608
2.517153028647105
2.517525243759155
2.5183364470799763
2.518695664405823
2.520261243979136
2.520745646953583
2.521527381738027
2.5227051337560016
2.524799144268036
2.524973213672638
2.525073703130086
2.5254631956418354
2.5258829832077025
2.52740372021993
2.5276018261909483
2.5287587443987527
2.5300772309303285
2.530966567993164
2.5325877110163373
2.5329856077829995
2.5332496047019957
2.533768848578135
2.534812339146932
2.5353395024935406
2.535941207408905
2.536749843756358
2.5386034568150837
2.538972004254659
2.5399682958920797
2.5412115891774496
2.541648038228353
2.5420322100321453
2.5421066761016844
2.5441779653231302
2.5450460076332093
2.546545163790385
2.547129416465759
2.547165064016978
2.5492560068766275
2.549535644054413
2.5502639015515647
2.5506075342496235
2.551978866259257
2.5522364576657615
2.5535910685857135
2.5538291414578755
2.5549335638682047
2.5554471294085186
2.5561771909395854
2.556914436817169
2.557025929292043
2.5591548562049864
2.5592888951301576
2.561762336889903
2.561971962451935
2.5619903167088824
2.5621783256530763
2.562492863337199
2.5625750541687013
2.5633089423179625
2.5647009293238323
2.565321159362793
2.566261061032613
2.5665778557459515
2.56721674601237
2.5681097586949666
2.5687885800997416
2.569219470024109
2.569334530830383
2.571824022134145
2.57309650182724
2.5736620306968687
2.5737212856610614
2.575047747294108
2.5751965721448262
2.5765747865041098
2.576902651786804
2.5770078976949056
2.577711832523346
2.577877394358317
2.578096890449524
2.579897964000702
2.58035968542099
2.581326945622762
2.582255931695302
2.582304847240448
2.583138064543406
2.5831464568773908
2.5837663571039835
2.5857053279876707
2.5859691381454466
2.5862539052963256
2.5896240433057147
2.589969205856323
2.59080023765564
2.590818206469218
2.591035854816437
2.591117517153422
2.591423201560974
2.592529340585073
2.5937342206637064
2.594493341445923
2.59534383614858
2.5954733808835346
2.5955421765645346
2.5971892277399697
2.597670837243398
2.5980400760968525
2.599917991956075
2.600906304518382
2.60141210158666
2.60170548359553
2.6021867791811624
2.6024016737937927
2.6034430503845214
2.6054451425870258
2.60545494556427
2.605930240948995
2.6070287148157756
2.6085408687591554
2.6113444765408835
2.6114172617594402
2.611779336134593
2.612331775824229
2.612516136964162
2.6127837459246317
2.6132243037223817
2.61367267370224
2.6150866031646727
2.615158454577128
2.6158438404401143
2.6172585527102155
2.618667467435201
2.61883708635966
2.6196390708287556
2.619955575466156
2.620980981985728
2.6219832340876263
2.6223262588183087
2.622503399848938
2.623763902982076
2.6240362246831257
2.6242978016535443
2.6253157536188763
2.625435276826223
2.626132535934448
2.6272729635238647
2.628225839138031
2.6294310371081036
2.6301045536994936
2.6304439226786296
2.631981567541758
2.6324474294980367
2.6329447587331134
2.6341267943382265
2.6342178424199423
2.6358033776283265
2.6359893560409544
2.6363999684651693
2.6370330174763996
2.637600080172221
2.63978951772054
2.6405730684598288
2.6407101273536684
2.6408429384231566
2.6414465149243673
2.641692594687144
2.643941040833791
2.6439775149027507
2.644687056541443
2.645619054635366
2.646797235806783
2.648122270901998
2.648740025361379
2.649410339196523
2.649960247675578
2.6514522790908814
2.652063568433126
2.6521567344665526
2.6529157757759094
2.653930143515269
2.654408510526021
2.656258312861125
2.65628604888916
2.6575056354204816
2.657912250359853
2.658905108769735
2.659355942408244
2.6594999035199485
2.660301911830902
2.6607811212539674
2.6614914099375406
2.66171346505483
2.662255581219991
2.662497901916504
2.662818157672882
2.6629566669464113
2.6648322621981304
2.6649350921312966
2.666182251771291
2.667028772830963
2.668587386608124
2.668904435634613
2.6689996838569643
2.6712313254674274
2.6713011066118875
2.671969938278198
2.672382847468058
2.672890667120616
2.6735827247301738
2.673791766166687
2.6744049072265623
2.6753101110458375
2.6754025260607404
2.675520964463552
2.676419719060262
2.677725684642792
2.67864990234375
2.6790603041648864
2.679875405629476
2.6800334652264914
2.6803175369898478
2.6803844650586446
2.682070291042328
2.6830007791519166
2.6837239503860473
2.6850622057914735
2.6857109904289245
2.686609975496928
2.68663805325826
2.687658508618673
2.6882654150327046
2.688896914323171
2.6899990399678546
2.690304998556773
2.691933767000834
2.692533079783122
2.6930577238400777
2.6935834487279258
2.693762262662252
2.694208792845408
2.694689122835795
2.6949997862180073
2.6958998322486876
2.6967860023180643
2.697316046555837
2.697541038195292
2.698803925514221
2.698998256524404
2.6991334795951842
2.6997291405995685
2.70139133532842
2.7022226254145303
2.702578806877136
2.7027557214101154
2.703646655877431
2.7042739311854045
2.704387354850769
2.7043976267178853
2.704731885592143
2.705973462263743
2.7070311665534974
2.70758638381958
2.7076258858044944
2.707795286178589
2.7085281213124595
2.7094058791796365
2.7104863047599794
2.7106058756510416
2.7108978827794394
2.712068180243174
2.7135268449783325
2.7135334531466166
2.7148285349210104
2.715112260977427
2.716582266489665
2.716643301645915
2.7170804063479106
2.717812252044678
2.720066547393799
2.7201398611068726
2.7203081766764323
2.7204255779584248
2.7205384294191997
2.7223713278770445
2.7238969445228576
2.72397966782252
2.7253084619839987
2.7265172402064004
2.7268091320991514
2.7273906389872233
2.7284199476242064
2.728534293174744
2.730077290534973
2.730478910605113
2.730575398604075
2.730953808625539
2.73106654882431
2.731105581919352
2.7339020371437073
2.734031844139099
2.735332771142324
2.7358946561813355
2.7360977371533712
2.7361881613731383
2.737212800979614
2.7379040519396463
2.7379786809285482
2.7392252564430235
2.7395819465319318
2.7406765659650167
2.7416354854901632
2.7418486992518107
2.7433681448300677
2.743928631146749
2.7442303975423177
2.7450678944587708
2.7457207004229227
2.746303582191467
2.7472558975219727
2.748357812563578
2.748383816083272
2.748991274833679
2.749333910147349
2.7503901084264117
2.7507770737012227
2.75396321217219
2.754787353674571
2.7549598574638368
2.754983866214752
2.7565484007199603
2.7570297757784528
2.757087997595469
2.7572067936261493
2.7578258951505026
2.7589289983113607
2.7593772848447164
2.76015704870224
2.760798533757528
2.7615844368934632
2.7618014375368753
2.7632531762123107
2.7634340445200603
2.76453355550766
2.76539515654246
2.7654422879219056
2.765667434533437
2.7659889380137126
2.7681033333142597
2.769506863753001
2.7698380589485168
2.771472764015198
2.7722641309102376
2.7723348339398703
2.772814742724101
2.773831836382548
2.7739550391832988
2.7740700165430705
2.774684993426005
2.7753819743792216
2.775860150655111
2.7773919105529785
2.778098233540853
2.778889234860738
2.7792929848035177
2.7797131657600405
2.779762860139211
2.782014314333598
2.7828546444574993
2.7831313093503316
2.7837050557136536
2.783721613883972
2.784966810544332
2.785417687892914
2.786203138033549
2.786628325780233
2.786837089061737
2.787079226970673
2.788287675380707
2.7887807130813598
2.7900013446807863
2.7908096234003703
2.7913495024045307
2.79162278175354
2.792644027868907
2.79338196516037
2.7938718676567076
2.7950809319814045
2.7958487629890443
2.7960440516471863
2.7961913267771403
2.796194263299306
2.7962416489919026
2.797314937909444
2.799429698785146
2.7994417945543923
2.799938213825226
2.8004082163174946
2.8010941823323567
2.801511788368225
2.8020222703615825
2.803485957781474
2.804237973690033
2.8048762758572896
2.80514110326767
2.8051559209823607
2.808184838294983
2.8090831716855367
2.80961092710495
2.8097440600395203
2.811595936616262
2.8117952823638914
2.812346891562144
2.813116264343262
2.8134832342465717
2.813756815592448
2.8158087054888408
2.8172065138816835
2.817727100849152
2.818706194559733
2.8189674337704975
2.8191373149553933
2.8194029172261557
2.821298325061798
2.822289788722992
2.8223703066507975
2.8223976492881775
2.822699264685313
2.823748890558879
2.8246262311935424
2.825089701016744
2.825142236550649
2.8272242307662965
2.8277207612991333
2.827819772561391
2.8280901193618773
2.8286084453264873
2.8310591101646425
2.8311974088350933
2.831530511379242
2.831668531894684
2.8323548078536986
2.8327221512794494
2.833389381567637
2.8341167012850446
2.835523537794749
2.835669044653575
2.83778289159139
2.838188155492147
2.8391862312952676
2.839344839255015
2.839856382211049
2.8403587500254313
2.840624495347341
2.842635707060496
2.844189472993215
2.8450170795122784
2.8450491150220234
2.8455376942952473
2.8465752085049947
2.846881874402364
2.8483675718307495
2.849021077156067
2.8499134461085003
2.849960541725159
2.85122412443161
2.851603698730469
2.85173020362854
2.8519151131312053
2.8524626811345417
2.853330373764038
2.85341401497523
2.853868559996287
2.855003122488658
2.856337642669678
2.856477614243825
2.8569395899772645
2.8586734334627786
2.8594853043556214
2.860595115025838
2.8607144633928936
2.861319847901662
2.8613929589589437
2.864108669757843
2.865638033548991
2.866278370221456
2.8663389801979067
2.867412006855011
2.86873410542806
2.869437750180562
2.870756411552429
2.8732186754544577
2.8741868138313293
2.874430259068807
2.8744472821553546
2.875189658006032
2.8757485866546633
2.8766019145647683
2.8772969245910645
2.878059216340383
2.8784966786702473
2.8797454237937927
2.8803697427113852
2.880697758992513
2.8809975544611612
2.881215536594391
2.88123521010081
2.883056632677714
2.8841709812482197
2.8845646580060325
2.8852625489234924
2.885643212000529
2.88603789806366
2.886589825153351
2.886947969595591
2.8889692385991412
2.8890983700752257
2.8894654512405396
2.88974986076355
2.890162165959676
2.8906807978947957
2.8913838068644204
2.8927064975102743
2.892949851353963
2.8944754600524902
2.895055441061656
2.897425027688344
2.8979101538658143
2.89802166223526
2.8982720692952473
2.898396670818329
2.898948585987091
2.899686169624329
2.900854508082072
2.9011755347251893
2.902804752190908
2.903665777047475
2.9038798133532207
2.9045488158861796
2.904587435722351
2.9048020442326865
2.905467108885447
2.9058602174123127
2.9064950704574586
2.906604246298472
2.909539071718852
2.91029505332311
2.910372006893158
2.911051086584727
2.911273161570231
2.9121882716814675
2.9144898811976114
2.914672656853994
2.9147281448046365
2.914803059895833
2.915201898415883
2.9156487782796225
2.917939273516337
2.9188528776168825
2.919132447242737
2.920120815436045
2.9208853403727213
2.9208921829859418
2.920911407470703
2.921193301677704
2.9213876803716023
2.9226117968559264
2.924850801626841
2.925708536307017
2.925759748617808
2.926736533641815
2.927001690864563
2.927218981583913
2.9291279951731366
2.930236260096232
2.9305499672889708
2.932078778743744
2.932381288210551
2.932556899388631
2.9337378978729247
2.9345906654993694
2.935265135765076
2.935758642355601
2.9360524376233417
2.9369128863016765
2.937309952576955
2.9376317342122396
2.939508767922719
2.941281425952911
2.9412950118382772
2.941319640477498
2.9416876554489138
2.9425010482470193
2.9442721605300903
2.9445160309473675
2.94459631840388
2.9451894760131836
2.9459276596705117
2.946233324209849
2.9465158462524412
2.9466368357340493
2.9474217653274537
2.948733127117157
2.9488625009854634
2.94979875087738
2.9505462606747943
2.9506773074467976
2.9509360829989117
2.9516446948051454
2.9522013425827027
2.952879230181376
2.954644052187602
2.9565330942471824
2.95688236951828
2.9569607694943745
2.9577489058176676
2.9580503344535827
2.958994130293528
2.96050994793574
2.9605139970779417
2.961258828639984
2.962114409605662
2.9626434803009034
2.9635709166526794
2.9643289049466452
2.9658100922902424
2.965987706184387
2.966571525732676
2.967135699590047
2.9675179878870646
2.9679065505663553
2.969677790006002
2.9699138164520265
2.970115848382314
2.970802148183187
2.9718485832214356
2.972437087694804
2.9730239073435465
2.9739206035931907
2.974178373813629
2.9753610213597614
2.9753657857577007
2.976422882080078
2.9764743645985923
2.976799523830414
2.9803372383117677
2.9803919831911725
2.980685528119405
2.980749519666036
2.981187677383423
2.981855579217275
2.983115617434184
2.9833683530489603
2.983786944548289
2.985072390238444
2.9852476199467977
2.9857912182807924
2.9864413022994993
2.9869317690531414
2.9880329449971517
2.9887454589207967
2.9891175587972003
2.9892141024271646
2.990931554635366
2.990962266921997
2.991324226061503
2.992094699541728
2.993925452232361
2.994037620226542
2.994176419576009
2.995327623685201
2.995998469988505
2.99723242521286
2.9987324794133503
2.9992005149523417
2.9994686245918274
2.9995448430379232
3.001328448454539
3.0018681208292644
3.0024575114250185
3.004388968149821
3.0044718662897747
3.0053229769070944
3.0055278579394025
3.0059354742368063
3.0061221639315288
3.008072193463643
3.0084466139475503
3.0085821906725565
3.0089874068895974
3.011186977227529
3.0118315974871317
3.0125161012013755
3.012701443831126
3.013184050718943
3.0135346094767255
3.0146365483601887
3.0146522641181948
3.014836152394613
3.0158883055051167
3.016836925347646
3.0169703364372253
3.017330292860667
3.0177501678466796
3.0200544357299806
3.0201902190844216
3.02024515469869
3.0210062861442566
3.021298352877299
3.0217686772346495
3.0225180824597677
3.023043779532115
3.0239495038986206
3.0249513546625773
3.0251160264015198
3.0256209135055543
3.0261194547017416
3.0262850483258563
3.02864085038503
3.02866678237915
3.0293724377950033
3.0293787995974224
3.029598832130432
3.0314845204353333
3.031677508354187
3.0327569087346395
3.0335614919662475
3.034133231639862
3.0350319465001423
3.0361471931139628
3.036365481217702
3.0366891622543335
3.037667449315389
3.038025800387065
3.0385510007540386
3.0389505863189696
3.0389887491861978
3.040304684638977
3.040400743484497
3.0410221417744956
3.0412855625152586
3.041865833600362
3.041900555292765
3.0425444563229878
3.0429093639055886
3.0445990443229674
3.045426340897878
3.0460291425387065
3.0482236742973328
3.0489541133244833
3.049298663934072
3.049350655078888
3.0493890404701234
3.051812986532847
3.053473194440206
3.05376447836558
3.0548229773839313
3.0553335309028626
3.0569214185078937
3.0577304283777873
3.0579578121503195
3.058033215999603
3.0586363077163696
3.059351015090942
3.059987012545268
3.062053346633911
3.062607491016388
3.062801174322764
3.0630297660827637
3.063263161977132
3.0647411227226256
3.064832886060079
3.066348354021708
3.0672332048416138
3.067334047953288
3.0681880911191306
3.0690120140711468
3.0700018922487895
3.0704439282417297
3.0704677224159242
3.0718920985857645
3.07273907661438
3.0732990860939027
3.073712182044983
3.0743447383244833
3.0752136508623757
3.0756123820940653
3.0756184379259746
3.076554985841115
3.077156154314677
3.0788578430811566
3.0801599820454917
3.0807968656222027
3.0811466217041015
3.0820112148920695
3.0831780314445494
3.084279529253642
3.085057882467906
3.085657600561778
3.085682249069214
3.0857285221417743
3.086558266480764
3.0870750665664675
3.0884915908177693
3.0888174533843995
3.0897687395413715
3.0903160413106283
3.0914883454640707
3.092158587773641
3.0923107385635378
3.0925096313158673
3.093444367249807
3.0934593796730043
3.0950104236602782
3.0960699319839478
3.097562531630198
3.097772963841756
3.0979730248451234
3.098666234811147
3.0990285356839498
3.099656625588735
3.100529702504476
3.1008052150408427
3.101444474856059
3.102059813340505
3.1037676771481832
3.1050408403078715
3.106086544195811
3.106178895632426
3.106189489364624
3.107015371322632
3.1071091930071515
3.108314073085785
3.109730108579
3.1099021474520367
3.1100316365559895
3.110065241654714
3.1102269609769184
3.1108256220817565
3.112215685844421
3.1132132411003113
3.113352700074514
3.1142991026242575
3.11443266471227
3.115472348531087
3.117523105939229
3.117662270863851
3.1177751342455546
3.117924177646637
3.118142859141032
3.118610668182373
3.1195482571919757
3.1200885732968646
3.1206470370292663
3.1213265617688495
3.1229875485102334
3.1232225060462953
3.123927132288615
3.124498116970062
3.1245537360509235
3.1246076901753743
3.1260677059491475
3.126868697007497
3.1268886009852093
3.127354880174001
3.1285878578821817
3.1289787769317625
3.1293229858080545
3.1293260931968687
3.129422064622243
3.1312941988309224
3.1313673416773478
3.132124936580658
3.1326603015263874
3.1333860834439595
3.133631213506063
3.1348384499549864
3.137469426790873
3.1375694076220193
3.1376161336898805
3.1379351377487184
3.1382432500521342
3.139707565307617
3.1406864722569785
3.141218336423238
3.1423144340515137
3.1444002350171405
3.1451039711634317
3.145290962855021
3.1461601575215656
3.1462153673171995
3.146424869696299
3.1481039921442666
3.1485971331596376
3.148945168654124
3.1497898658116656
3.1498200217882792
3.1499226450920106
3.1514458815256754
3.15172149737676
3.1518376668294272
3.1533069054285687
3.1543898661931355
3.1544396320978803
3.1549527009328204
3.155096936225891
3.1553115447362265
3.156807454427083
3.1583079218864443
3.15865820646286
3.158805231253306
3.159020781517029
3.1597377975781757
3.1601138631502788
3.1605358521143594
3.1606615662574766
3.162874221801758
3.163415209452311
3.1646586855252585
3.165679673353831
3.1658641854921976
3.16598402261734
3.1664523045221964
3.1668051799138386
3.167931608359019
3.168228300412496
3.169976858297984
3.170502483844757
3.170877742767334
3.1712175408999124
3.171515675385793
3.1720163345336916
3.1736559232076007
3.173970897992452
3.174521203835805
3.175879160563151
3.176049872239431
3.1760722438494366
3.1772976597150167
3.1786539912223817
3.1798023621241254
3.1800580620765686
3.180214031537374
3.1805903752644857
3.1813337445259093
3.1838682293891907
3.1839245915412904
3.1844980637232463
3.186033574740092
3.1861030300458273
3.187312865257263
3.1881590247154237
3.1883278489112854
3.189372412363688
3.189518090089162
3.1906460086504618
3.1927735487620037
3.1939682960510254
3.1956153909365335
3.1958937446276345
3.1960757692654926
3.196093817551931
3.1965736667315165
3.1968019525210063
3.1979440887769064
3.1992112477620442
3.199347714583079
3.1995872020721436
3.1997066140174866
3.2002254406611126
3.2013242204984027
3.202233664194743
3.202285341421763
3.202448312441508
3.203062283992767
3.204117969671885
3.2042333165804546
3.2042552709579466
3.2047823031743365
3.2047902901967364
3.204841383298238
3.2078153769175213
3.2085122148195904
3.2085228602091473
3.2089783628781636
3.2089948296546935
3.2090115189552306
3.2100130637486775
3.210765743255615
3.2111005902290346
3.21170916557312
3.21286100546519
3.2130224823951723
3.213037359714508
3.2153634746869404
3.215561910470327
3.2161863168080647
3.21639404296875
3.2163999835650126
3.2168440024058023
3.218615694840749
3.2197364370028176
3.2207098881403606
3.221248511473338
3.221406551202138
3.2214906334877016
3.2220431089401247
3.2227882107098895
3.2237146457036334
3.2238985935846967
3.224855629603068
3.225632647673289
3.2257142861684165
3.2265137513478597
3.2265371322631835
3.2273124059041343
3.2276417016983032
3.227748207251231
3.228895874818166
3.2300097544988
3.230582328637441
3.2308223605155946
3.231665253639221
3.2320772767066956
3.233492664496104
3.2338568925857545
3.234119387467702
3.2341524521509806
3.234325595696767
3.23569393157959
3.2357435981432596
3.235824720064799
3.2361024300257366
3.238321618239085
3.2383885939915973
3.2384699026743573
3.2393689354260764
3.239757788181305
3.240052882830302
3.2412104407946267
3.241304802894592
3.241697688897451
3.2429161787033083
3.2433749079704284
3.244352559248606
3.24592338403066
3.2459826270739236
3.2460396885871887
3.246090026696523
3.2461631337801617
3.247180477778117
3.247368065516154
3.248649231592814
3.2494775931040447
3.2508004705111184
3.2510281682014464
3.2516575932502745
3.2521299799283345
3.2522878805796305
3.2533594449361165
3.2539164900779722
3.2548033078511556
3.2551913340886434
3.255751065413157
3.2569212079048158
3.2569867889086406
3.258797359466553
3.2588610212008158
3.2611858248710632
3.2614468495051065
3.261887021859487
3.2622901519139607
3.2623244206110638
3.2630655487378437
3.263809569676717
3.2641255577405293
3.2652586460113526
3.2669949173927306
3.2678605794906614
3.2682973543802896
3.268475910027822
3.2688732782999677
3.2693379282951356
3.2700039664904277
3.2700558503468833
3.2710208733876547
3.2720802585283915
3.2728350281715395
3.2730211496353148
3.2733320355415345
3.2743822733561196
3.2746273716290792
3.27536940574646
3.2760561307271323
3.276251935958862
3.277267364660899
3.2789241949717205
3.2799083749453226
3.280114841461182
3.280535550912221
3.2812544147173566
3.2820452570915224
3.282171881198883
3.282606041431427
3.2837297598520916
3.283772627512614
3.2840238134066264
3.285450255870819
3.285500168800354
3.2881507515907287
3.288295316696167
3.290471394856771
3.291060713926951
3.291193413734436
3.2912456591924033
3.291435472170512
3.292228861649831
3.2940958539644876
3.2945064266522723
3.294691256682078
3.2957207719484964
3.295918011665344
3.2960804303487143
3.296881826718648
3.2984341462453206
3.2995176990826924
3.299658449490865
3.2998778581619264
3.3002480427424112
3.3005383332570393
3.3019500374794006
3.3026833454767863
3.3037989179293317
3.3044792493184407
3.3046343485514322
3.3058991988499957
3.3059797485669455
3.307668201128642
3.3079953749974567
3.308074442545573
3.3089294989903766
3.309178908665975
3.309956689675649
3.3101762930552163
3.310717964172363
3.3115623116493227
3.311794197559357
3.3135297020276386
3.313723079363505
3.3140474041303
3.314250671863556
3.3147911628087363
3.314828610420227
3.315344734986623
3.315704572200775
3.3172051390012105
3.3175826191902162
3.318556272983551
3.319394508997599
3.3202621221542357
3.3207728703816732
3.3207900126775107
3.321380563577016
3.321885581811269
3.322960086663564
3.3247902552286783
3.3248180905977884
3.325061603387197
3.325472621122996
3.3255491813023883
3.326191504796346
3.3276811003685
3.328331919511159
3.328640353679657
3.3290408134460447
3.3294951279958087
3.3295133113861084
3.330238405863444
3.3309805393218994
3.3318162004152936
3.332726228237152
3.332957184314728
3.332990006605784
3.3339238286018373
3.33474839925766
3.3354371507962544
3.3359878301620483
3.3368683656056723
3.3380287806193034
3.338892674446106
3.3389731566111247
3.3396889011065167
3.3399383862813314
3.3405242482821147
3.3409290591875713
3.341670258839925
3.3418304840723674
3.342893962065379
3.3440511266390485
3.3442397554715475
3.3445799271265666
3.34514319896698
3.345998732248942
3.3460617820421854
3.3462881724039715
3.3464210589726764
3.3469874699910482
3.3491223653157554
3.349825119972229
3.3503010471661887
3.350404715538025
3.3505568782488506
3.3511731227238974
3.35123724937439
3.3512938459714254
3.352337288856506
3.3525679032007853
3.353990976015727
3.3559619347254435
3.356093108654022
3.357544728120168
3.357702541351318
3.3586198488871255
3.3592024127642315
3.359379013379415
3.359385585784912
3.360598393281301
3.360800341765086
3.3609315156936646
3.361308244864146
3.363357400894165
3.3638667265574136
3.3644557873408
3.3647160212198894
3.365109896659851
3.3652724663416547
3.3662963032722475
3.3676987965901692
3.3683031956354776
3.3684444149335224
3.3704313317934673
3.3710909763971966
3.371103771527608
3.371925369898478
3.372365466753642
3.3738148689270018
3.3742383480072022
3.374878958861033
3.375087094306946
3.376067252953847
3.378104639053345
3.378406751155853
3.379869826634725
3.3799177328745524
3.3803783416748048
3.3810278177261353
3.381100090344747
3.38338987827301
3.3833924810091656
3.3841128945350647
3.3842801014582315
3.384587788581848
3.385054957866669
3.3851985613505047
3.3858516653378805
3.385907944043477
3.38657732407252
3.387036434809367
3.388596224784851
3.3889962951342265
3.3892881631851197
3.3897006352742514
3.389865251382192
3.390725056330363
3.390837812423706
3.391695868968964
3.3917504509290057
3.393097408612569
3.3937225143114724
3.3949527581532797
3.395026242733002
3.3956685702006024
3.3956982572873433
3.395915134747823
3.3974362055460614
3.3979484995206195
3.3989874760309857
3.3990251064300536
3.399738546212514
3.399746076265971
3.400953420003255
3.401508565743764
3.4021919131278993
3.402536718050639
3.4031287829081216
3.4040711522102356
3.404700930913289
3.4047069867451984
3.405521818002065
3.4069741566975913
3.4085936427116392
3.4086639205614726
3.409271820386251
3.4108636180559793
3.411057762304942
3.4124249974886576
3.4132834474245706
3.4144935131073
3.4150004466374715
3.4155030091603598
3.4163445671399435
3.416426253318787
3.4174959778785707
3.4178168773651123
3.4193489154179892
3.419417981306712
3.4202826579411822
3.4209272424379984
3.4215269088745117
3.422365093231201
3.4223713954289754
3.4225116928418475
3.424117358525594
3.424389334519704
3.425654931863149
3.4272711992263796
3.427397835254669
3.4275237401326497
3.4276979843775432
3.4285203138987224
3.4289259473482767
3.4301706830660503
3.430475608507792
3.4309967398643493
3.431104036172231
3.431652291615804
3.4316824197769167
3.432475741704305
3.4345117529233296
3.4348555485407513
3.4359006603558857
3.4367687543233236
3.4367846608161927
3.4368829488754273
3.4374163190523785
3.4374733686447145
3.437951596577962
3.43986630042394
3.4403865138689675
3.4409976919492085
3.442168911298116
3.442448385556539
3.4429871678352355
3.4430779933929445
3.4442721446355185
3.4446104566256204
3.4453049063682557
3.4458882729212443
3.4470780452092487
3.4478893001874287
3.449295337994893
3.4495273272196454
3.4496328552563984
3.44982639948527
3.452207632859548
3.4524513125419616
3.4531376361846924
3.453681786855062
3.4547410726547243
3.4549936413764955
3.4550601720809935
3.456102987130483
3.4567769606908163
3.4581687410672504
3.4588768084843955
3.459114909172058
3.4592170834541323
3.4592568039894105
3.460422086715698
3.4610798994700116
3.46283776362737
3.4630293687184652
3.4633692622184755
3.4638997475306192
3.464071500301361
3.4641062060991925
3.4672083218892413
3.468131975332896
3.4684301058451337
3.4684792280197145
3.468674564361572
3.468677012125651
3.469676470756531
3.4698564648628234
3.4719399333000185
3.4729400714238485
3.4730453928311666
3.4735631624857586
3.4738301197687784
3.4741503834724425
3.4744672656059263
3.4768447717030844
3.4780394315719603
3.478547751903534
3.478570218880971
3.478683626651764
3.480397415161133
3.4804118871688843
3.48071281115214
3.4818540891011556
3.482568021615346
3.482815686861674
3.4832136313120525
3.483705449104309
3.4844886898994445
3.4849481185277305
3.4852920889854433
3.485724767049154
3.486393761634827
3.4876205921173096
3.4877252141634623
3.4881957213083905
3.4886035044987995
3.4886562784512836
3.488924233118693
3.490595002969106
3.4906036774317424
3.491040507952372
3.4917805989583335
3.4918871760368346
3.4927597880363463
3.4928120017051696
3.4948079427083334
3.4953288674354552
3.4954962650934855
3.4956230998039244
3.495820887883504
3.4962676922480265
3.496448620160421
3.496779437859853
3.4979252020517984
3.4983583291371665
3.499714950720469
3.4999300956726076
3.50206108490626
3.5021736065546674
3.5024861017862956
3.503130837281545
3.5032183369000753
3.5048835555712383
3.505245081583659
3.5062586466471353
3.5067214647928875
3.50768088499705
3.5079787373542786
3.508174101511637
3.509117118517558
3.5093580444653827
3.509461979071299
3.5111153682072955
3.5112701217333475
3.5113571683565774
3.512893561522166
3.513286844889323
3.513524301846822
3.5135945002237956
3.5149540225664775
3.5154376228650412
3.5173112591107687
3.5173348426818847
3.5179600874582926
3.5184793949127195
3.519198556741079
3.5192693988482158
3.5201523741086325
3.520261788368225
3.5208761135737103
3.521367911497752
3.522348968187968
3.522698982556661
3.5236048301060996
3.5243920127550763
3.5246848702430724
3.524899689356486
3.525047234694163
3.5252488295237225
3.527659984429677
3.5277066191037494
3.5279642224311827
3.5291771213213603
3.52994509935379
3.5299965023994444
3.5305747787157693
3.5317819356918334
3.532107957204183
3.5325777610143025
3.5330207069714863
3.533098332087199
3.533340342839559
3.5348602612813314
3.535892653465271
3.5366631309191385
3.53752658367157
3.5378755728403726
3.538125383853912
3.539013401667277
3.539294727643331
3.5393097122510273
3.539971911907196
3.5406320254007975
3.540953052043915
3.5412230372428892
3.541473178068797
3.542520610491435
3.5439619779586793
3.54423752228419
3.544481321175893
3.5449772397677104
3.545066817601522
3.5454601407051087
3.54573335647583
3.5480430364608764
3.548749268054962
3.5489981373151145
3.549468493461609
3.5499205350875855
3.550508447488149
3.550889956951141
3.5516403277715045
3.5531189958254497
3.5531313021977744
3.553419554233551
3.5547292987505594
3.5559803167978923
3.557491898536682
3.557837700843811
3.5588605920473735
3.559146698315938
3.5605321288108827
3.5611502647399904
3.56146666208903
3.5620056271553038
3.5622687856356303
3.562328310807546
3.5652780691782633
3.5653043588002524
3.5655891497929892
3.5665274898211163
3.567184154192607
3.5681610465049745
3.5684144934018454
3.568564772605896
3.5690310041109723
3.5695426940917967
3.5701359351476034
3.5704058170318604
3.57069046497345
3.5714864253997805
3.5727620482444764
3.573001678784688
3.5732192039489745
3.5745697299639385
3.575746504465739
3.576418948173523
3.576521424452464
3.577284304300944
3.5772992531458536
3.577879536151886
3.577991553147634
3.5796589255332947
3.579823990662893
3.5816328525543213
3.5820155262947084
3.582157297929128
3.5829225460688274
3.583597731590271
3.583933957417806
3.5845944046974183
3.5855008641878765
3.5857675552368162
3.5861419399579364
3.5861462076505024
3.587681190172831
3.5880378683408103
3.5898493051528932
3.5906694213549297
3.5908274094263715
3.5912418365478516
3.591810917854309
3.5925949851671857
3.5936283906300863
3.594441282749176
3.594513173898061
3.595131973425547
3.5957605481147765
3.595970006783803
3.597546656926473
3.5981882214546204
3.5983677387237547
3.598708522319794
3.599002480506897
3.5990527947743733
3.600994825363159
3.60267041126887
3.602709404627482
3.6028578599294026
3.605162199338277
3.605263411998749
3.6054769158363342
3.605933980147044
3.6067046801249187
3.607295370101929
3.6075544873873393
3.60838938554128
3.610429108142853
3.6112804969151813
3.6125041882197064
3.6125688831011455
3.6127902984619142
3.613448723157247
3.6137226700782774
3.6145328998565676
3.61645857890447
3.616893724600474
3.616902848084768
3.61711391210556
3.617174716790517
3.6171767393747967
3.6181713342666626
3.6181991338729858
3.6209943175315855
3.6212890187899274
3.6213050762812298
3.621338391304016
3.6217456380526225
3.623635498682658
3.623881177107493
3.6251596331596376
3.6256476561228435
3.625722316900889
3.626381981372833
3.626696542898814
3.6278992652893067
3.6289555430412292
3.6298295577367146
3.62986935377121
3.6300416668256124
3.6303935925165813
3.6308016975720725
3.631369992097219
3.6346975485483806
3.635208837191264
3.636401053269704
3.6365938901901247
3.6367669304211936
3.6370105465253193
3.6370895902315774
3.6374281565348308
3.6394181489944457
3.6401044726371765
3.641034166018168
3.641209391752879
3.641637861728668
3.642401476701101
3.6432904402414956
3.644131020704905
3.6442909081776937
3.6458093404769896
3.646487005551656
3.6465286016464233
3.6472410321235658
3.6477373123168944
3.6479268193244936
3.6480051040649415
3.6500390648841856
3.650169789791107
3.651343830426534
3.6517117341359455
3.6518394708633424
3.6523354411125184
3.652558930714925
3.653607928752899
3.6550569931666055
3.655366281668345
3.655715314547221
3.65605521996816
3.6571293592453005
3.6574376622835794
3.6577533801396687
3.659387687842051
3.6596789240837095
3.6602063258488973
3.660235313574473
3.6603514750798545
3.6616601745287576
3.6619306882222493
3.662323554356893
3.664935501416524
3.666010868549347
3.6665255268414816
3.6668123324712116
3.6669339418411253
3.6672536015510557
3.6675389766693116
3.667902207374573
3.6687315543492636
3.669153932730357
3.670193024476369
3.671050500869751
3.6715166171391806
3.6719821254412333
3.6733595013618467
3.674059053262075
3.6744553446769714
3.6755685965220133
3.676300223668416
3.6775842388470967
3.6781030615170796
3.6781174143155417
3.6789846340815227
3.6791272362073264
3.67938973903656
3.680350128809611
3.682259960969289
3.6825421611467997
3.68271435101827
3.68318772315979
3.683266254266103
3.68335843483607
3.68509924809138
3.6851471106211346
3.6854783654212953
3.6863873402277627
3.686429043610891
3.6870641787846883
3.687958371639252
3.688666212558746
3.6896425127983092
3.6910272240638733
3.691090726852417
3.691290493806203
3.6913071314493817
3.6922213157018025
3.6922688245773316
3.6928766926129657
3.694317094484965
3.6946992675463357
3.695645785331726
3.6959895690282187
3.6960429708162943
3.696467224756877
3.6975685437520345
3.6983793218930563
3.6984160621960958
3.6999908169110616
3.700210420290629
3.7002500812212626
3.7009182373682656
3.701211110750834
3.701862017313639
3.703386974334717
3.7034329533576966
3.703546766440074
3.70377916097641
3.7042587677637737
3.7048046628634137
3.704949426651001
3.7051285028457643
3.706628064314524
3.707126569747925
3.7071709116299947
3.708871297041575
3.709067396322886
3.7095511039098104
3.7099027236302695
3.710687291622162
3.711307406425476
3.7115193168322245
3.711831017335256
3.7148637453715008
3.715317690372467
3.7160196900367737
3.716304298241933
3.716378021240234
3.716633335749308
3.7178774237632752
3.7191147565841676
3.7195058107376098
3.7196802536646527
3.720064568519592
3.720651853084564
3.7208686033884684
3.720979408423106
3.7210706233978272
3.7219627300898233
3.7229007562001546
3.722910189628601
3.723827318350474
3.7247093598047893
3.725048057238261
3.725130828221639
3.725189157327016
3.725413688023885
3.725721776485443
3.727853846549988
3.7288679520289105
3.728948684533437
3.7297699371973674
3.730020733674367
3.7301963766415915
3.7315192858378095
3.731865092118581
3.73273016611735
3.733037308851878
3.734541110197703
3.7349056402842202
3.7359277963638307
3.7359660029411317
3.736043445269267
3.7379836638768515
3.738448210557302
3.7392877538998923
3.739946715037028
3.7399605989456175
3.7401235938072204
3.740264383951823
3.7410624305407207
3.7415770173072813
3.7439459204673766
3.743985406557719
3.744565220673879
3.744627328713735
3.744981563091278
3.7454225063323974
3.7468707084655763
3.747857964038849
3.747987679640452
3.748814066251119
3.7492586016654967
3.7494805455207825
3.750591782728831
3.751761527856191
3.752093247572581
3.7521514455477396
3.7538699944814047
3.754272945721944
3.7549485127131144
3.755500344435374
3.755536595980326
3.7559598445892335
3.7565360069274902
3.7569914857546487
3.7572838107744855
3.759187646706899
3.759910074869792
3.760371939341227
3.7609212160110475
3.7609368205070495
3.7616979002952577
3.7626648545265198
3.762810770670573
3.764568118254344
3.7647894819577536
3.7651719053586326
3.7652448614438376
3.765957033634186
3.765972896416982
3.7668439586957296
3.7681871453921
3.768601592381795
3.7689565062522887
3.7690765062967935
3.769723987579346
3.7698718468348185
3.770653748512268
3.7713814616203307
3.7723809281984964
3.7725151975949607
3.7727765639623008
3.7729276458422345
3.7737048188845317
3.7744364539782205
3.775100878874461
3.7759089350700377
3.7765196998914083
3.7775039394696552
3.777710787455241
3.7783339897791546
3.7790101687113444
3.7790890455245973
3.779275596141815
3.7807587067286175
3.7810884952545165
3.7811559875806173
3.7819871306419373
3.782836890220642
3.783657745520274
3.7836650530497233
3.784908680121104
3.7852981249491373
3.7855656862258913
3.7864007115364076
3.7872960726420084
3.787548637390137
3.7883382638295493
3.788345130284627
3.7897902011871336
3.7899670203526816
3.7907073497772217
3.790745162963867
3.7909828861554464
3.7918400804201764
3.792711079120636
3.7929448008537294
3.7930630087852477
3.79358921845754
3.7937822500864664
3.794464047749837
3.796686510245005
3.7970993598302205
3.7975531419118247
3.7977857033411664
3.798840324083964
3.798867932955424
3.7989321112632752
3.8001111507415772
3.8002705534299213
3.802835949261983
3.803234004974365
3.8036288539568583
3.8036466677983602
3.8044162074724834
3.806265477339427
3.806429612636566
3.807176677385966
3.8071919838587442
3.808925481637319
3.808933718999227
3.809187646706899
3.809425675868988
3.809993080298106
3.8101717789967853
3.812322481473287
3.812621529897054
3.812689507007599
3.812704869111379
3.8134949604670205
3.8149264375368754
3.8153585751851398
3.8154688358306883
3.817274447282155
3.8184880137443544
3.818762524922689
3.8190703988075256
3.8197261015574138
3.820048443476359
3.820882034301758
3.8210060358047486
3.8210872292518614
3.8227349877357484
3.822827231884003
3.8237210512161255
3.823909878730774
3.8245315472284953
3.8248417496681215
3.8252169171969097
3.82537149588267
3.827551738421122
3.827608903249105
3.829248309135437
3.8296266237894696
3.830395591259003
3.8305369218190513
3.8307324767112734
3.830948805809021
3.8309878945350646
3.8325040062268574
3.83307896455129
3.833142375946045
3.8341558535893756
3.835161018371582
3.835750234127045
3.8375967303911844
3.8379048109054565
3.8386948267618815
3.838726115226746
3.839095870653788
3.839293658733368
3.840599799156189
3.84063294728597
3.8406700412432353
3.8415584564208984
3.841943577925364
3.8433419863382974
3.8436955054601034
3.844478984673818
3.84471888144811
3.845615569750468
3.846585953235626
3.847396266460419
3.8480769832928976
3.8480813185373943
3.8502404570579527
3.850533489386241
3.850536282857259
3.8506967504819234
3.8515949686368307
3.8522621671358745
3.852481202284495
3.852706182003021
3.8528303702672324
3.854766801993052
3.855850108464559
3.8561304847399396
3.856469813982646
3.856527503331502
3.856889541943868
3.85696173508962
3.858004339536031
3.859258683522542
3.8601584394772845
3.8601813475290934
3.860235563913981
3.860415271917979
3.8607720454533894
3.8615264376004537
3.8616025845209756
3.861790613333384
3.8628886381785077
3.86388605038325
3.8647667805353803
3.865247956911723
3.8653260231018067
3.865362620353699
3.866273510456085
3.8673792719841003
3.8681352655092875
3.868378774325053
3.8684974749883017
3.868885358174642
3.868981862068176
3.8706275542577107
3.8713942329088846
3.8723893920580545
3.872603778044383
3.8730026563008626
3.8738308628400167
3.873996353149414
3.8745183904965717
3.875861624876658
3.877186119556427
3.877755113442739
3.879017535845439
3.8795716762542725
3.8796136816342672
3.880410321553548
3.8807916045188904
3.8812127351760863
3.882083300749461
3.8822736144065857
3.883077541987101
3.8839859922726947
3.8840920964876813
3.88462766011556
3.8862800717353823
3.8864186644554137
3.887195579210917
3.8883753458658856
3.8897923549016316
3.889820881684621
3.8903300523757935
3.8911153157552083
3.8916126251220704
3.892975382010142
3.8936022400856016
3.89422980149587
3.8943673014640807
3.8944549918174745
3.895174030462901
3.896159334977468
3.896344264348348
3.896514101823171
3.897461195786794
3.8984028538068136
3.8985046625137327
3.8987799763679503
3.8990801572799683
3.899585258960724
3.9008509794871014
3.9016270836194358
3.902555461724599
3.9030652244885764
3.9032673438390098
3.903652278582255
3.903690719604492
3.903881355126699
3.905361851056417
3.906507742404938
3.908795722325643
3.9093411604563397
3.909394462903341
3.9105389436086018
3.911666997273763
3.9117467721303303
3.9125716209411623
3.9128522912661237
3.912951366106669
3.9151353518168133
3.9151859800020854
3.9153902173042296
3.9154138922691346
3.916657777627309
3.9172990957895917
3.917790412902832
3.9180482347806294
3.9182862440745034
3.9191541194915773
3.9202825744946797
3.9205020626386005
3.9221170703570047
3.9231988271077474
3.9234715700149536
3.923689059416453
3.9238581736882527
3.924297491709391
3.924869390328725
3.925406269232432
3.9269408702850344
3.9270515282948812
3.9287416179974874
3.9288090825080872
3.9290472706158956
3.929131495952606
3.9299435059229535
3.9301835695902505
3.930801836649577
3.932255693276723
3.9325525800387067
3.9328230659166974
3.9328303416570027
3.933538854122162
3.9345383246739707
3.9356910943984986
3.935931984583537
3.9360480904579163
3.9371627728144327
3.9378483176231383
3.9378586769104005
3.938002542654673
3.9380295038223267
3.9382935166358948
3.93917293548584
3.9410584847132366
3.9416555603345236
3.9417492866516115
3.942996136347453
3.943763335545858
3.9440062721570333
3.945634953180949
3.9457095781962077
3.9458059906959533
3.9461430668830872
3.946186633904775
3.9480605443318684
3.9481595118840533
3.948580837249756
3.9499606013298036
3.9508206685384115
3.9509312391281126
3.950962607065837
3.951212747891744
3.952008823553721
3.952663759390513
3.9531837940216064
3.9533883531888327
3.9535726070404054
3.954948886235555
3.955270795027415
3.9565067569414776
3.956804871559143
3.957305387655894
3.9578906138737997
3.9580344875653584
3.958062259356181
3.959446108341217
3.9601709604263307
3.9610148866971335
3.9612870534261067
3.961635911464691
3.962968480587006
3.963102944691976
3.963339893023173
3.9637290477752685
3.9644235412279767
3.965826646486918
3.966910207271576
3.967448051770528
3.9674562096595762
3.9680243293444315
3.9683109362920126
3.9684630195299784
3.9693363070487977
3.969480311870575
3.9698188106218972
3.970936640103658
3.971394419670105
3.9719143390655516
3.9726100047429402
3.97272709608078
3.9728723486264546
3.9734758655230205
3.973481774330139
3.975993808110555
3.976048417886098
3.976532773176829
3.9766417423884075
3.9769450187683106
3.978183344999949
3.97913685242335
3.9793004711469013
3.979595446586609
3.98147402604421
3.9819862127304075
3.982295493284861
3.9830077370007833
3.9831892172495524
3.9846903165181478
3.985883637269338
3.986180039246877
3.986337486902873
3.9865997552871706
3.9867063562075296
3.987978990872701
3.9884302298227947
3.9891194224357607
3.9893581310908
3.9900394916534423
3.9903029004732766
3.990709618727366
3.993043796221415
3.9930724541346234
3.993772240479787
3.99389697710673
3.994545642534892
3.9953916867574057
3.995875386397044
3.9964839498202007
3.9967177669207254
3.9969542900721233
3.9971556425094605
3.9972941160202025
3.9991143306096393
3.99963538646698
3.9998690287272134
4.000027898947398
4.000930996735891
4.001425758997599
4.001762104034424
4.002541291713714
4.003322112560272
4.004064150651296
4.00433228413264
4.004526364803314
4.004539473851522
4.005014256636302
4.007071872552236
4.007500449816386
4.008112867673238
4.008251412709554
4.008587920665741
4.008642510573069
4.009191544850667
4.010162464777628
4.010793360074361
4.0113333861033125
4.011869259675344
4.012703263759613
4.013943886756897
4.0143322785695394
4.014543513456981
4.014786744117737
4.015171980857849
4.015309683481852
4.015495081742604
4.0158595959345496
4.0171320080757145
4.017557954788208
4.017698478698731
4.018397545814514
4.019133734703064
4.020135156313578
4.021205381552378
4.021959324677785
4.021974527835846
4.022990143299102
4.02330451409022
4.024876654148102
4.025350987911224
4.025418051083883
4.026436499754587
4.0266772667566935
4.026889765262604
4.028423166275024
4.028434948126475
4.028456687927246
4.029919373989105
4.0311862349510195
4.031310641765595
4.031336434682211
4.031384813785553
4.032153995831807
4.032384006182353
4.033198527495066
4.034366536140442
4.034590689341227
4.034720480442047
4.034948456287384
4.035222971439362
4.036147284507751
4.036442351341248
4.037478121121724
4.037687881787618
4.037722341219584
4.0379025141398115
4.038605380058288
4.039000415802002
4.039033973217011
4.0392619649569195
4.040203205744425
4.0411125461260475
4.041998465855916
4.042343779404958
4.0424948533376055
4.043304701646169
4.043549060821533
4.044031918048859
4.044588645299275
4.045732124646505
4.046221339702607
4.046860583623251
4.047826818625132
4.04798436164856
4.0490445772806805
4.049427966276805
4.049732526143392
4.050308179855347
4.050376661618551
4.051099944114685
4.051693598429362
4.051973076661428
4.053890593846639
4.054407640298208
4.054414355754853
4.055017558733622
4.05505386988322
4.055074779192607
4.055701871713002
4.056884344418844
4.057239957650503
4.057738244533539
4.057771972815195
4.057871206601461
4.0609251976013185
4.061556414763133
4.061744856834411
4.061889549096425
4.061894985040029
4.062025503317515
4.063152937094371
4.064195768038432
4.064428293704987
4.065174794197082
4.0654190381368
4.065594025452932
4.065868401527405
4.0662209788958235
4.066607892513275
4.068343782424927
4.068701867262522
4.068739449977874
4.069355456034343
4.069836568832398
4.070517627398173
4.0706859429677325
4.071989623705546
4.072141051292419
4.073383859793345
4.07477134068807
4.0750871459643045
4.075337068239848
4.076315009593964
4.076321868101756
4.076770277818044
4.078597156206767
4.0792489528656
4.080202309290568
4.080416699250539
4.0805774609247845
4.080902429421743
4.081653114159902
4.081684203942617
4.083188104629516
4.0832037925720215
4.083507998784383
4.0839012106259664
4.084612329800923
4.084871927897136
4.0862673163414005
4.086416717370351
4.086571971575419
4.086989498138427
4.087627474466959
4.0877677996953325
4.088514010111491
4.0891290863355
4.0895349701245625
4.089784900347392
4.090134592851003
4.091403273741404
4.091534241040548
4.0932615280151365
4.093496398131053
4.0935143033663435
4.094749271869659
4.095200979709626
4.096193889776866
4.096493645509084
4.096666006247203
4.098403890927632
4.09873507420222
4.09921844402949
4.09950540860494
4.099969613552093
4.100576130549113
4.10091534058253
4.100965384642283
4.101455863316854
4.102228550116221
4.102733198801676
4.103953071435293
4.103967603047689
4.104046189785004
4.1040796915690105
4.104561599095662
4.104736200968424
4.105769741535187
4.10579620997111
4.106321501731872
4.106332675615946
4.106874763965607
4.108942957719167
4.1092802087465925
4.10931084950765
4.110082670052846
4.111356234550476
4.111402440071106
4.111774484316508
4.111958229541779
4.112647155920665
4.113012742996216
4.113318494955698
4.114270599683126
4.114391394456228
4.114876210689545
4.115203042825063
4.11551460425059
4.116068156560262
4.11671115954717
4.117236908276876
4.118725868066152
4.119258487224579
4.1201378067334495
4.120372641086578
4.121082142988841
4.121171085039775
4.121965205669403
4.122298689683278
4.122931289672851
4.12323233683904
4.123357792695363
4.123961297671
4.12436695098877
4.124556430180868
4.12480864127477
4.1255671302477515
4.125877956549327
4.127990996837616
4.128224102656047
4.1284547567367555
4.128766401608785
4.129473904768626
4.129481581846873
4.129669109980266
4.129881501197815
4.131022314230601
4.131619421641032
4.1318625410397845
4.131964286168416
4.132263724009196
4.134010581175486
4.134329831600189
4.134783848126729
4.134899139404297
4.135865088303884
4.136071936289469
4.136075297991435
4.1361028035481775
4.137604908148448
4.138041849931081
4.138387835025787
4.139172979195913
4.140470111370087
4.140792405605316
4.1411998351415
4.141606509685516
4.142113955815633
4.14238604704539
4.143669128417969
4.144464790821075
4.145005253950755
4.145817458629608
4.14582853714625
4.146229902903239
4.14671102364858
4.149264951546987
4.149402896563212
4.149435396989187
4.1497136871019995
4.150029122829437
4.150592676798502
4.150700084368387
4.152753547827403
4.153067278861999
4.153971783320109
4.154523805777232
4.154774236679077
4.15546182791392
4.155960321426392
4.15696097612381
4.157808085282643
4.1584431529045105
4.158459905783335
4.158806240558624
4.159733521938324
4.159863980611165
4.160026590029399
4.160064359505971
4.161107921600342
4.161407550175984
4.1625906229019165
4.163280876477559
4.163605165481568
4.163611125946045
4.164486849308014
4.165063265959422
4.166637261708577
4.166731484731039
4.166785228252411
4.167279930909475
4.168618357181549
4.168632213274638
4.169638725121816
4.170297280947367
4.170677411556244
4.171613697210947
4.172412872314453
4.173411405086517
4.173933752377828
4.174078178405762
4.17432701587677
4.174496181805929
4.1745154897371926
4.174765940507253
4.17499520778656
4.176711392402649
4.176870179176331
4.177023251851399
4.177568566799164
4.177726221084595
4.178044696648915
4.178894484043122
4.1801772554715475
4.181015074253082
4.181250786781311
4.181409080823262
4.1824641982714335
4.183120993773143
4.184222129980723
4.185256600379944
4.185300739606221
4.186015915870667
4.186645952860514
4.187097163995107
4.187936007976532
4.188043030103048
4.188338283697764
4.188723925749461
4.188894506295522
4.189363551139832
4.190634477138519
4.191463009516398
4.19151786963145
4.191706661383311
4.191923892498016
4.192922500769297
4.193655939896901
4.194025500615438
4.1945581595102945
4.195083765188853
4.1967879931132
4.197648680210113
4.198571133613586
4.199513212839762
4.199615252017975
4.199848798910777
4.2001004656155905
4.200557577610016
4.201533512274424
4.202625501155853
4.20267653465271
4.202735499540965
4.2031975547472635
4.203244837125142
4.204612080256144
4.205019001166026
4.206025429566702
4.206437969207764
4.206903541088105
4.2069762468338014
4.207682625452677
4.208702385425568
4.208880043029785
4.209010736147563
4.209240710735321
4.209560147921244
4.211114760239919
4.2117888530095415
4.212697772185008
4.213069514433543
4.214353207747141
4.2145392020543415
4.214679042498271
4.215712443987528
4.216128043333689
4.216210214296977
4.216653287410736
4.217770759264628
4.218578461805979
4.220411932468414
4.220873912175496
4.2215583721796675
4.222269825140635
4.22348329226176
4.224662522474925
4.224850118160248
4.225219964981079
4.225477214654287
4.228260322411855
4.22906098763148
4.229418981075287
4.2296391805013025
4.2299068689346315
4.2304907520612085
4.231075982252757
4.232317268848419
4.232352515061696
4.232786269982656
4.232833278179169
4.232984368006388
4.2334598461786905
4.234457119305929
4.2353448947270715
4.235552994410197
4.235825562477112
4.236210791269938
4.236330548922221
4.236343971888224
4.237697915236155
4.2388536850611365
4.239587863286336
4.240096187591552
4.240323464075725
4.241314578056335
4.241880238056183
4.242000166575114
4.242011638482412
4.243074123064677
4.24472755988439
4.24512813091278
4.245451752344767
4.246008662382762
4.2462025801340735
4.246596777439118
4.24678590297699
4.246969938278198
4.247288719813029
4.2478215058644615
4.248841166496277
4.249509382247925
4.250703155994415
4.251314071814219
4.251992464065552
4.252101159095764
4.252258777618408
4.2522748152414955
4.253857100009919
4.254062803586324
4.255596260229747
4.255951885382334
4.2561526219050085
4.2564517458279925
4.256638451417287
4.257259448369344
4.258053906758627
4.2583814779917395
4.25894634326299
4.259149968624115
4.259509332974752
4.259722963968913
4.2622163494428
4.2630180478096005
4.263165088494619
4.263886801401774
4.263896981875102
4.26407622496287
4.264501388867696
4.265221178531647
4.266099190711975
4.266313989957173
4.266750737031301
4.267677768071493
4.2682121594746905
4.268987802664439
4.269031258424123
4.269391318162282
4.269839751720428
4.269962247212728
4.2701744556427
4.270922799905141
4.271359082063039
4.271938327948252
4.272488729159037
4.273127377033234
4.273149470488231
4.273535104592641
4.274589546521505
4.274929432074229
4.276170182228088
4.27617715994517
4.276627218723297
4.276763987541199
4.277083543936412
4.277930255730947
4.278763341903686
4.278915166854858
4.279940481980642
4.28075186808904
4.281580543518066
4.281640716393789
4.281643879413605
4.281712448596954
4.281805197397868
4.281849912802378
4.2819238344828285
4.283500480651855
4.284690403938294
4.28520770072937
4.286097669601441
4.28641840616862
4.286650005976359
4.287300872802734
4.287540797392527
4.287939898173014
4.289477284749349
4.289991613229116
4.290638550122579
4.2910510738690695
4.291379217306773
4.291516041755676
4.291813548405965
4.292073122660319
4.293029232819875
4.2933345079422
4.293595286210378
4.294724826018015
4.295460192362468
4.295739416281382
4.296529567241668
4.296640594800313
4.297126905123393
4.297455763816833
4.298858944574992
4.298870877424876
4.298992220560709
4.299073386192322
4.300499534606933
4.301566338539123
4.30210683743159
4.302527058124542
4.303275422255198
4.304822925726572
4.304826947053273
4.305146209398905
4.3056319872538245
4.306018932660421
4.306646835803986
4.306652589639028
4.30715526342392
4.30765932003657
4.309304690361023
4.309742319583893
4.309935502211252
4.310014967123667
4.310273639361063
4.310514493783315
4.311549731095632
4.312234989802042
4.312511583169301
4.312669444084167
4.312892854213715
4.313340568542481
4.313742566108703
4.3139941573143
4.315007185935974
4.315973838170369
4.316098125775655
4.316216305891673
4.31668670574824
4.317647322018941
4.318191568056743
4.31925778388977
4.319306453069051
4.3201170563697815
4.320728325843811
4.320865643024445
4.322046160697937
4.322087895870209
4.322692147890726
4.323162964979807
4.324606227874756
4.325002598762512
4.325798157850901
4.325857857863109
4.326011578241984
4.326173806190491
4.3263576110204065
4.326756151517232
4.32785640557607
4.328193847338358
4.3285243312517805
4.329142502943674
4.32923211256663
4.330165068308513
4.330697933832805
4.33172306617101
4.331889287630717
4.332376138369242
4.334027604262034
4.334790007273356
4.335067021846771
4.3356500943501795
4.335754406452179
4.337057328224182
4.337644227345785
4.337708497047425
4.337855319182078
4.33869917790095
4.339319940408071
4.339629944165548
4.341242531935374
4.341248178482056
4.341515016555786
4.341674725214641
4.342383682727814
4.342408068974813
4.342572764555613
4.3430447022120156
4.344309624036153
4.3451184153556826
4.345193525155385
4.345697438716888
4.345863219102224
4.345943752924601
4.346223704020182
4.3467904925346375
4.347233740488688
4.348628735542297
4.349491930007934
4.350414045651754
4.350423272450765
4.350802226861318
4.351552005608877
4.3518208583196
4.353044207890829
4.353382233778635
4.353961682319641
4.354422783851623
4.355138178666433
4.3553322116533915
4.355876159667969
4.355964664618174
4.356363737583161
4.35689344406128
4.357539530595144
4.357936724026998
4.357943960030874
4.358237016201019
4.3596499045689905
4.360040219624837
4.360429159800211
4.360707700252533
4.360716084639232
4.361206058661143
4.36147236029307
4.362470153967539
4.362657479445139
4.3627944707870485
4.363240416844686
4.3636279265085856
4.364460202058156
4.364992535114288
4.365050439039866
4.366141235828399
4.367116502920786
4.367668124039968
4.368451662858328
4.369215647379558
4.369558604558309
4.3699350198109945
4.370531837145488
4.3706302364667255
4.371879514058431
4.372164038817088
4.372871323426565
4.373128604888916
4.373516650994619
4.374522531032563
4.3752502719561255
4.376115504900614
4.376218581199646
4.376431425412496
4.376750032107036
4.376947820186615
4.37793581088384
4.3785848697026575
4.379321086406708
4.380006857713064
4.380411962668101
4.380838394165039
4.381431309382121
4.3816694458325705
4.382085625330607
4.382954859733582
4.383893167972564
4.38427060842514
4.384720536073049
4.384899691740672
4.385410237312317
4.38593160311381
4.386191439628601
4.3873385747273765
4.3886613845825195
4.388730096817016
4.38941117922465
4.390006037553151
4.390876468022665
4.390990801652273
4.391579492886861
4.392096889019013
4.392707331975301
4.392764453093211
4.3946399092674255
4.39479566415151
4.394990754127503
4.395773983001709
4.395903849601746
4.395917888482412
4.397217305501302
4.397609317302704
4.398669473330179
4.3991803844769795
4.399354060490926
4.399715924263001
4.400065545241038
4.400661210219066
4.4016651034355165
4.401995555559794
4.402954383691152
4.402970945835113
4.402993138631185
4.404105846087138
4.404868805408478
4.4049838860829675
4.406169013182322
4.406256115436554
4.406900997956594
4.406955885887146
4.406958067417145
4.407594712575277
4.407609875996908
4.408574624856313
4.409504274527232
4.410040942827861
4.410229420661926
4.411714080969492
4.412230781714121
4.413170282046
4.413684988021851
4.414060946305593
4.414751414457957
4.4167104681332905
4.41680109500885
4.418194329738617
4.418288000424703
4.418488562107086
4.418929938475291
4.4199095368385315
4.421033159891764
4.421417903900147
4.421487776438395
4.422219189008077
4.422257745265961
4.422460830211639
4.422493676344554
4.4236200531323755
4.425172702471415
4.425545787811279
4.426029900709788
4.426171557108561
4.427237598101298
4.427290439605713
4.427891286214193
4.428480879465739
4.429172098636627
4.429275715351105
4.430014646053314
4.430079178015391
4.430701474348704
4.4308454116185505
4.431658204396566
4.433066610495249
4.433868972460429
4.434069255987803
4.434483977158864
4.436125119527181
4.436762777964274
4.437102639675141
4.437497107187907
4.438591416676839
4.439362529913584
4.4395909349123635
4.441140194733937
4.44142253001531
4.4415085752805075
4.441997639338175
4.443428520361582
4.443566517035166
4.443911381562551
4.444153296947479
4.445854787031809
4.446369584401449
4.447527480125427
4.447729114691416
4.447781928380331
4.448662575085958
4.449418914318085
4.450079389413198
4.450237536430359
4.451021997133891
4.451184936364492
4.453312687079111
4.45355056921641
4.453556056817373
4.454028248786926
4.45512209335963
4.455545385678609
4.455646804968516
4.455670591195425
4.456110346317291
4.4564556121826175
4.4566047867139185
4.457745099067688
4.457999996344248
4.458516871929168
4.459424408276876
4.460410273075103
4.460801617304484
4.460921355088552
4.461839803059896
4.463659683863322
4.463817528883616
4.46419768333435
4.464277486006419
4.46429322163264
4.465071519215901
4.466041632493337
4.466958733399709
4.4675363302230835
4.468190173308055
4.468730656305949
4.469465120633443
4.469867130120595
4.470038374265035
4.470683793226878
4.4716046611468
4.471768816312154
4.472621115048726
4.472770961125692
4.472995734214782
4.473085323969523
4.475718021392822
4.476044098536174
4.476083874702454
4.4762303272883095
4.4769301573435465
4.478564425309499
4.479007887840271
4.479109088579814
4.479772321383158
4.481116612752278
4.481151127815247
4.482192150751749
4.482328772544861
4.483882753054301
4.484337413311005
4.484398444493611
4.485511068503062
4.485576204458872
4.486304732163747
4.487481196721395
4.488177291552225
4.488459606965383
4.488738147417704
4.488883145650228
4.489709548155466
4.49095098177592
4.491062295436859
4.49165799220403
4.492103175322215
4.49272053639094
4.493179726600647
4.493829508622487
4.493831487496694
4.49390451113383
4.495050342877706
4.4951841274897255
4.4952648440996805
4.4965683102607725
4.496837373574575
4.497554930051168
4.498607389132181
4.499152195453644
4.500874988238016
4.5023455421129865
4.5023676673571265
4.503695233662923
4.504290088017782
4.504762621720632
4.505077914396922
4.505724978446961
4.506589432557424
4.508700005213419
4.50893300374349
4.509172372023264
4.510018920898437
4.510323981444041
4.511455929279327
4.511603367328644
4.511815591653188
4.5122422536214195
4.513837818304697
4.513919440905253
4.513923744360606
4.514032332102458
4.51539359887441
4.5162846406300865
4.516404163837433
4.516739900906881
4.517417879899343
4.517796909809112
4.520077160994211
4.520125019550323
4.5202558477719625
4.520270828406016
4.520506719748179
4.520718244711558
4.522685511906942
4.523004368940989
4.523458083470662
4.523812679449717
4.524300893147786
4.525509393215179
4.525558157761892
4.526087967554728
4.526833625634511
4.527164431413015
4.527374772230784
4.527528806527456
4.529031232992808
4.529860266049703
4.530217067400614
4.530860777695974
4.532318782806397
4.532768094539643
4.533244593938192
4.534047722816467
4.534161369005839
4.534248892466227
4.534346910317739
4.534892932573954
4.5356993238131205
4.537138338883718
4.537482758363088
4.537668100992838
4.5377017458279925
4.53846914768219
4.539180115858714
4.539292617638906
4.53990021944046
4.541058230400085
4.54204074939092
4.5436785340309145
4.543746813138326
4.5440212965011595
4.544272541999817
4.545598208904266
4.546387934684754
4.547418268521627
4.547829405466715
4.5487794001897175
4.548889005184174
4.549941341082255
4.550382749239604
4.551223011811574
4.551345292727152
4.5516150951385494
4.552250452836355
4.552511338392893
4.554223608970642
4.555437151590983
4.55554537375768
4.555925858020783
4.556115281581879
4.556392379601797
4.557789572079977
4.558133602142334
4.55902814467748
4.560044594605764
4.56063623825709
4.560794277985891
4.561018760999044
4.562281258900961
4.5635005553563435
4.563886864980062
4.564292454719544
4.564610358079275
4.564691575368245
4.565351740519206
4.5660043358802795
4.566799171765646
4.567149106661478
4.567767020066579
4.568155872821808
4.5683161099751795
4.5687214454015095
4.570214680830637
4.570435249805451
4.571106040477753
4.5711695671081545
4.572297437985738
4.572581434249878
4.572789653142293
4.573002032438914
4.573375618457794
4.573902455965678
4.574535739421845
4.574834740161895
4.576196396350861
4.576233104864756
4.576554576555888
4.576811528205871
4.577176602681478
4.578395199775696
4.578959381580352
4.58031192223231
4.580561709403992
4.58086686929067
4.581930247942607
4.583161032199859
4.584567880630493
4.584674119949341
4.585219887892405
4.586609979470571
4.587153232097625
4.589287134011586
4.5899495879809065
4.590029299259186
4.592384854952495
4.592660593986511
4.59275563955307
4.593122561772664
4.594136933485667
4.595027546087901
4.596381652355194
4.597661256790161
4.598074201742808
4.5983462969462074
4.598371104399363
4.60067202647527
4.601642215251923
4.602323325475057
4.602329357465108
4.603327349821726
4.6041276216506954
4.604592672983805
4.6049440463383995
4.605636409918467
4.60678166548411
4.607323269049327
4.608139034112295
4.608270529905955
4.60932921965917
4.610336565971375
4.611913506189982
4.612364681561788
4.614877359072367
4.617448353767395
4.618295280138652
4.61830198764801
4.618655220667521
4.619324858983358
4.620945843060811
4.621214747428894
4.622463166713715
4.622962745030721
4.623721345265706
4.624629485607147
4.626004819075266
4.627486244837443
4.627858591079712
4.628349133332571
4.628597871462504
4.629824523131052
4.631163676579793
4.631964941819509
4.632421370347341
4.633518246809642
4.6339393297831215
4.63524686495463
4.6352828661600745
4.636047605673472
4.6372798403104145
4.638149805863699
4.6388699571291605
4.638940918445587
4.639779400825501
4.641338217258453
4.64148440361023
4.642156267166138
4.643172911802927
4.645155990123749
4.645706856250763
4.6470802307128904
4.648013877868652
4.649032147725423
4.649559585253398
4.649856901168823
4.649941976865133
4.650590268770854
4.652221504847208
4.652424748738607
4.652859238783519
4.654378747940063
4.6549339135487875
4.65507519642512
4.655609794457754
4.657191530863444
4.658297550678253
4.659458756446838
4.659542361895244
4.660022548834482
4.660744384924571
4.661700065930685
4.661814705530802
4.6628509322802225
4.663464327653249
4.663784126440684
4.664301546414693
4.665947743256887
4.666677268346151
4.667715350786845
4.669236902395884
4.669304478168487
4.670123052597046
4.671129854520162
4.671399728457133
4.671825889746348
4.672423362731934
4.6730964581171675
4.674559652805328
4.675701995690663
4.675824622313182
4.6764992316563925
4.6771697441736855
4.678081933657328
4.678294138113658
4.679674069086711
4.679791859785715
4.680291084448497
4.683245821793874
4.684021492799123
4.6843157807985945
4.6854310750961305
4.686587373415629
4.68743885755539
4.688283133506775
4.6887434681256615
4.68879908323288
4.691167930761973
4.691561535994212
4.691817669073741
4.692885820070902
4.693799614906311
4.694209631284078
4.6946878910064695
4.695088469982148
4.696795539061228
4.69682070016861
4.698563237984975
4.699565811951955
4.700118009249369
4.701725590229034
4.701803704102834
4.702234915892283
4.703103558222453
4.704507728417714
4.704676910241445
4.705664904912313
4.705938589572907
4.706124218304952
4.707544159889221
4.708184278011322
4.709121267000834
4.709216245015463
4.70950555006663
4.712129771709442
4.712216015656789
4.712241737047831
4.712986906369527
4.71350218852361
4.714829289913178
4.715127968788147
4.716955884297689
4.717154304186503
4.717699440320333
4.7178512970606485
4.717874018351237
4.718509765466054
4.719517437616984
4.722271160284678
4.722833017508189
4.7229124466578165
4.724360525608063
4.724651296933492
4.727155391375224
4.727899563312531
4.727999997138977
4.729708723227183
4.730524202187856
4.730644579728445
4.731306648254394
4.73249747355779
4.733078122138977
4.733909980456034
4.7340257406234745
4.734340210755666
4.7344091852506
4.736204469203949
4.736848402023315
4.7377352833747866
4.739752030372619
4.739829997221629
4.740818425019582
4.740833528836569
4.742642100652059
4.74297034740448
4.7432904442151385
4.74336537917455
4.744610786437988
4.745715097586314
4.746058011054993
4.74686017036438
4.7474818189938865
4.747547308603923
4.7500288724899296
4.750473674138387
4.751052220662435
4.751790718237559
4.755471241474152
4.755493708451589
4.756259222825368
4.757549667358399
4.757696342468262
4.758068255583445
4.759290929635366
4.760947263240814
4.761737255255381
4.762847518920898
4.764061458905538
4.764351868629456
4.765246963500976
4.7655936996142065
4.765701107184092
4.767066649595896
4.76760771671931
4.769353938102722
4.769769028822581
4.770200312137604
4.771334966023763
4.772473657131195
4.773156098524729
4.773356997966767
4.774010252952576
4.774204699198405
4.776289983590444
4.7767593940099085
4.777099378903707
4.7788284381230675
4.779488797982534
4.780434918403626
4.78058629433314
4.780857745806376
4.784107474486033
4.7845608194669085
4.786104989051819
4.786170788606008
4.787394698460897
4.787677411238352
4.789854081471761
4.790508874257406
4.79160973628362
4.7916499972343445
4.79213262796402
4.793232357501983
4.793261353174845
4.794226626555125
4.7952704429626465
4.7958841800689695
4.796612787246704
4.798914877573649
4.799145718415578
4.79999205271403
4.801147929827372
4.801216705640157
4.8021363059679665
4.804974758625031
4.805099451541901
4.8053005536397295
4.80663198630015
4.80820297797521
4.810040855407715
4.810340555508931
4.810464199384054
4.810475806395213
4.812001899878184
4.814721302191416
4.815108493963877
4.815386517842611
4.81589876015981
4.816441484292349
4.817590316136678
4.819880620638529
4.820884644985199
4.821810205777486
4.822307701905569
4.822544542948405
4.822989515463511
4.826106409231822
4.826160816351573
4.826716899871826
4.82780544757843
4.829301671187083
4.829977758725485
4.830164150396983
4.830432140827179
4.830735774834951
4.831600868701935
4.834244060516357
4.834510775407155
4.835055963198344
4.835598854223887
4.835975567499797
4.836268659432729
4.837509461243948
4.838657299677531
4.838878484567006
4.839807589848836
4.840773709615072
4.841589673360189
4.842833896478017
4.844041101137797
4.844514548778534
4.844580260912577
4.845807532469432
4.846275150775909
4.846486441294352
4.846951564153035
4.848497335116068
4.848764232794443
4.84929100672404
4.84940402507782
4.849988718827565
4.85154679218928
4.852489940325419
4.852564410368601
4.855154379208883
4.856205304463704
4.856667228539785
4.857110087076823
4.8585782488187155
4.858587535222371
4.859383960564931
4.859986968835195
4.860561422506968
4.862236750125885
4.862311820189158
4.864004743099213
4.864251526196798
4.864503292242686
4.8650614778200785
4.866881740093231
4.867774200439453
4.869368358453115
4.869864547252655
4.870347738265991
4.870613952477773
4.870789464314779
4.873056105772654
4.8735310435295105
4.874427831172943
4.8748802781105045
4.8763897061347965
4.876825964450836
4.877176042397817
4.879687174161275
4.880599995454152
4.881132745742798
4.882115054130554
4.883861986796061
4.884150513013204
4.884364505608876
4.884914263089498
4.885356370608012
4.888534160455068
4.889257315794627
4.889327502250671
4.889450923601786
4.889782170454661
4.890466980139414
4.89174282948176
4.892081693808238
4.8923544923464455
4.893845721085866
4.894446198145548
4.89697063366572
4.897123869260152
4.897232290108999
4.898061430454254
4.899804476896922
4.899834406375885
4.901670714219411
4.902256099383036
4.902706491947174
4.903588151931762
4.905987191200256
4.906856393814087
4.906881701946259
4.908141422271728
4.909631288051605
4.909821879863739
4.91004894177119
4.91232659816742
4.912344813346863
4.9134856502215065
4.91402139266332
4.91442547639211
4.915017263094584
4.915942704677581
4.916974715391794
4.917316850026449
4.917680263519287
4.918260403474172
4.919039591153463
4.9217062075932825
4.921743206183115
4.921747934818268
4.922435740629832
4.924189559618632
4.924263930320739
4.925369958082835
4.925567173957825
4.926489726702372
4.928013304869334
4.928613058725992
4.929049074649811
4.929662005106608
4.930293341477712
4.930522751808167
4.931923449039459
4.932020266850789
4.933094974358877
4.935191917419433
4.935804621378581
4.93603997627894
4.936252868175506
4.936304759979248
4.938525585333506
4.939091360569
4.940027781327566
4.940671054522197
4.942418479919434
4.9424314260482785
4.942495385805766
4.944203678766886
4.944560027122497
4.9451452732086185
4.946455613772074
4.946853939692179
4.947851324081421
4.948043648401896
4.949170037110647
4.952688372135162
4.952818703651428
4.953540321191152
4.953545292218526
4.954885526498159
4.955726424853007
4.95613435904185
4.956515928109487
4.956911039352417
4.958524326483409
4.958793906370799
4.959173838297526
4.960115929444631
4.960577507813771
4.961202494303385
4.963899834950765
4.964309028784434
4.964603165785472
4.964652458826701
4.966191244125366
4.966464344660441
4.966700553894043
4.9679811278978985
4.968731518586477
4.969371457894643
4.970499213536581
4.971473673979442
4.973584047953287
4.97383018732071
4.974381597836812
4.974903647104899
4.975190242131551
4.976289347807566
4.976884706815084
4.977290022373199
4.978619368871053
4.979049515724182
4.980246082941691
4.980516636371613
4.982168352603912
4.98313105503718
4.983941221237183
4.984446851412455
4.985685265064239
4.986590870221456
4.987078479925791
4.987688096364339
4.987949597835541
4.989049180348714
4.989570991198222
4.990568506717682
4.99071368376414
4.991595196723938
4.991719134648641
4.991908649603526
4.994933048884074
4.995384267965952
4.995796744028727
4.996130319436391
4.998757060368856
4.999601658185323
5.001139378547668
5.001856780052185
5.002684239546458
5.003657670815786
5.00384400288264
5.006006526947021
5.006325324376424
5.009721346696218
5.011177861690522
5.012539744377136
5.012775079409281
5.0143111864725745
5.014632554848989
5.015013635158539
5.01648781299591
5.017746607462565
5.019081739584605
5.0193373998006185
5.021747700373331
5.0227041125297545
5.022814333438873
5.023106972376506
5.024446912606558
5.02498109738032
5.025348655382792
5.026019990444183
5.028582374254863
5.029998362064362
5.030138381322225
5.03053628206253
5.031977232297262
5.032284434636434
5.033589875698089
5.0338281194369
5.035432136058807
5.03545591433843
5.036727968851725
5.037644326686859
5.038333487510681
5.04081422885259
5.040856738885243
5.041369040807088
5.042303649584452
5.043477666378021
5.0436712265014645
5.044815830389658
5.046466871102651
5.048880855242412
5.0491376121838885
5.0497231165568035
5.051262791951498
5.051676861445109
5.05202804406484
5.053431324164072
5.053938492139181
5.055852580070495
5.056134657065074
5.056202745437622
5.058511940638224
5.059142176310221
5.060475560029348
5.061825144290924
5.06316837867101
5.063329756259918
5.063508729139964
5.0643455227216085
5.065773844718933
5.06602303981781
5.068220428625742
5.069791762034098
5.06983817021052
5.070744494597117
5.07149381240209
5.07549829085668
5.076973005135854
5.0777747631073
5.07837278842926
5.078681115309397
5.080130958557129
5.080689430236816
5.0811910152435305
5.082833818594614
5.083661913871765
5.084107339382172
5.086713870366414
5.087043555577596
5.0877410252889
5.087789750099182
5.089342459042867
5.090644391377767
5.091903169949849
5.092215796311696
5.092546951770783
5.092949104309082
5.095118451118469
5.095690671602885
5.09808601140976
5.098398868242899
5.0986550688743595
5.098944362004598
5.101241505146026
5.101382168134053
5.103266676266988
5.104989389578502
5.105563064416249
5.105719296137492
5.106260244051615
5.10759824514389
5.1081915100415545
5.10977638165156
5.109804014364879
5.1127096056938175
5.112887485822042
5.113000468413035
5.113919786612192
5.116274344921112
5.116756264368693
5.117261266708374
5.117409590880076
5.1177712202072145
5.119729967912038
5.119926774501801
5.121309888362885
5.123162190119426
5.12440467675527
5.124600271383922
5.126174525419871
5.12719433705012
5.127405007680257
5.1302800138791405
5.130422747135162
5.131029176712036
5.1324347337087
5.134159243106842
5.13435472647349
5.134490577379863
5.136419260501862
5.138302409648896
5.138457405567169
5.1384890596071875
5.139993166923523
5.141215177377065
5.141680252552033
5.1422296126683555
5.144322582085928
5.1448428670565285
5.144866192340851
5.146866476535797
5.150945417086283
5.151019827524821
5.151964334646861
5.153389350573222
5.1560364127159115
5.156572759151459
5.158166607220967
5.160907928148905
5.162142793337504
5.162593118349711
5.164392197132111
5.16483774582545
5.167362689971924
5.167780101299286
5.168349707126618
5.1692788402239485
5.1724868814150495
5.172957185904185
5.173547422885894
5.175418627262116
5.175913349787394
5.176805675029755
5.178299307823181
5.179100306828817
5.181000089645385
5.182056347529094
5.182882658640543
5.1835561712582905
5.184493565559388
5.184977110226949
5.189024166266123
5.189154569307963
5.1908165176709495
5.191524505615234
5.192483325799306
5.194181080659231
5.194298148155212
5.195530366897583
5.196082544326782
5.198786890506744
5.1996633013089495
5.199682851632436
5.200961196422577
5.203417495886485
5.205872786045075
5.207268293698629
5.209748935699463
5.209964533646901
5.212813210487366
5.212875521183014
5.214195211728414
5.214489805698395
5.21603219906489
5.216929018497467
5.2187524477640785
5.220110873381297
5.22198946873347
5.223036980628967
5.225307099024454
5.225785831610362
5.228349943955739
5.228412699699402
5.2304015000661215
5.231913630167643
5.233689932028453
5.235709226131439
5.23730134566625
5.238667360941569
5.240295453866323
5.240768257776896
5.241269501050313
5.243016040325164
5.244213314851125
5.244755160808563
5.247335024674734
5.2490054289499914
5.249361101786295
5.2519405047098795
5.252376731236776
5.253502480189005
5.2550571918487545
5.255108590920766
5.25706395705541
5.257169981797536
5.259087467193604
5.259655956427256
5.260374085108439
5.2613750219345095
5.26175940434138
5.2635107715924585
5.26430256764094
5.26512303352356
5.265720836321512
5.267892400423686
5.267896775404612
5.269533471266429
5.2708701372146605
5.272612881660462
5.273132193088531
5.273638912041982
5.275046555201213
5.276391279697418
5.277324807643891
5.277755431334177
5.279685600598653
5.280355203151703
5.281642957528432
5.2818922599156695
5.2831190427144366
5.285841770966848
5.287523186206817
5.2880085428555805
5.289446341991424
5.2895441134770715
5.292943489551544
5.2948826313018795
5.296345686912536
5.296722753842672
5.29864901304245
5.299717752138774
5.301818013191223
5.3020295143127445
5.302391795317332
5.3037727276484175
5.305242109298706
5.306904558340708
5.308869020144145
5.312784707546234
5.3138843735059105
5.3142287015914915
5.317118338743845
5.317228869597117
5.320180189609528
5.321164480845133
5.323273003101349
5.323502027988434
5.325263178348541
5.326239875952402
5.32712349096934
5.328291789690653
5.329967987537384
5.3305127143859865
5.33232352733612
5.333171089490254
5.334657212098439
5.335764308770497
5.337344622611999
5.33759081363678
5.338971288998922
5.340610078970591
5.343355389436086
5.343999361991882
5.345658806959788
5.345987780888875
5.3480239351590475
5.348825486501058
5.351104966799418
5.351174465815226
5.352197194099427
5.3536161859830225
5.353792119026184
5.355667372544606
5.357243669033051
5.3582103729248045
5.3588107625643415
5.360593008995056
5.36185390551885
5.362726120154063
5.362945032119751
5.3653676549593605
5.365908447901408
5.367362813154856
5.367577493190765
5.367692410945892
5.370071399211883
5.371048827966054
5.3722265680631
5.374233663082123
5.375247510274251
5.377222720781962
5.378477760155996
5.380749901135762
5.381059038639068
5.3846040288607275
5.3875696738561
5.389276770750682
5.391403985023499
5.392814501126607
5.395182883739471
5.397320326169332
5.400243310133616
5.401304999987285
5.4044295946757
5.404452466964722
5.40897893110911
5.409237881501515
5.41274334192276
5.41713547706604
5.417253367106119
5.422092580795288
5.425749691327413
5.42614959081014
5.429015986124674
5.4320341865221655
5.433832812309265
5.436704790592193
5.440260310967763
5.441251015663147
5.44269837141037
5.444346022605896
5.445231040318807
5.450995214780172
5.452512164910634
5.454109330972035
5.456316018104554
5.456611069043477
5.459402871131897
5.46403044462204
5.464067300160726
5.4690938552220665
5.470600132147471
5.472465487321218
5.475730486710867
5.478103772799174
5.480823115507762
5.483309165636698
5.483879733085632
5.485067399342855
5.488901674747467
5.489399866263072
5.491288224856059
5.491662716865539
5.494666639963786
5.497831308841706
5.497976410388946
5.5007725556691485
5.5010965387026465
5.504612843195598
5.505544626712799
5.509256227811178
5.510438040892283
5.5149928967158
5.5150207082430525
5.5173259973526
5.519725302855174
5.519865794976552
5.522352957725525
5.522370318571727
5.524276824792226
5.527414222558339
5.529577251275381
5.530050710837046
5.534444383780161
5.538060792287191
5.538577814896901
5.542428914705912
5.543363972504934
5.544776916503906
5.546869683265686
5.547690320014953
5.548705697059631
5.550312801202138
5.554083359241486
5.5563345670700075
5.55634294350942
5.558431005477905
5.559862764676412
5.562164902687073
5.564043068885804
5.5658837477366125
5.566817796230316
5.568254017829895
5.5696315685907996
5.5721261382102965
5.572147325674693
5.573827918370565
5.5759828646977745
5.578576529026032
5.579180812835693
5.581921637058258
5.5838583906491595
5.585443460941315
5.587270406881968
5.590446543693543
5.590784748395284
5.59245054324468
5.593344275156657
5.596304404735565
5.597850779692332
5.6032711386680605
0.18488537470499675
0.206587819258372
0.23091988563537597
0.25630921522776284
0.26714520454406737
0.27763291597366335
0.2871809204419454
0.29227341810862223
0.2995216409365336
0.3024560610453288
0.3096274415651957
0.3163638035456339
0.3210895617802938
0.32274688482284547
0.3269240975379944
0.32909428675969443
0.33649495045344036
0.34151355028152464
0.34951512813568114
0.3577904979387919
0.3659878373146057
0.3668613870938619
0.37289424737294513
0.379825234413147
0.38385845025380455
0.3849526524543762
0.3878000219662984
0.3886268615722656
0.39185911417007446
0.3930857261021932
0.3945874174435933
0.39760874112447103
0.4031871835390727
0.40788534879684446
0.4119985063870748
0.4140555699666341
0.4169773777325948
0.42188050349553424
0.42340614398320514
0.42437247435251874
0.43141961892445885
0.4379608432451884
0.438749893506368
0.4443258285522461
0.4469883918762207
0.4526964664459229
0.4547789732615153
0.4569268306096395
0.457966415087382
0.4597792347272237
0.46456738710403445
0.4677119175593058
0.4689415216445923
0.47033684651056923
0.4741948485374451
0.47590365807215373
0.47759191195170086
0.47826748291651405
0.48244665066401166
0.4829821189244588
0.4831667423248291
0.4908879280090332
0.49265390237172446
0.4948584000269572
0.4980264743169149
0.4998199979464213
0.5017333825429281
0.5037593126296998
0.5078579545021057
0.5131666700045268
0.5159144918123881
0.5180795073509217
0.5200730125109355
0.5220592776934306
0.5228085438410441
0.523310140768687
0.5244218190511067
0.5272607366243999
0.5275881131490071
0.5347894668579102
0.5360139886538188
0.5381648580233256
0.5383605202039082
0.5395132223765056
0.5401080886522929
0.5424707055091857
0.5431437571843465
0.5432369351387024
0.5435417294502258
0.5466092983881633
0.5468185067176818
0.5483783324559529
0.5523406267166138
0.5551401456197103
0.5562647263209025
0.5568016727765401
0.5580204765001933
0.5605527440706889
0.5637761076291402
0.5656935056050618
0.5671884775161743
0.5681077043215433
0.5721567670504252
0.5760069489479065
0.576754629611969
0.5801101287206014
0.581055756409963
0.582326610883077
0.5847917675971985
0.5898206392923991
0.5925297061602275
0.5959617773691813
0.598559029897054
0.6077555060386658
0.6096705079078675
0.6107511083285014
0.6123272816340128
0.6171594341595967
0.6209199508031209
0.625583283106486
0.6261697729428609
0.6275135596593221
0.6337554097175598
0.6352843801180522
0.6360914707183838
0.6374143362045288
0.6408441305160523
0.6423622051874797
0.6431137124697367
0.6441568255424499
0.6458032210667928
0.6513803005218506
0.658048955599467
0.6610220988591512
0.6651826063791911
0.6652719259262085
0.6705758333206177
0.670980449517568
0.672364870707194
0.6739052057266235
0.6741431395212809
0.6768464128176371
0.6773881355921427
0.6876521627108256
0.6911036252975464
0.691295611858368
0.6960196852684021
0.696977949142456
0.6972020824750265
0.7040993253389994
0.7042543729146321
0.7046212236086528
0.7063445329666138
0.7084994713465372
0.7103801806767781
0.7133537054061889
0.7160252809524537
0.7174328088760376
0.7182777086893718
0.7202269117037455
0.721345845858256
0.7219579577445984
0.7236862262090047
0.7237758000691732
0.7271035075187683
0.7292978286743164
0.729611603418986
0.730786144733429
0.7349721034367879
0.7358676751454671
0.7361531615257263
0.7371495723724365
0.7378231167793274
0.7385749896367391
0.7386713902155558
0.7411470452944438
0.7414121985435486
0.7415439526240031
0.7416870832443238
0.743791139125824
0.7452287832895915
0.7455216487248738
0.7456519802411398
0.7465258558591207
0.7466102123260498
0.748389474550883
0.748419988155365
0.7485578338305156
0.7511010885238647
0.7520130634307861
0.7524812459945679
0.7538548707962036
0.7540316263834635
0.7563881119092305
0.7566568374633789
0.7576356093088786
0.7591711123784383
0.7592303236325582
0.7619320114453634
0.7620452364285787
0.7632689674695333
0.7641264915466308
0.7647265195846558
0.7655396501223246
0.7678715666135152
0.7680353085199992
0.7698174595832825
0.770643413066864
0.7720088164011637
0.7721304059028625
0.7722349564234415
0.773191769917806
0.7733543554941813
0.7739813923835754
0.7770009557406108
0.7773263573646545
0.7783367554346721
0.7784395734469096
0.7785743474960327
0.7786382079124451
0.7824201226234436
0.7832171797752381
0.7838839689890543
0.783963676293691
0.7850415547688802
0.7878169099489848
0.7881990353266398
0.7892447789510091
0.7912316242853801
0.7915715535481771
0.7924490213394165
0.7934724688529968
0.793673578898112
0.7939252376556396
0.7949579199155171
0.7967169841130575
0.7967415610949199
0.8004641135533651
0.8008825302124023
0.8011429627736409
0.8013976136843364
0.8017757534980774
0.8017776052157084
0.8019371350606282
0.8041348814964294
0.8047428528467814
0.8060166041056315
0.806322968006134
0.8084967732429504
0.8103429555892945
0.811540941397349
0.8115594267845154
0.8121536056200663
0.8130262573560079
0.8135041117668151
0.8138602574666342
0.8150350371996562
0.8158086776733399
0.8163156151771546
0.8174362421035767
0.8186560988426208
0.8187467734018962
0.8224783619244893
0.8235381603240967
0.824608035882314
0.8251023332277934
0.8254454572995503
0.8260387738545736
0.8269818822542826
0.8282756646474202
0.8289771795272827
0.829056962331136
0.8293491880098979
0.8294890483220418
0.8317249258359273
0.8326836069424947
0.8328286091486613
0.8333035945892334
0.8357606212298075
0.8371952096621196
0.8385893106460571
0.8388853311538697
0.8395831028620402
0.8404064019521077
0.842565655708313
0.8438356439272563
0.8438702742258708
0.8451015949249268
0.8484059413274129
0.8497130076090494
0.8501366058985392
0.8506946802139282
0.8524608333905538
0.8544896642367045
0.8547869483629863
0.8555466175079346
0.8560148318608601
0.8560487707455953
0.8579185287157695
0.8585993885993958
0.8597381393114726
0.85980038245519
0.8624883373578389
0.8632719238599141
0.863922651608785
0.864033571879069
0.864694062868754
0.8648276448249816
0.8663871089617411
0.8675276517868042
0.8677939335505168
0.8690932909647624
0.8692335526148478
0.8711818099021912
0.8721614162127177
0.8734124859174093
0.8748811443646749
0.8759416937828064
0.8767370899518331
0.8768206040064493
0.8806930979092916
0.8814354658126831
0.8829526503880819
0.886088224252065
0.8867305119832357
0.8871517499287923
0.8880016565322876
0.8891408999760946
0.8892825682957967
0.8905264655749003
0.8919474403063457
0.8948488712310791
0.8974286635716756
0.8977678140004476
0.8982316613197326
0.89897274573644
0.9007166504859925
0.9012536207834879
0.902549950281779
0.902692723274231
0.9029250224431355
0.9038693507512411
0.9052588899930318
0.9059202631314596
0.9063881913820903
0.9074297070503234
0.9075660228729248
0.9106214761734008
0.9107094089190165
0.9107215205828348
0.9114869078000386
0.9125633358955383
0.9144023736317952
0.9151208122571309
0.9151315291722616
0.9169854640960693
0.9185380260149638
0.9187163313229879
0.919443666934967
0.919476330280304
0.9212790052096049
0.9213361620903016
0.9246889392534892
0.9250355998675028
0.9282593806584676
0.9291359901428222
0.9295828779538472
0.929715363184611
0.9298571308453878
0.931235921382904
0.93133043050766
0.9338560541470845
0.9341206192970276
0.935080905755361
0.9377863963445028
0.93858349720637
0.9404682199160258
0.9405938347180685
0.9406357566515605
0.9415472865104675
0.9417530099550883
0.9460853854815165
0.9470214009284973
0.947040569782257
0.9484161615371705
0.9485179821650187
0.950508709748586
0.9507930755615235
0.9526915828386943
0.9562036434809367
0.9572347482045491
0.9576597849527995
0.9579990863800049
0.9590237736701965
0.9593554774920146
0.9613349199295044
0.9619676152865092
0.9619807839393616
0.9624267419179281
0.9644733230272929
0.9656471252441406
0.9657553553581237
0.9668833653132121
0.9676457683245341
0.9678876598676046
0.9684549967447916
0.9692338625590007
0.9703137715657552
0.9709777752558391
0.9718554576237997
0.9720399856567383
0.9745304981867472
0.9749026735623677
0.9757631421089172
0.9759161392847697
0.9759842912356059
0.9772627592086792
0.977329142888387
0.979400630791982
0.9809783975283305
0.981910502910614
0.9822263161341349
0.9840341567993164
0.9847222248713176
0.9865916927655538
0.9872532566388448
0.9877375523249309
0.9880377650260925
0.9880442420641581
0.9882457296053568
0.9883000095685323
0.9900469422340393
0.9915947675704956
0.9916706840197246
0.9932906985282898
0.9933473149935405
0.995077125231425
0.9966947674751282
0.9972327828407288
0.9976497610410054
0.9978161454200745
0.9984971284866333
0.9999660372734069
1.0010961731274923
1.0022246956825256
1.0039438088734944
1.0043976664543153
1.005228586991628
1.0062246521313984
1.007791483402252
1.0078983028729758
1.0082674463589987
1.0083669900894165
1.0086870272954305
1.0107668916384378
1.011471688747406
1.013729739189148
1.0158315102259319
1.0184517900149028
1.0189239025115966
1.0202824473381042
1.0206020593643188
1.0208143830299377
1.0220662037531534
1.0241093715031941
1.0251772085825601
1.0265610337257385
1.0279271403948467
1.0289900183677674
1.029827352364858
1.0325214664141338
1.033202580610911
1.033315074443817
1.0343602856000265
1.0353845397631327
1.0355805198351542
1.0359434405962626
1.036583121617635
1.037506878376007
1.0383944988250733
1.0384114980697632
1.0410020351409912
1.0418959458669026
1.0420013984044394
1.0421343684196471
1.042213225364685
1.0446907003720602
1.0452672084172567
1.0459060629208883
1.0476017713546752
1.0479836940765381
1.0486842393875122
1.0513249476750692
1.0521146178245544
1.053726057211558
1.05385715564092
1.0539071242014566
1.055725888411204
1.0563544193903605
1.056432044506073
1.0580543398857116
1.0587807695070903
1.0592381000518798
1.0607824603716531
1.0615729093551636
1.0618388096491496
1.0623910546302795
1.0632504582405091
1.0659106771151226
1.0665391167004903
1.0665620644887288
1.0669702728589376
1.0680495738983153
1.0695318182309468
1.0713796178499857
1.0716473658879597
1.073751986026764
1.0755858461062113
1.0759602824846903
1.0769390741984048
1.0778513511021932
1.0785298148790996
1.0789661447207133
1.0794010559717815
1.080490783850352
1.081126836935679
1.0819671710332235
1.082577399412791
1.0845886985460917
1.08495374917984
1.0876857002576192
1.0879206895828246
1.0895732283592223
1.0909157236417135
1.0918965657552084
1.0929015199343364
1.0937219142913819
1.0949837247530618
1.0959870576858521
1.0962281545003256
1.0965712308883666
1.096866202354431
1.0989898165067038
1.098993730545044
1.1007888476053873
1.1011062184969584
1.1011327107747395
1.1038765947024027
1.1042278130849204
1.107287343343099
1.1074936429659525
1.1084279338518779
1.1087234536806743
1.1097968618075054
1.1103552103042602
1.1105699817339578
1.1119310021400453
1.112166686852773
1.1136883735656737
1.1170776208241782
1.1176581819852194
1.118131979306539
1.1181339859962462
1.11893417040507
1.119028055667877
1.1208516875902812
1.1217567364374796
1.1226893504460653
1.1231446743011475
1.1233373244603475
1.126212203502655
1.126455056667328
1.1265149553616842
1.1267734169960022
1.127314031124115
1.1282670338948568
1.1288263042767843
1.1296215295791625
1.12990483045578
1.1302745381991068
1.1312319119771321
1.1338090578715005
1.134822169939677
1.1350122650464376
1.1352095325787863
1.1356564084688823
1.1363166332244874
1.1378869652748107
1.1404383579889934
1.1410008827845255
1.1416956027348837
1.1428780674934387
1.1432703216870626
1.1443479776382446
1.1444822510083517
1.145814577738444
1.1462851524353028
1.1479363918304444
1.1483286023139954
1.1497421701749166
1.151800016562144
1.1520843704541524
1.15354878505071
1.1545985261599223
1.1546053449312845
1.1546854972839355
1.1558488686879476
1.1561981399854024
1.1577006578445435
1.1599187175432841
1.1620420694351197
1.1624687671661378
1.163866158326467
1.1641358137130737
1.1652496854464214
1.1652997374534606
1.1654961307843525
1.1680316050847372
1.1688963810602824
1.169777222474416
1.1710239926973978
1.1719365914662678
1.1737115263938904
1.1756216367085774
1.1768284519513448
1.178640369574229
1.1788870573043824
1.1791372537612914
1.1799562335014344
1.1811067740122476
1.1824737707773845
1.1835742592811584
1.1858983993530274
1.1861794074376424
1.1864039738972982
1.1865248680114746
1.1868213216463726
1.1890884240468342
1.1895596504211425
1.189968756834666
1.1913671811421713
1.192900002002716
1.1952106396357218
1.1959368546803792
1.1961074948310852
1.1967183868090312
1.196930726369222
1.197260816891988
1.1988710323969523
1.2005916555722556
1.200858195622762
1.202220888932546
1.2022954225540161
1.2023515860239664
1.2059528430302937
1.206556228796641
1.2091886480649312
1.2094948728879293
1.2112398266792297
1.2127970894177755
1.2130691011746724
1.2132293144861857
1.216787008444468
1.2182818611462911
1.2183182517687479
1.2188104033470153
1.2190317034721374
1.219581373532613
1.221386714776357
1.2219874779383342
1.2222997387250265
1.2230125029881795
1.2234877030054727
1.2234907507896424
1.2253173112869262
1.225529686609904
1.226414473851522
1.2282070477803548
1.2286088744799295
1.2288089195887248
1.2290259957313538
1.232350973288218
1.2323690931002298
1.2335413416226706
1.2362894376118978
1.2365287621816
1.237864891688029
1.2394405643145243
1.239771827061971
1.240202820301056
1.240373162428538
1.2405529061953227
1.2420013070106506
1.2443273862202961
1.2449837525685628
1.2466388066609702
1.2469994982083639
1.247200040022532
1.2482686559359233
1.248499588171641
1.2485775748888652
1.2493565082550049
1.2500134428342184
1.2528745373090109
1.2529796004295348
1.2535529812177022
1.2548675179481505
1.2565714716911316
1.2566581209500631
1.2588943441708882
1.2592199762662253
1.2594548265139263
1.2598912398020425
1.2601271589597067
1.2608553965886433
1.2615297834078472
1.2622241417566935
1.2646102865537008
1.2668291052182516
1.2671792229016623
1.2672693292299906
1.2685855984687806
1.2710453828175863
1.271650207042694
1.2716614286104837
1.2743358214696248
1.2744396686553956
1.27518017689387
1.2762622793515523
1.2765474677085877
1.2774197022120157
1.27890332142512
1.279466168085734
1.2798449317614238
1.2806924025217692
1.2816684087117514
1.282013197739919
1.2826942245165507
1.2843613187472025
1.2856005430221558
1.286151643594106
1.2872850577036539
1.2880693674087524
1.2897733092308044
1.2902290503184
1.2903048515319824
1.290945009390513
1.2923146526018778
1.29357461531957
1.2939321358998617
1.294198246796926
1.2954371293385825
1.2974990049997965
1.297567574183146
1.3002739946047466
1.3006940007209777
1.300858732064565
1.302662201722463
1.3030271887779237
1.3032591422398885
1.3038650035858155
1.3058602452278136
1.3066038290659587
1.308628531297048
1.3089505275090536
1.308977222442627
1.3100650429725647
1.3103618025779724
1.3122801303863525
1.3125707666079203
1.3133254607518514
1.3151167352994284
1.316664743423462
1.3174345374107361
1.3174686074256896
1.3198747237523396
1.320020584265391
1.3201772014300028
1.3210317611694335
1.322027850151062
1.3240732232729593
1.3258456428845724
1.3259212970733643
1.3261273105939229
1.3286300579706827
1.3291622281074524
1.3295396010080973
1.3305813511212667
1.3311171809832254
1.3318664669990539
1.3318926374117532
1.3319114804267884
1.3366528471310934
1.3385167678197225
1.3390151778856914
1.339974002043406
1.340086003144582
1.340340797106425
1.3408320943514507
1.3413477698961893
1.343882437547048
1.344861916700999
1.345894173781077
1.3464393536249797
1.347062619527181
1.3475919802983602
1.3476287404696146
1.347789756457011
1.3495110909144084
1.3525179942448935
1.3545210242271424
1.3549286166826884
1.3554674784342449
1.356034803390503
1.3571672558784484
1.3586015741030375
1.3595628579457602
1.3600476423899333
1.3602806051572165
1.3611780325571696
1.3630191445350648
1.3634289145469665
1.3637847582499185
1.3662325421969095
1.3662940661112468
1.3665403882662455
1.366564925511678
1.3683457255363465
1.369745389620463
1.3716073274612426
1.3730507532755534
1.374602774779002
1.374872918923696
1.376046892007192
1.3764769713083902
1.3774323423703512
1.3782086849212647
1.380364429950714
1.3804083069165547
1.380658988157908
1.3824467539787293
1.3831472078959146
1.384923791885376
1.3858581185340881
1.3875864426294962
1.3885862787564596
1.3886077324549357
1.3889361540476481
1.3907411654790243
1.3921303828557332
1.3925196091334024
1.3930038293202718
1.3937635183334351
1.3948779900868733
1.3955611030260722
1.3967590173085531
1.3989917476971945
1.3990067005157472
1.3995836575826008
1.4002724250157674
1.4004518628120421
1.4029286742210387
1.4029366811116537
1.4033304810523988
1.4054493625958762
1.4072755058606465
1.4086698412895202
1.4089449087778727
1.4092005252838136
1.4093441764513652
1.4096801161766053
1.410788647333781
1.411678949991862
1.4133726000785827
1.4134240349133809
1.416714898745219
1.4171936670939127
1.4172150492668152
1.4178167263666788
1.417869786421458
1.41876992781957
1.4199470599492392
1.4227267662684122
1.4227331757545472
1.424200999736786
1.425322417418162
1.4273686528205871
1.427520183722178
1.4276987830797832
1.4284067670504252
1.4289024829864503
1.4290654500325521
1.429486878712972
1.4303882559140524
1.4328442732493083
1.4354995409647624
1.4355514685312907
1.4356804052988688
1.4370512127876283
1.437734591960907
1.437912106513977
1.4397231856981914
1.4401212890942892
1.4402514576911927
1.4437424143155415
1.4437524199485778
1.446298877398173
1.4464534084002176
1.4475855827331543
1.44779878060023
1.4488064805666605
1.4490880091985068
1.449881335099538
1.4502769549687704
1.4515382846196492
1.453632160027822
1.4561190644900004
1.4564179976781209
1.4565068085988362
1.4568752566973369
1.457888400554657
1.4583235303560893
1.4600212335586549
1.4603159070014953
1.4615959485371908
1.4621748566627502
1.4622521241505941
1.4622698267300924
1.4656802574793497
1.46670005718867
1.467517630259196
1.4690683245658875
1.470306118329366
1.4704747398694356
1.47058478196462
1.4731755614280702
1.47501194079717
1.4759704232215882
1.476250203450521
1.4763866543769837
1.4773402134577434
1.4778453270594278
1.4814811944961548
1.4815278728802999
1.4817084987958273
1.4819527983665466
1.4819745461146037
1.4836235523223877
1.4843487064043681
1.4843647440274557
1.4849315325419108
1.486822283267975
1.4880256493886312
1.4883152047793071
1.4896487752596537
1.4900575717290243
1.4916217883427938
1.493593959013621
1.494861110051473
1.4948860247929892
1.4965712308883667
1.4966522971789042
1.4976878444353738
1.4982820232709249
1.498297353585561
1.5005224068959555
1.5014963626861573
1.503444210688273
1.5041444420814514
1.5047971645991007
1.5062910556793212
1.5064071536064148
1.5066655158996582
1.5070460160573325
1.5092232863108317
1.5120084643363954
1.5122112909952798
1.512477660179138
1.5133985161781311
1.514171580473582
1.5167808731396992
1.5170249303181966
1.517157530784607
1.5196021636327108
1.5201914747556051
1.5211549679438272
1.5217646360397339
1.5224285006523133
1.523462212085724
1.5240722060203553
1.5245925386746724
1.525131376584371
1.5260876536369323
1.5261795242627463
1.5280815998713175
1.5282870451609294
1.5296430110931396
1.529908255736033
1.5301844636599222
1.5304100036621093
1.5314467151959736
1.531583019097646
1.5345523357391357
1.5349769552548727
1.535371728738149
1.5358603755633036
1.5365251262982687
1.5367820819218954
1.5384275476137796
1.5388272643089294
1.5388620018959045
1.5414520223935446
1.5421597917874654
1.5425917863845826
1.5438710967699687
1.5455487688382468
1.5461336056391397
1.5479334910710654
1.548017680644989
1.5485307335853578
1.5486405730247497
1.5489064137140909
1.549238920211792
1.5504446705182393
1.5505373358726502
1.5516267935434978
1.5530075311660767
1.5556795636812846
1.5567481517791748
1.557196307182312
1.557424263159434
1.5599921345710754
1.5605894764264425
1.5611724495887755
1.561952797571818
1.562628702322642
1.5651114980379741
1.5657739122708638
1.5660852670669556
1.5672350724538167
1.567946767807007
1.568100353082021
1.5696811238924662
1.5698361198107402
1.57055668036143
1.5720443884531656
1.5734976569811503
1.5739475210507712
1.5753347794214885
1.5759331425031027
1.576244854927063
1.5769354621569316
1.5774403174718221
1.5776233871777852
1.5786930402119954
1.5812665820121765
1.581405015786489
1.581980085372925
1.582809070746104
1.585661494731903
1.586030932267507
1.586136511961619
1.586299991607666
1.5867948174476623
1.5885109861691793
1.5891915003458659
1.589692807197571
1.5909793853759766
1.591240926583608
1.5947427113850912
1.5949721773465475
1.594975479443868
1.5957048535346985
1.596090284983317
1.5987839897473652
1.5997308293978374
1.6005358735720316
1.6007465918858845
1.6011464675267537
1.6038152853647867
1.6045826236406961
1.6058287660280863
1.6067910353342691
1.6068581660588583
1.6068844676017762
1.607418672243754
1.6089601198832193
1.609119709332784
1.610223654905955
1.6120376308759055
1.6125333348910014
1.6139014482498169
1.6149790644645692
1.6155238270759582
1.6177219152450562
1.6178152441978455
1.6185587048530579
1.6198187271753948
1.6198983589808147
1.620941658814748
1.622323175271352
1.6229159633318584
1.622999612490336
1.6238702178001403
1.6242493907610576
1.6251890619595846
1.6254161755243937
1.6287323594093324
1.6292874177296957
1.6295236984888712
1.6297041535377503
1.6318659663200379
1.6333425283432006
1.6336236119270324
1.6336563309033711
1.6344257076581319
1.6356486598650615
1.6367653091748555
1.6393815398216247
1.6401742537816366
1.6406622091929117
1.6412719090779622
1.641277798016866
1.6424988905588787
1.6433686335881552
1.6444901704788208
1.6458926320075988
1.6461374203364054
1.646237850189209
1.6462406158447265
1.6483704845110576
1.649233595530192
1.6502306699752807
1.6505496422449748
1.651814846197764
1.6518179615338644
1.6518263181050619
1.6534750580787658
1.6548505783081056
1.655535066127777
1.6556834697723388
1.6557812929153441
1.6570504546165465
1.658496868610382
1.6588367660840353
1.6603796799977621
1.6625057816505433
1.662513502438863
1.663140857219696
1.6641603469848634
1.664545440673828
1.664849845568339
1.6650988340377808
1.6664291818936665
1.6669097185134887
1.6679931600888571
1.6690526286760965
1.67215363184611
1.6729053854942322
1.6731351494789124
1.6733263889948526
1.674111008644104
1.6758704980214436
1.676990286509196
1.6776499629020691
1.6778042674064637
1.6781831502914428
1.6788191715876262
1.6791297872861226
1.68060009876887
1.6835304180781046
1.6835554480552672
1.6836051940917969
1.6836943944295248
1.6871810714403788
1.6873002926508585
1.6875008821487427
1.6894367535909016
1.691302728652954
1.691509489218394
1.6922670523325603
1.6940069516499838
1.69424413839976
1.6966936349868775
1.6968175212542216
1.6974013050397236
1.6988312443097433
1.699825688203176
1.7014041543006897
1.703579811255137
1.7040082494417825
1.7050515770912171
1.7061338623364766
1.7062952717145283
1.7067095398902894
1.7093805392583212
1.7106049021085104
1.7107351899147034
1.710999592145284
1.7116672356923421
1.712301258246104
1.7129704356193542
1.7131780862808228
1.7154991626739502
1.7174726486206056
1.7180319666862487
1.7183851917584738
1.718768028418223
1.7194496273994446
1.7210609912872314
1.7226596395174663
1.7236832181612651
1.724090317885081
1.7241380294164022
1.7251781543095908
1.7266040325164795
1.7268079002698262
1.7274741331736247
1.7301109870274862
1.7302684346834818
1.7310585935910543
1.7317654649416605
1.7324557940165202
1.7343367258707683
1.734431835015615
1.736040178934733
1.7373822251955668
1.737471373875936
1.737805430094401
1.738965678215027
1.7406627972920736
1.7409075935681662
1.7411531209945679
1.742675542831421
1.7428807576497396
1.7430928945541382
1.7446675896644592
1.7448632399241129
1.747118059794108
1.7472116231918335
1.7473605910936991
1.7486831068992614
1.7489312847455343
1.7491471330324808
1.7503247459729512
1.7505959033966065
1.7525537610054016
1.7534412503242494
1.753493845462799
1.7538679520289102
1.754589056968689
1.756119970480601
1.7562738458315532
1.7569063623746237
1.7580707550048829
1.759123436609904
1.7606072386105855
1.7614510695139567
1.7619088292121887
1.7630723237991333
1.764018146197001
1.7651349345842997
1.765939998626709
1.76614697376887
1.7669098893801372
1.7677389144897462
1.7701673467954
1.7709277709325155
1.7719892700513205
1.7721222758293151
1.7723181287447611
1.7742998441060385
1.7763532439867655
1.7785003662109375
1.7785793781280517
1.7789425412813822
1.7795647342999776
1.779737114906311
1.781871243317922
1.7824804743131002
1.7827552080154419
1.7830578525861105
1.7830703258514404
1.7835882902145386
1.7874873201052348
1.7876732071240744
1.7878647208213807
1.7892462730407714
1.7898134469985962
1.7906489809354147
1.7922760764757792
1.7924378911654155
1.793836772441864
1.7939757148424784
1.7944560090700785
1.7953980127970377
1.7975711822509766
1.7975957632064818
1.7976114312807718
1.8008746782938638
1.8008857369422913
1.8013329307238262
1.804136085510254
1.8042861898740132
1.8051682114601135
1.8058499972025552
1.806920595963796
1.8073841452598571
1.8083494583765665
1.8106394171714784
1.8117326140403747
1.8128138542175294
1.812942878405253
1.8132442831993103
1.8162027955055238
1.816445259253184
1.8179364124933879
1.8201936602592468
1.8209932605425516
1.8210971196492514
1.82151358127594
1.821848181883494
1.8234968622525534
1.8262739817301432
1.8269442598025003
1.8280595143636067
1.828291122118632
1.8284038265546163
1.8300577878952027
1.8328903118769329
1.8330608248710631
1.8332741856575012
1.8335643092791238
1.8340091904004414
1.8371673862139384
1.837222119172414
1.8377465923627219
1.8388313452402751
1.8408245205879212
1.841614051659902
1.841838494936625
1.8425405820210774
1.8444072127342224
1.845194967587789
1.8456957777341207
1.8462233344713848
1.848224894205729
1.8491739869117736
1.85022718111674
1.8504775206247965
1.8512307206789653
1.8519750912984212
1.8526657303174336
1.8534844160079955
1.8537378509839375
1.8555786808331807
1.8571630716323853
1.8572160720825195
1.8574147899945577
1.8574533065160115
1.8583792368570964
1.8594817598660787
1.8615159034729003
1.8618869225184123
1.8622224609057108
1.8624643127123515
1.8628717382748923
1.8640551567077637
1.8661786437034606
1.8669906417528788
1.8672464847564698
1.8680669824282328
1.868413766225179
1.8694894433021545
1.8695155342419942
1.8698433717091878
1.8702338298161825
1.8710787614186606
1.8737141211827597
1.874025813738505
1.8745434800783793
1.8761077404022217
1.8764800786972047
1.8765519817670187
1.8782220323880514
1.8783287366231283
1.8788248658180238
1.8803945819536845
1.880503257115682
1.8805846452713013
1.8813735206921895
1.882205843925476
1.8834494988123576
1.8842166384061179
1.88573499917984
1.887422227859497
1.88770538965861
1.8889727512995402
1.8907860199610391
1.891072161992391
1.8929394086201985
1.8932359536488852
1.8936739206314086
1.8936842838923136
1.8938976724942524
1.8959420561790465
1.8969698111216227
1.8971889019012451
1.8977034489313762
1.898304569721222
1.9010993838310242
1.9022058526674905
1.902563174565633
1.9029734532038372
1.9035010814666748
1.9060664494832358
1.9068514784177144
1.9089846769968668
1.9098049998283386
1.9105252146720886
1.9106130917867026
1.9112886627515158
1.913914179801941
1.914091976483663
1.9146615306536356
1.9155285000801086
1.916095002492269
1.9166400273640951
1.9166988889376322
1.9179978728294373
1.9191837151845297
1.920120394229889
1.9209038694699605
1.9212255994478862
1.9213711182276407
1.922822650273641
1.9243131438891092
1.9260678172111512
1.926154128710429
1.927060643831889
1.929785947004954
1.9304039478302002
1.9312024394671121
1.9312398433685303
1.9315269271532693
1.932016901175181
1.9336346666018167
1.9343288858731589
1.9344653884569805
1.934839411576589
1.9354499657948812
1.9365487813949585
1.9375153223673502
1.9391008257865905
1.9401147643725076
1.9403682986895243
1.9411620577176412
1.94452352921168
1.944640286763509
1.9454062779744465
1.9468813816706338
1.9473108251889546
1.9478508909543355
1.948139242331187
1.9492583870887756
1.9493585268656413
1.9519792556762696
1.9535836458206177
1.9540308753649394
1.954753816127777
1.9550471226374309
1.9551056583722433
1.956316610177358
1.9581004579861958
1.9587371826171875
1.959528096516927
1.9599580963452656
1.9606112599372865
1.9625998298327128
1.9626029014587403
1.96414768298467
1.9641857385635375
1.964875825246175
1.96492547194163
1.966175365447998
1.9681513786315918
1.9701041301091513
1.9701787988344828
1.9733669400215148
1.9740741411844889
1.9749845504760741
1.9755839347839355
1.975870422522227
1.9761030395825705
1.978226105372111
1.9803224007288616
1.9812395970026653
1.9817824840545655
1.9819728453954062
1.9820982734362285
1.9823059121767679
1.9824968536694845
1.983680260181427
1.9855877121289571
1.9868062655131022
1.9887486577033997
1.989276401201884
1.9892786979675292
1.9894796331723532
1.9898329734802247
1.989944593111674
1.9909436623255412
1.9919475436210632
1.9922256231307984
1.9942939519882201
1.9955293854077658
1.9959769010543824
1.997508458296458
1.9978361129760742
2.001874840259552
2.002108156681061
2.003057237466176
2.0034366687138876
2.0034578164418537
2.0048643231391905
2.0049524029095966
2.007003657023112
2.007561902205149
2.0078664819399514
2.0087756355603537
2.009298833211263
2.009727688630422
2.011158788204193
2.0141839543978373
2.0162531892458597
2.016726728280385
2.018285552660624
2.019385250409444
2.0202368974685667
2.0204737067222593
2.0225096583366393
2.02505567073822
2.025178837776184
2.0252200841903685
2.026062806447347
2.0261064092318217
2.026266662279765
2.0275105039278665
2.0287227471669516
2.0289986530939736
2.0312763174374897
2.03253945906957
2.033697219689687
2.033806200822194
2.0345625638961793
2.035600713888804
2.0357478857040405
2.036367956797282
2.0386053999265035
2.038662540912628
2.039162639776866
2.0408088684082033
2.0425511916478474
2.044659157594045
2.044674321015676
2.044917579491933
2.0452998002370197
2.046440382798513
2.04663241704305
2.0474148551623026
2.0477917393048606
2.0483257452646892
2.0489526271820067
2.050507446130117
2.051052923997243
2.052454368273417
2.053758124510447
2.053892207145691
2.05438894033432
2.05680228471756
2.0574835340181985
2.0580886046091718
2.05883629322052
2.059644277890523
2.059885839621226
2.0613545020421347
2.061869486172994
2.062088163693746
2.0642935236295066
2.0652557492256163
2.065588935216268
2.065665376186371
2.0663403193155925
2.068237630526225
2.0690370162328082
2.0700255235036216
2.0706947882970175
2.0709572315216063
2.0720629970232647
2.072181534767151
2.0727950890858966
2.073616147041321
2.0745498538017273
2.074559263388316
2.075804038842519
2.0765554189682005
2.0768550833066306
2.077128307024638
2.0794472018877665
2.079688612620036
2.0801289002100627
2.0820509791374207
2.0826509873072307
2.0843822956085205
2.084410627683004
2.084565222263336
2.084708833694458
2.0847904443740846
2.086500624815623
2.0892111976941425
2.090889791647593
2.091264239947001
2.0918354352315265
2.0930344303448996
2.0932546257972717
2.0939334352811176
2.094474478562673
2.094615864753723
2.096590749422709
2.096605730056763
2.0981478691101074
2.099975657463074
2.101037303606669
2.1022948225339255
2.102994616826375
2.1031476219495135
2.10332985719045
2.104507048924764
2.1047226349512735
2.1047476609547933
2.1059268712997437
2.107601726055145
2.1084312041600546
2.1089960018793743
2.1093650817871095
2.1094541708628336
2.110682757695516
2.112579329808553
2.113187615076701
2.113723572095235
2.1140066663424175
2.114415188630422
2.116017246246338
2.117876903216044
2.118118719259898
2.12045206228892
2.123021658261617
2.123075608412425
2.124455197652181
2.124993638197581
2.1250431100527445
2.1252956310908
2.1259745478630068
2.1284023682276407
2.1288440585136414
2.1294055461883543
2.130184197425842
2.130910611152649
2.1314247886339825
2.132302498817444
2.1324766238530475
2.1333102862040203
2.1344085454940798
2.1364043672879536
2.1366490761439008
2.136990197499593
2.1396844188372293
2.140489188830058
2.140648055076599
2.141243036588033
2.1418962756792705
2.1434656222661337
2.145474056402842
2.1457226117451986
2.1461659113566083
2.147453260421753
2.148095965385437
2.1497436205546063
2.150267501672109
2.1512115557988483
2.152112972736359
2.152823877334595
2.1535892566045125
2.1559866348902386
2.1561168591181437
2.157030729452769
2.1570673545201617
2.1580037275950112
2.1593660990397137
2.1595381140708922
2.1608243107795717
2.1611832857131956
2.1618869304656982
2.162234091758728
2.163528017203013
2.1647469878196715
2.1666353225708006
2.1677536725997926
2.167932144800822
2.1683750708897906
2.1686244646708173
2.169577113787333
2.170788113276164
2.173084811369578
2.1740859111150104
2.1746838529904684
2.1749228715896605
2.175208878517151
2.1762099941571553
2.1768691500027972
2.1769577741622923
2.1796836654345193
2.1806057492891946
2.1810739994049073
2.1814387599627176
2.182777428627014
2.1834362308184305
2.183545716603597
2.1839041709899902
2.1850151697794598
2.1865052819252013
2.1866706013679504
2.1879106760025024
2.188884139060974
2.189073797067006
2.1905471086502075
2.1913740714391072
2.1925322890281675
2.192658305168152
2.1941285848617555
2.1948630889256795
2.1950437744458515
2.196256438891093
2.1965464035669964
2.19777227640152
2.197817329565684
2.198363705476125
2.199916672706604
2.2011893033981322
2.2028046170870463
2.2036091367403667
2.204540201028188
2.2052833755811054
2.205747902393341
2.206168758869171
2.2065603852272035
2.2067719300587973
2.2067974328994753
2.209963126977285
2.210202387968699
2.210753579934438
2.2115941047668457
2.211740223566691
2.213841199874878
2.215096934636434
2.2151150067647296
2.2164262493451434
2.216528356075287
2.2176605661710105
2.217848757902781
2.219107254346212
2.219786548614502
2.220491270224253
2.220711040496826
2.221683382987976
2.223471180597941
2.223486042022705
2.224419085184733
2.225798972447713
2.22713041305542
2.22877197265625
2.2289982438087463
2.2296322703361513
2.229797355333964
2.2298272132873533
2.2311808864275613
2.232774039109548
2.2334330598513286
2.235390611489614
2.236068387826284
2.2363957444826763
2.2378604332606
2.23961177666982
2.2396758079528807
2.239917568365733
2.240492908159892
2.2415679653485614
2.242180323600769
2.2430883089701337
2.244892970720927
2.244967071215312
2.248416527112325
2.249133745829264
2.2492074489593508
2.249276920159658
2.2502312501271566
2.252018463611603
2.252492924531301
2.2527939875920615
2.2546759486198424
2.254747943083445
2.255247131983439
2.257321850458781
2.2574114282925923
2.2584810415903727
2.259831428527832
2.2602440754572553
2.261562923590342
2.26253293355306
2.263516672452291
2.263586183389028
2.263659294446309
2.265510392189026
2.2671389977137246
2.2674651622772215
2.270575288931529
2.2714470942815144
2.271672248840332
2.2717657049496967
2.2738296151161195
2.2748430331548053
2.274943407376607
2.2753051201502483
2.276806640625
2.2775864521662395
2.277902777989705
2.2784552335739137
2.281892740726471
2.282105195522308
2.282503378391266
2.28254310687383
2.2830133557319643
2.283569800853729
2.2855939507484435
2.286919915676117
2.2872244397799175
2.287847189108531
2.2880095561345417
2.2889275431632994
2.2900853355725608
2.290730436642965
2.290852689743042
2.2921640038490296
2.2925609787305197
2.293129014968872
2.2952353596687316
2.2959476272265116
2.2965182344118755
2.296819603443146
2.29682955344518
2.298146323362986
2.2985363920529682
2.2991785367329913
2.2997727195421853
2.301607783635457
2.302948522567749
2.3034401456514995
2.303467810153961
2.303910319010417
2.3051919182141622
2.306509017944336
2.307590134938558
2.3079490502675375
2.3086308161417644
2.3100317319234214
2.3104545871416726
2.311466936270396
2.3126275340716043
2.3132122715314227
2.313489548365275
2.313752806186676
2.314693260192871
2.316437296072642
2.3178137063980104
2.317883225282033
2.3182591001192727
2.318646506468455
2.319278609752655
2.3199186523755393
2.3204524437586467
2.3213831583658853
2.322378158569336
2.322447959582011
2.3229498346646626
2.324755688508352
2.3255041599273683
2.3258249322573343
2.326483384768168
2.327913427352905
2.329136614004771
2.3295735160509747
2.329849195480347
2.3314981420834857
2.3319134791692098
2.3336005647977194
2.334507644176483
2.3347052256266276
2.335313328107198
2.3354294896125793
2.3364211559295653
2.337730117638906
2.3399410327275594
2.3405727982521056
2.3408819834391275
2.340968449910482
2.3414317925771075
2.341947921117147
2.3431498130162556
2.343914560476939
2.3451138695081073
2.345924166838328
2.346976602077484
2.3470293720563253
2.3495986739794414
2.349763834476471
2.3515307784080504
2.353363581498464
2.3537185430526733
2.353918461004893
2.3540635108947754
2.354919195175171
2.3553290009498595
2.3568145831425986
2.3574900150299074
2.357518498102824
2.359962479273478
2.360459307829539
2.3617597738901774
2.362867546081543
2.3631250222524005
2.3633605082829794
2.363859498500824
2.3654094258944194
2.3655969977378843
2.3669422189394633
2.3684709072113037
2.369604063034058
2.369753070672353
2.371342043081919
2.3743411183357237
2.3745598872502645
2.374617830912272
2.375067933400472
2.375222210089366
2.377157974243164
2.377356266975403
2.3820817629496256
2.382862404982249
2.3838638424873353
2.3842324296633404
2.3844230651855467
2.384651823838552
2.3862661202748616
2.3868473490079243
2.387780233224233
2.3881208419799806
2.390104651451111
2.390381415685018
2.3926329294840496
2.393015424410502
2.394878415266673
2.3957800467809043
2.396257003148397
2.3979013999303183
2.398833171526591
2.3989681720733644
2.4000794967015584
2.4021623214085897
2.402878717581431
2.4037201166152955
2.405728534857432
2.406531043847402
2.4065627694129943
2.4071710030237834
2.4082716067632037
2.40865509112676
2.410811547438304
2.4110697388648985
2.411358698209127
2.4119940876960753
2.413525692621867
2.4140108744303386
2.415078882376353
2.4162232716878256
2.416805640856425
2.4174269835154214
2.417669634024302
2.418212362130483
2.4187501311302184
2.422844111919403
2.423123828570048
2.4239206075668336
2.424126104513804
2.4253451943397524
2.4269290765126548
2.427170737584432
2.427914392948151
2.427968911329905
2.4289020617802937
2.430130656560262
2.4303419669469197
2.4320429523785907
2.4320911327997843
2.4336100498835247
2.4361412366231283
2.4374586741129556
2.4376582423845927
2.438321018218994
2.440726574261983
2.4414405186971027
2.4420018116633098
2.4425075173377992
2.4425965785980224
2.4430323163668315
2.443678943316142
2.4437019348144533
2.4466439843177796
2.446801324685415
2.447329870859782
2.4478664000829062
2.449579910437266
2.4505247473716736
2.4507609168688456
2.4523607810338337
2.453337546189626
2.4564476807912192
2.4567320783933004
2.4568162083625795
2.457273554801941
2.4573683897654215
2.459988816579183
2.460251279671987
2.461113925774892
2.4611711661020914
2.4624181429545087
2.4624261975288393
2.462501013278961
2.46281551917394
2.4658071200052896
2.466999300320943
2.468076686064402
2.468509821097056
2.469920575618744
2.4706291357676187
2.471130132675171
2.471412436167399
2.4744969725608827
2.4748585780461627
2.476490485668182
2.476950403054555
2.4789442857106527
2.4803505222002666
2.4823783238728843
2.4823885957400003
2.4829989671707153
2.4844825824101764
2.4862131039301554
2.4869216720263165
2.4872857848803203
2.4873035232226055
2.487498633066813
2.4878855188687643
2.4892405072848
2.4904539068539937
2.4924601554870605
2.493028151988983
2.493196980158488
2.49406867424647
2.4953155954678854
2.4971709211667377
2.500257889429728
2.5012571692466734
2.501395944754283
2.501733354727427
2.502126860618591
2.502575465043386
2.5044057885805766
2.5054874300956724
2.5056795398394267
2.506924311319987
2.507389521598816
2.5087931036949156
2.509805802504222
2.5106168071428936
2.512589152654012
2.5130837202072143
2.5133466362953185
2.5139073769251508
2.5146132389704388
2.516375017166138
2.517035734653473
2.517101482550303
2.5211989680926004
2.5214552720387777
2.5220693349838257
2.5229073842366536
2.523125143845876
2.5242006301879885
2.524653426806132
2.526517128944397
2.5273401061693828
2.528053863843282
2.5285939892133076
2.529383985201518
2.5303730527559916
2.5307212630907694
2.5322875499725344
2.532733408610026
2.5343656818072002
2.536579211552938
2.537060972054799
2.5381855448087056
2.5391833901405336
2.540350695451101
2.5411733031272887
2.5417606949806215
2.541835149129232
2.5452618479728697
2.5455132881800333
2.545735510190328
2.547218302885691
2.5480446736017863
2.5485357284545898
2.548735622564952
2.550832231839498
2.55162308216095
2.5521703163782754
2.5528274019559225
2.5531779289245606
2.554934831460317
2.5558479984601337
2.5569948554039
2.5575781146685284
2.5584768295288085
2.5596672614415485
2.5597041567166645
2.562139368057251
2.5626058061917623
2.563275221983592
2.5649397055308025
2.565562323729197
2.56598828236262
2.566341809431712
2.5666900753974913
2.5669702251752216
2.5670881072680154
2.5684558947881064
2.572326596577962
2.572555406888326
2.5733843564987184
2.5736317873001098
2.573749299844106
2.5741658488909405
2.5764825264612834
2.577290074030558
2.5773983518282573
2.57967293659846
2.579723429679871
2.580573864777883
2.582067390282949
2.583092478911082
2.583830451965332
2.5843018174171446
2.5859607100486754
2.5863192041714984
2.588396453857422
2.5884502569834393
2.5890344897905986
2.5895671685536703
2.5901073694229124
2.5925552010536195
2.592811969916026
2.5933962225914002
2.594819951057434
2.5950985829035442
2.5962511618932087
2.5970643003781637
2.597745108604431
2.5984582622845966
2.599224309126536
2.600121291478475
2.600788712501526
2.6015100042025248
2.6015846014022825
2.603024649620056
2.603860346476237
2.6059162934621174
2.606358210245768
2.6064363439877827
2.6073039253552754
2.6089045206705728
2.609746436278025
2.6102492451667785
2.6110100309054056
2.6110434412956236
2.6125250339508055
2.6134140650431315
2.614219085375468
2.6147010882695514
2.61579403479894
2.6161843657493593
2.61653702656428
2.6168808062871296
2.6180901447931926
2.6183155814806622
2.6186824440956116
2.6192282835642495
2.6207682847976685
2.6207809726397198
2.6226452787717185
2.623837927977244
2.624280595779419
2.6254538377126058
2.625997738043467
2.6262773871421814
2.6271156589190165
2.6276559432347617
2.62798281510671
2.62938080628713
2.629683291912079
2.6310531854629517
2.6321053862571717
2.633137635389964
2.6338309049606323
2.6338757157325743
2.636042833328247
2.6369770566622415
2.6375942468643188
2.6376192728678385
2.6379345218340555
2.638422433535258
2.641557037830353
2.641605559984843
2.6423246264457703
2.6424137870470683
2.64282652537028
2.6460585713386537
2.647309358914693
2.6494344393412272
2.6502135316530864
2.6524657805760703
2.652500347296397
2.6543285489082336
2.6563808878262836
2.658250383536021
2.659249186515808
2.659278384844462
2.660530686378479
2.660688348611196
2.660747464497884
2.6609357873598736
2.663839701811473
2.6644238511721294
2.664589516321818
2.6691345969835916
2.669163703918457
2.6692415833473206
2.669406286875407
2.670085628827413
2.6705154617627462
2.6708349704742433
2.671965400377909
2.6737467845280967
2.674991838137309
2.6755322655042013
2.678420635064443
2.678860600789388
2.6794986446698505
2.6800578435262046
2.6801613291104633
2.6802138884862265
2.6833142240842185
2.685328209400177
2.6853731155395506
2.686433001359304
2.6874290982882183
2.687441956996918
2.688031037648519
2.689599792162577
2.6898571888605756
2.692366627852122
2.6924877166748047
2.6944080193837485
2.6950350602467856
2.695867085456848
2.6963623126347858
2.69689253171285
2.698779900868734
2.698811419804891
2.6989279707272846
2.700150692462921
2.7019489844640097
2.7024402737617494
2.7026127298672993
2.7041697899500527
2.7049076080322267
2.7052118301391603
2.707212253411611
2.7075955152511595
2.7079872250556947
2.7100011269251505
2.7105762243270872
2.7110010306040446
2.711990487575531
2.7121866901715594
2.7125793218612673
2.7142037034034727
2.7147402723630267
2.7155166188875834
2.7156607031822206
2.716094907124837
2.717527218659719
2.7185176849365233
2.7188936750094097
2.7200190862019857
2.7208306392033896
2.721434211730957
2.7221424698829653
2.7234432220458986
2.7243786056836448
2.724541123708089
2.7251274387041726
2.7273532072703044
2.7293208201726276
2.7297566374142965
2.729781079292297
2.730525799592336
2.7316102147102357
2.731659384568532
2.733336540063222
2.7336365779240928
2.736163854598999
2.7375820517539977
2.7381630659103395
2.7396056095759076
2.740579295158386
2.7407604018847147
2.7414275209108987
2.7415098349253335
2.742312963803609
2.745416514078776
2.7454283674558004
2.7455855210622153
2.746138894557953
2.746666117509206
2.747123316923777
2.7496190031369525
2.7498462438583373
2.7510414123535156
2.751909947395325
2.7519471406936646
2.75250594218572
2.7546605467796326
2.7549954771995546
2.755203934510549
2.7560814301172893
2.757888074715932
2.7586426536242166
2.7593334952990216
2.7604333678881328
2.7639318704605103
2.764225979646047
2.7653127948443097
2.7663832664489747
2.767088834444682
2.7672074834505715
2.7677507678667705
2.7689058860143025
2.7693448424339295
2.770583987236023
2.7717962702115377
2.7720693945884705
2.773907256126404
2.774250690142314
2.7752405722935993
2.777296535174052
2.7773272037506103
2.77747022708257
2.7775256673494977
2.781470159689585
2.782330826918284
2.7842902660369875
2.7842935721079507
2.784766622384389
2.7859089652697246
2.7867584228515625
2.7871593395868937
2.789329504966736
2.7898382465044658
2.789919630686442
2.7904940525690716
2.7906882882118227
2.7919185161590576
2.7931450963020326
2.7931963483492535
2.7936906695365904
2.7940650741259256
2.7966143170992535
2.7988561511039736
2.799322442213694
2.8008468548456826
2.801171108086904
2.8016037940979004
2.8025176405906675
2.8037341475486754
2.803987189133962
2.8051583687464396
2.8060238361358643
2.80739426612854
2.8092258532842
2.8095890879631042
2.8110862096150715
2.8114105741182964
2.8116637746493023
2.811914924780528
2.812452753384908
2.8125017126401266
2.813289753595988
2.8137661178906757
2.814454754193624
2.8168461521466575
2.818055291970571
2.819105319182078
2.820462159315745
2.8207388202349346
2.8208403825759887
2.821030370394389
2.8217705965042112
2.8224286794662476
2.8233353018760683
2.8244963606198628
2.8248541156450906
2.826384512583415
2.8264393130938212
2.8277313907941184
2.8287983894348145
2.828803257147471
2.830253330866496
2.8305500586827597
2.831410825252533
2.8328458309173583
2.8348125497500103
2.835264758268992
2.835731867949168
2.8367305835088095
2.8369472940762837
2.8373665769894916
2.8381097753842672
2.8384907960891725
2.840311868985494
2.840896125634511
2.841943144798279
2.8430782318115235
2.8438621520996095
2.846975513299306
2.8471007029215496
2.8476729512214662
2.847700273990631
2.847763689359029
2.849896693229675
2.850126246611277
2.8502556562423704
2.852555513381958
2.852743124961853
2.8543931523958843
2.8549584706624347
2.855853029092153
2.8573551058769224
2.857832141717275
2.8583511312802634
2.858631519476573
2.859850112597148
2.8610472400983173
2.86109832127889
2.861569301287333
2.8620759010314942
2.862190763155619
2.8627211173375446
2.866163730621338
2.867644747098287
2.867789872487386
2.86837717294693
2.870041724046071
2.870797324180603
2.872234662373861
2.8729299545288085
2.8732319037119547
2.875339563687642
2.877128760019938
2.8773327787717182
2.8779271205266315
2.8794367631276447
2.8810936212539673
2.8819369196891786
2.8827238361040752
2.883012664318085
2.883064381281535
2.8836029171943665
2.883911069234212
2.885495328903198
2.885972325007121
2.8869036634763083
2.887557295958201
2.8881218433380127
2.8885523478190103
2.889258642991384
2.8898035208384196
2.891335296630859
2.8918187697728475
2.8931548595428467
2.8938668847084044
2.894583535194397
2.895417336622874
2.896048374970754
2.896141755580902
2.896538988749186
2.898608160018921
2.898829925060272
2.89885755777359
2.9003539284070334
2.902935063838959
2.903069539864858
2.903356329600016
2.9039953549702964
2.905516469478607
2.9056349794069924
2.905674389998118
2.9058237075805664
2.9069488883018493
2.9077921986579893
2.9111088355382284
2.911603836218516
2.9123195807139077
2.912320939699809
2.912797697385152
2.9144842545191447
2.914618360996246
2.915490142504374
2.916385293006897
2.917529459794362
2.9175979216893513
2.9197323004404705
2.920353027184804
2.921718084812164
2.9225324511528017
2.9226613005002338
2.923826313018799
2.92446604569753
2.9267764608065288
2.927329456806183
2.928309424718221
2.9283519546190897
2.9293153405189516
2.9295103510220843
2.9303199450174966
2.932864757378896
2.933751368522644
2.9346681356430055
2.935986649990082
2.9375523487726847
2.9378498196601868
2.9385547558466594
2.9401098171869915
2.9405528624852497
2.941672857602437
2.942207662264506
2.943209679921468
2.9448131640752155
2.945144323507945
2.9456098238627115
2.946146519978841
2.9480170090993245
2.9495412548383078
2.950541337331136
2.9510817726453147
2.951190789540609
2.951493513584137
2.9516945918401083
2.9520323236783343
2.9546651244163513
2.9547316511472066
2.9549613197644553
2.955963977177938
2.9564762910207114
2.9576616326967877
2.957693576812744
2.961010789871216
2.9618690609931946
2.9618711789449055
2.962835880120595
2.9638866702715556
2.964512324333191
2.965814181168874
2.9668349424997964
2.9671637852986654
2.967700215180715
2.9678502003351848
2.9711251815160113
2.9712074319521586
2.9720102310180665
2.9737226168314614
2.9737571597099306
2.974077045917511
2.974320149421692
2.9762627363204954
2.9778199791908264
2.9786415060361224
2.9789520422617595
2.979118331273397
2.9800669233004253
2.9836304426193236
2.9853492657343548
2.985492467880249
2.986711490154266
2.9875478466351826
2.9876466472943624
2.987852426369985
2.991105012098948
2.9917405168215434
2.9930875023206074
2.9940832297007245
2.994329806168874
2.9944778164227803
2.9975050886472068
2.9975595116615295
2.9979613701502483
2.9993059357007343
3.000229827562968
3.0002683480580647
3.000575375556946
3.001794906457265
3.00462855497996
3.0050843755404153
3.00526202917099
3.0055383324623106
3.0055471301078795
3.0062573234240215
3.0085167288780212
3.0087262352307635
3.0094340761502583
3.010232174396515
3.0102431774139404
3.0117749611536664
3.012947682539622
3.0130672415097552
3.013875142733256
3.0153979778289797
3.0170913378397626
3.0174243688583373
3.0185096621513368
3.0186004479726156
3.0204810659090677
3.0209280371665956
3.022558844089508
3.0235307216644287
3.0240694244702655
3.0259216030438743
3.026751486460368
3.027566675345103
3.0278452078501386
3.027961560090383
3.031912358601888
3.034055197238922
3.034775074323018
3.0375951568285626
3.037937676906586
3.03811465104421
3.038245165348053
3.0397588928540547
3.0405580202738443
3.0414592742919924
3.0414817412694295
3.0418506066004434
3.0450414061546325
3.045210150877635
3.045555293560028
3.046808350086212
3.0476733883221945
3.048966479301453
3.0501588225364684
3.0505491415659587
3.050603441397349
3.053789548079173
3.0539450605710345
3.0543724377950032
3.055058530966441
3.0551489114761354
3.0556501587231955
3.0558255513509116
3.0588995615641275
3.05901798804601
3.0594183365503946
3.059916607538859
3.060355508327484
3.060902011394501
3.061553903420766
3.0632106264432273
3.0638132174809773
3.064187808831533
3.0647574067115784
3.0649658958117167
3.065003550052643
3.0665507197380064
3.067731277147929
3.0683568914731345
3.068490795294444
3.0708242138226827
3.07082622051239
3.0709466139475503
3.071059008439382
3.0727992335955303
3.0728392799695334
3.075906578699748
3.07689475218455
3.0775860786437987
3.0781721154848736
3.0782203316688537
3.079116415977478
3.0796934366226196
3.080262275536855
3.0817058801651003
3.081804835796356
3.082044998804728
3.0845476746559144
3.084906446933746
3.086884343624115
3.0878467639287313
3.0894659797350568
3.089857017993927
3.0901151736577352
3.0901644110679625
3.092905871073405
3.093832314014435
3.093833927313487
3.0947245995203656
3.09510494073232
3.095978589852651
3.0973399877548218
3.0980322321256
3.1007336656252544
3.101025176048279
3.1010911742846172
3.101202376683553
3.1014696756998696
3.103088100751241
3.1034618933995564
3.105240488052368
3.105885907014211
3.1063993692398073
3.1074522693951923
3.1076052943865458
3.108129684130351
3.109482423464457
3.110277700424194
3.111534138520559
3.1117823561032614
3.1119680166244508
3.1128034273783367
3.1136841615041098
3.114911425113678
3.1158674597740172
3.1161319613456726
3.1170234799385073
3.1174245635668436
3.1188486218452454
3.11887104511261
3.1190086960792542
3.1207819819450378
3.1212680379549664
3.121729119618734
3.1219523310661317
3.1226070284843446
3.1228158911069235
3.123133667310079
3.1240735769271852
3.125254809856415
3.125754992167155
3.126135468482971
3.126903462409973
3.127479974428813
3.1289130608240763
3.1298379143079122
3.130325965086619
3.130736521879832
3.1312286535898846
3.1313692410786946
3.1313760320345563
3.1320526162783304
3.132069679101308
3.1350810170173644
3.1356654524803163
3.1364466547966003
3.1367262482643126
3.136980334917704
3.138129711151123
3.138937075932821
3.1397239486376445
3.139926250775655
3.1403098185857137
3.1424758871396383
3.1427275419235228
3.143145863215129
3.143306561311086
3.144036857287089
3.144249141216278
3.1446948448816934
3.1460545579592387
3.1472493171691895
3.1498181660970053
3.1504104932149253
3.152559800942739
3.1526198108990986
3.1545385042826335
3.154567635059357
3.1554906447728475
3.1560495694478354
3.156150527795156
3.156794313589732
3.158197557926178
3.159372846285502
3.1594613830248517
3.161958654721578
3.1622074484825133
3.162768030166626
3.1630668799082438
3.1636451840400697
3.1636890292167665
3.1637756784756976
3.166223625342051
3.16655676762263
3.1667952577273053
3.1670458197593687
3.1680593649546305
3.170027943452199
3.17135907014211
3.1717223723729453
3.172288910547892
3.1730489174524945
3.173097546895345
3.1744879444440204
3.1761319041252136
3.177099100748698
3.1782540996869404
3.1784454266230266
3.17921937306722
3.181275987625122
3.1819862763086957
3.1822318116823833
3.1858540574709573
3.1859174966812134
3.186708144346873
3.1897990425427754
3.1901272535324097
3.19017809232076
3.1904351313908896
3.191202982266744
3.191763110955556
3.192794505755107
3.193430729707082
3.194040906429291
3.1942874670028685
3.1943554600079853
3.196373649438222
3.1972017725308737
3.1973122000694274
3.198540190855662
3.2006760279337567
3.2007996598879496
3.2010382533073427
3.2012514154116314
3.2014748056729636
3.201879823207855
3.2024411082267763
3.204304309686025
3.204638616243998
3.2057005087534587
3.2076553304990134
3.2079869945844015
3.208364506562551
3.2093382716178893
3.2097654938697815
3.2117974042892454
3.2119049350420634
3.212736550966899
3.214340277512868
3.214426600933075
3.2147451400756837
3.216271177927653
3.217398552099864
3.217702090740204
3.218864063421885
3.220013944307963
3.220955729484558
3.221773652235667
3.2218368927637737
3.2235312700271606
3.224015168348948
3.2243885040283202
3.2271712104479473
3.2275400360425315
3.2280553817749023
3.2282155752182007
3.229040245215098
3.229676429430644
3.2299463709195453
3.230060585339864
3.234126396973928
3.235175096988678
3.2354655663172402
3.2355452378590903
3.2356767376263935
3.236009498437246
3.2370266715685525
3.2394975543022158
3.2396173079808555
3.239824958642324
3.240913486480713
3.2414270599683124
3.242558232943217
3.2429961284001667
3.243213776747386
3.243933705488841
3.2446815888086955
3.2452012300491333
3.246025474866231
3.2460710684458416
3.2465423186620077
3.246889062722524
3.2479599475860597
3.249758533636729
3.250786085923513
3.251405688126882
3.2529332359631855
3.2534204880396524
3.254401648044586
3.25448747475942
3.2546745697657267
3.2567936539649964
3.259436313311259
3.2605416973431907
3.261239461104075
3.2614324569702147
3.2615246772766113
3.264365343252818
3.264651823043823
3.265852626164754
3.266596539815267
3.2677589535713194
3.2679152329762777
3.2702622612317405
3.2710323135058084
3.2719674348831176
3.2741851210594177
3.2743356506029766
3.274488838513692
3.274656820297241
3.2758426547050474
3.276503797372182
3.2770233670870463
3.278053271770477
3.278413740793864
3.2789156715075176
3.280238064130147
3.2812258919080097
3.2814379413922627
3.281774568557739
3.282691144943237
3.2847623070081076
3.2853979309399923
3.286225509643555
3.2867954929669696
3.2868902683258057
3.286899177233378
3.287858255704244
3.2913992404937744
3.2915015538533527
3.2931156675020854
3.29329506556193
3.293724775314331
3.294209369023641
3.295407299200694
3.295430239041646
3.2965395053227744
3.2974965929985047
3.297570304075877
3.2982231179873147
3.3001195828119916
3.3004290501276654
3.301067054271698
3.3019293626149495
3.3033328970273335
3.304533584912618
3.305544396241506
3.3078216473261515
3.307910684744517
3.3085510889689127
3.309441045920054
3.309523860613505
3.312258489926656
3.3123557249705
3.3127232670783995
3.314245271682739
3.315691292285919
3.316203236579895
3.3173397620519003
3.3176010688145956
3.318400768438975
3.318886224428813
3.319246355692546
3.321621855099996
3.3217090288798015
3.3226799170176187
3.323745826880137
3.324319612979889
3.326180334885915
3.326698875427246
3.328579044342041
3.3292690992355345
3.3295106728871664
3.330145764350891
3.3308729608853658
3.3308859984079997
3.331263260046641
3.3327736417452494
3.3334565838178
3.334797950585683
3.336100133260091
3.33918031056722
3.340511504809062
3.3407511552174887
3.3414932529131574
3.3424619992574054
3.3429471174875895
3.346123210589091
3.346339392662048
3.346452518304189
3.3482446233431498
3.349024164676666
3.349695893128713
3.3501664837201437
3.3512919545173645
3.3530316154162088
3.3533512115478517
3.3537373661994936
3.3545470873514813
3.3549116015434266
3.356632236639659
3.3595584988594056
3.3597192923227945
3.3598172346750896
3.360426425933838
3.3607341329256695
3.36126225789388
3.361797312895457
3.362168339888255
3.3634851376215615
3.366103223959605
3.3664626757303875
3.366519578297933
3.36675310532252
3.36721689303716
3.367437446117401
3.367849334081014
3.370128377278646
3.3701517860094707
3.3726739565531414
3.3731512387593585
3.373732248942057
3.3750726222991942
3.3761446396509807
3.376540474096934
3.3765771826108297
3.3777127901713055
3.378119957447052
3.378918166955312
3.3792744914690656
3.380113363265991
3.3803428451220197
3.3814767162005106
3.383363250891368
3.3845272262891135
3.3849573810895284
3.385776388645172
3.3857834974924725
3.3862912535667418
3.3871558785438536
3.387694863478343
3.3883066455523174
3.388643745581309
3.3898295561472573
3.3912036220232644
3.391694211959839
3.3923096577326457
3.3924134174982705
3.3941898425420125
3.3960593501726786
3.3963761568069457
3.3968791007995605
3.39882763226827
3.399159252643585
3.399645121892293
3.3997754216194154
3.4019980390866595
3.4027557015419005
3.4028163075447084
3.4031329194704694
3.4034515102704366
3.403610114256541
3.4040659228960672
3.405819225311279
3.406080186367035
3.407094895839691
3.408851714928945
3.4090936382611594
3.4102181712786357
3.410234026114146
3.4104759335517882
3.411666961510976
3.4130528370539346
3.4130630095799765
3.4133593837420144
3.414457607269287
3.4150545517603557
3.4165545741717023
3.4168922821680705
3.416986624399821
3.417478040854136
3.41972234249115
3.4204407294591266
3.4205798586209615
3.420603370666504
3.4223525683085123
3.425058666865031
3.4253430445988973
3.425951663653056
3.4262605905532837
3.426611320177714
3.4269611954689028
3.42712558110555
3.428694721062978
3.430409824848175
3.431506073474884
3.4316669503847756
3.4326921939849853
3.432717132568359
3.4330806454022724
3.4348976016044617
3.43559574286143
3.436529258886973
3.4369365851084392
3.437711811065674
3.437853260835012
3.438958104451497
3.439827009042104
3.440480069319407
3.4406813184420266
3.4452428181966144
3.4457141121228534
3.4461551109949746
3.447705169518789
3.447712206840515
3.4481926441192625
3.4490248203277587
3.4497161706288657
3.4500248034795127
3.451220715045929
3.451263936360677
3.451314369837443
3.4519768277804057
3.454070059458415
3.4546874086062114
3.4548711935679117
3.456570088863373
3.457152183850606
3.457567528883616
3.459230677286784
3.4601315299669904
3.4609867056210835
3.4611260414123537
3.461596878369649
3.4616362969080607
3.461846641699473
3.4628149549166363
3.4661853035291035
3.4665974338849384
3.466747224330902
3.4672871828079224
3.4674652496973675
3.467578172683716
3.4693084001541137
3.4708719809850055
3.4713745713233948
3.4714553197224935
3.471894832452138
3.4724143981933593
3.4754310687383017
3.475456786155701
3.4759321570396424
3.4784722248713176
3.478597899278005
3.479087241490682
3.479503651460012
3.480362530549367
3.4805637200673423
3.481477125485738
3.4817766547203064
3.4839497009913125
3.4851067741711934
3.485288910071055
3.4854534387588503
3.4864895979563397
3.48717337846756
3.488073380788167
3.488652507464091
3.4892825921376547
3.490300977230072
3.4903780738512675
3.491144363085429
3.492269313335419
3.4929474155108133
3.4940802733103435
3.4948671102523803
3.4951497197151182
3.4969043294588724
3.498130214214325
3.4988460898399354
3.499301572640737
3.5004194657007854
3.5013304670651753
3.501434592405955
3.501591646671295
3.501920771598816
3.502154211203257
3.5043828169504803
3.504603632291158
3.5049017786979677
3.504999033610026
3.5051706790924073
3.5074757377306622
3.5098302046457928
3.510641590754191
3.5109944462776186
3.5115354617436725
3.512745904922485
3.51291971206665
3.514659281571706
3.514841143290202
3.5161128759384157
3.516156562169393
3.5179337938626607
3.5181321263313294
3.518757649262746
3.5212430636088055
3.5217040300369264
3.5226908683776856
3.524251163005829
3.5249550024668377
3.5251094619433085
3.5256858746210735
3.526851503054301
3.528107194105784
3.529037408034007
3.5294268329938254
3.529570802052816
3.529587427775065
3.529925032456716
3.5325676163037616
3.5332697113355
3.5336583574612934
3.5365939855575563
3.5369443694750466
3.537124303976695
3.537160034974416
3.5378185669581095
3.5384090105692545
3.5387429634730023
3.5407455841700237
3.541304834683736
3.542207173506419
3.5430985490481057
3.544639535744985
3.5446919560432435
3.544809651374817
3.546175154050191
3.547730791568756
3.5477906862894693
3.5484386444091798
3.5520105361938477
3.553082076708476
3.5531732638676963
3.5540897448857627
3.5541876475016276
3.556071893374125
3.557530192534129
3.5576518376668296
3.55861470301946
3.5599227507909137
3.560482915242513
3.5619327704111736
3.562966012954712
3.563089152177175
3.5654613733291627
3.5658884247144065
3.5670748988787335
3.569079101085663
3.5691378235816957
3.569267662366231
3.569356302420298
3.5706478993097943
3.5721951365470885
3.5728765527407327
3.5730813066164653
3.573962088425954
3.574278970559438
3.575881858666738
3.5762014547983805
3.576716105143229
3.5768030206362407
3.577652092774709
3.5778093099594117
3.5791061441103618
3.5795506993929544
3.580467442671458
3.5805612246195477
3.583285963535309
3.5833879550298056
3.5835867524147034
3.584021218617757
3.584964934984843
3.5849780003229776
3.5865487257639566
3.5872123718261717
3.5877127766609194
3.5921116272608438
3.594350453217824
3.5959862589836122
3.596271789073944
3.5969133019447326
3.599869954586029
3.6001418431599936
3.6012787858645123
3.601920159657796
3.602529402573903
3.603168213367462
3.605404524008433
3.6065547863642373
3.6073825120925904
3.608480421702067
3.60882705450058
3.6089332858721415
3.6091237028439838
3.6097031593322755
3.6104443589846293
3.6115132252375286
3.612418488661448
3.612475848197937
3.6127150654792786
3.6136432965596517
3.614233942826589
3.614410920937856
3.6152561982472737
3.6152695258458456
3.616454048951467
3.617506039142609
3.6176599979400637
3.6180058201154073
3.618733235200246
3.62017875512441
3.621945083141327
3.622319809595744
3.622572394212087
3.624854326248169
3.6249700744946796
3.626765763759613
3.627449067433675
3.6279970963795978
3.628146763642629
3.629965813954671
3.63080780506134
3.6314149777094524
3.632218829790751
3.6324334502220155
3.633799918492635
3.6346124609311423
3.6346150159835817
3.6353304783503213
3.6360145688056944
3.6362918535868327
3.6382539590199787
3.639073141415914
3.639102812608083
3.639191675186157
3.6394406000773114
3.6394435087839763
3.6401527722676597
3.6411517739295958
3.64168305794398
3.64190282424291
3.642016899585724
3.644499957561493
3.6447160561879475
3.644963792959849
3.647139775753021
3.6479217489560445
3.648730095227559
3.6499932090441387
3.650564165910085
3.6518202503522237
3.6527841806411745
3.6546312808990478
3.65477462609609
3.6560725967089334
3.6565662622451782
3.6579152862230937
3.659112318356832
3.659307086467743
3.6598005135854086
3.6602152585983276
3.6615569512049357
3.662036116917928
3.662340744336446
3.6630903085072837
3.6642109115918475
3.665597212314606
3.6667431195576987
3.6678935527801513
3.6681735634803774
3.6683165550231935
3.669094391663869
3.669581158955892
3.670328915119171
3.6713210940361023
3.6719934821128843
3.6731321692466734
3.6736679514249166
3.6749764482180276
3.676073698202769
3.676915089289347
3.6769904335339865
3.680133001009623
3.6801454345385234
3.680183784166972
3.6806419610977175
3.681465220451355
3.682002147038778
3.684718175729116
3.6849703828493756
3.6867770671844484
3.687382900714874
3.6884374658266705
3.6884816964467366
3.6888367613156636
3.6899923125902814
3.692894470691681
3.6933162291844686
3.693731665611267
3.6938892523447673
3.694031341870626
3.6946698943773906
3.6951417525609336
3.695703156789144
3.696376311779022
3.69750501314799
3.698091165224711
3.7008211970329286
3.701357058684031
3.702446381251017
3.7024859031041464
3.702738853295644
3.7032156626383466
3.703498125076294
3.707090453306834
3.7071341355641683
3.707805593808492
3.7082056244214376
3.708398191134135
3.7097065528233846
3.710929469267527
3.711931355794271
3.712564293543498
3.713257384300232
3.7133642196655274
3.7134819587071735
3.714980908234914
3.7160250425338743
3.716135489940643
3.7170766949653626
3.7176159699757894
3.7195728699366253
3.7197052637736
3.7211929678916933
3.7212705890337627
3.722943103313446
3.7250683705012
3.7259159406026203
3.7270689090092977
3.7271727760632833
3.727939518292745
3.7281363805135093
3.728745698928833
3.730492881933848
3.734140940507253
3.735176217556
3.735615309079488
3.736047959327698
3.7363970915476483
3.7379325946172077
3.737985328833262
3.73820903301239
3.7392043391863505
3.7406370639801025
3.742070718606313
3.742709215482076
3.743094046910604
3.7440000613530477
3.7452958941459658
3.7458023468653363
3.746366806825002
3.748542086283366
3.7494253198305767
3.7512099941571555
3.751572326819102
3.75193631251653
3.7543241063753765
3.75449245373408
3.7546000679334006
3.7555116017659507
3.7560154875119527
3.756795620918274
3.758655313650767
3.759929843743642
3.760468856493632
3.7609158595403036
3.761301525433858
3.7617157896359763
3.7641138434410095
3.764121433099111
3.764551095167796
3.765273090203603
3.765502115090688
3.766080995400747
3.7674811045328775
3.768095620473226
3.7682106137275695
3.769131859143575
3.769454888502757
3.770115824540456
3.7717801650365193
3.772235377629598
3.7727029800415037
3.773105521996816
3.7740660945574445
3.7743229428927103
3.776223035653432
3.7764493227005005
3.777018431822459
3.778221114476522
3.7784860332806907
3.779134126504262
3.7804909348487854
3.781720844904582
3.782076823711395
3.782175282637278
3.782763667901357
3.783999959627787
3.7840600331624348
3.7849778135617576
3.7866113702456157
3.786938428878784
3.78726540406545
3.787287199497223
3.789051608244578
3.789178192615509
3.7892232219378155
3.7906983971595762
3.7908210357030234
3.7925050775210063
3.7939425786336263
3.793949576218923
3.7939733266830444
3.795879077911377
3.79641721645991
3.797657891114553
3.799712570508321
3.799920403957367
3.800619371732076
3.8013883074124655
3.8020811955134075
3.802565868695577
3.804824475447337
3.8052241444587707
3.8057008663813274
3.8077786485354106
3.8082014083862306
3.809233009815216
3.8093605200449625
3.811008588473002
3.8126883069674173
3.8129249930381777
3.8131564060846963
3.813345702489217
3.814714825153351
3.8160818576812745
3.8162001609802245
3.8168755769729614
3.817465623219808
3.817670996983846
3.8188875913619995
3.8215149919191997
3.8220877925554912
3.8223328471183775
3.822469484806061
3.823058525721232
3.823905050754547
3.8248210549354553
3.8257365743319194
3.82656329870224
3.826606015364329
3.8273555199305216
3.8273909290631614
3.827955794334412
3.8295589168866475
3.830378536383311
3.8318508505821227
3.8322993516921997
3.8344200332959493
3.8352617979049684
3.8356683691342672
3.8373899102210998
3.8375550309816995
3.838590367635091
3.8387386083602903
3.8404504577318828
3.8405834078788756
3.841302251815796
3.841736368338267
3.844758661588033
3.845485520362854
3.8460379362106325
3.846327765782674
3.8476077834765117
3.8482248465220135
3.84840087890625
3.8500951766967773
3.8514681458473206
3.852233922481537
3.8524509270985923
3.8527817765871686
3.853546667098999
3.8536635120709737
3.855024719238281
3.8553515672683716
3.8578609546025593
3.8584810733795165
3.8585073510805765
3.858773112297058
3.859465964635213
3.8594927827517194
3.8607507785161337
3.8611160000165303
3.861874262491862
3.862393629550934
3.862886921564738
3.8632288297017414
3.8649300773938497
3.866054630279541
3.8677209615707397
3.867936821778615
3.868091018994649
3.868371824423472
3.8685553630193072
3.8701213876406353
3.8701464613278707
3.8718955715497336
3.872547674179077
3.873702788352966
3.873971490065257
3.8750510017077127
3.875882875919342
3.876828972498576
3.8780937075614927
3.879145658016205
3.879533219337463
3.8802129586537677
3.880495246251424
3.880558713277181
3.8808752218882243
3.883119364579519
3.8836023171742755
3.8841251889864603
3.88491640885671
3.8852696418762207
3.8876532991727193
3.8888241171836855
3.888912892341614
3.889551810423533
3.8902517596880597
3.8917630434036257
3.8918227553367615
3.8930789550145466
3.893538741270701
3.8941409309705097
3.894883851210276
3.8970995942751565
3.8971064925193786
3.897885429859161
3.898899511496226
3.8993001023928326
3.899455253283183
3.9005844712257387
3.9006255626678468
3.901097325483958
3.901854944229126
3.903487189610799
3.9038330992062886
3.904322083791097
3.9046282013257345
3.9053855737050376
3.9062377413113913
3.9080241163571676
3.908645792802175
3.9088722268740335
3.9092028538386026
3.9100377917289735
3.9111809293429056
3.9117070039113364
3.9118983268737795
3.9133956392606097
3.914236227671305
3.9146288911501568
3.915819068749746
3.9176212588946027
3.9178410450617474
3.919025739034017
3.9196314215660095
3.9210211793581644
3.921095061302185
3.921643535296122
3.921815248330434
3.9224915424982707
3.923014767964681
3.9251482526461285
3.925541579723358
3.92810742855072
3.9284969727198282
3.928763437271118
3.928935941060384
3.929782807826996
3.9313072244326275
3.933100990454356
3.9334938089052836
3.9354273279507956
3.9354503949483237
3.9359002351760863
3.9375242392222085
3.9386184732119243
3.939077333609263
3.940690235296885
3.9414106686909993
3.9421085317929587
3.9421173373858136
3.9427587509155275
3.9437808632850646
3.9446415742238363
3.9457778453826906
3.94603244860967
3.9468506654103597
3.9474289894104
3.9475011905034383
3.94945170879364
3.9497061212857565
3.950600854555766
3.950767993927002
3.9511672496795653
3.9522193630536395
3.952734438578288
3.9531820019086203
3.953817677497864
3.9548526366551715
3.955392881234487
3.956645679473877
3.9572439114252727
3.957978439331055
3.959385633468628
3.9607528408368426
3.9613792936007184
3.961577582359314
3.9638256947199504
3.964320945739746
3.964502763748169
3.964741524060567
3.966238216559092
3.9666001081466673
3.9689085880915322
3.9690176367759706
3.9690204858779907
3.969955738385518
3.9723052342732745
3.974447472890218
3.974505873521169
3.9755731066068014
3.9761238137880963
3.9771703561147054
3.9774582862854
3.9794493198394774
3.979752973715464
3.980066911379496
3.9801392634709676
3.9808058937390647
3.9816361904144286
3.9831405162811278
3.983389937877655
3.9840479214986164
3.9850100755691527
3.987215820948283
3.98725612560908
3.988735044002533
3.9893923163414002
3.99015881617864
3.990264435609182
3.990490202109019
3.991295846303304
3.991634468237559
3.993697162469228
3.996488694349925
3.996961502234141
3.9974096337954204
3.9976465106010437
3.9978835582733154
3.9991026361783346
4.000372056166331
4.001159846782684
4.001369412740072
4.0026213725407915
4.003372903664907
4.003499019145965
4.004113058249156
4.005434505144755
4.006316125392914
4.006534604231517
4.006689814726512
4.00728607972463
4.011167573928833
4.0118106762568155
4.01219406525294
4.012381382783254
4.013311497370402
4.014286633332571
4.014336983362834
4.015206487973531
4.015678954124451
4.016108711560567
4.01695990562439
4.019573855400085
4.01982585589091
4.0204907615979515
4.021488718191782
4.022055343786875
4.022343432903289
4.023263049125672
4.024991901715596
4.025623059272766
4.0275233070055645
4.027712730566661
4.027780592441559
4.027978750069936
4.028805331389109
4.030109163125356
4.032345191637675
4.032394786675771
4.03243183294932
4.032614827156067
4.033095590273539
4.0336612145106
4.03387035926183
4.036435417334238
4.036515927314758
4.038743821779887
4.039193228880564
4.040712626775106
4.040980799992879
4.0410768230756124
4.041463446617127
4.041674935817719
4.042944002151489
4.043244099617004
4.043778852621714
4.045217931270599
4.045593575636546
4.04960976044337
4.050117866198222
4.0501314719518025
4.050447372595469
4.050985701878866
4.05254404147466
4.0530651926994326
4.054363902409872
4.054532066980998
4.056328336397807
4.057009379069011
4.058537149429322
4.058573965231577
4.059677763779958
4.060418756802877
4.060509085655212
4.060529001553854
4.061750173568726
4.06223558584849
4.062492263317108
4.063147453467051
4.063256653149923
4.063589648405711
4.06426432132721
4.066514869530995
4.066781500975291
4.06850255727768
4.068535665671031
4.07007710536321
4.070646870136261
4.071137682596842
4.071626249949137
4.071989806493123
4.072339777151743
4.073166851202647
4.074489025274913
4.075265379746755
4.075348409016927
4.076108729839325
4.077453418572744
4.078142694632212
4.078765149911245
4.080317695935567
4.081064343452454
4.081095635890961
4.08280469973882
4.082834561665853
4.0832863569259645
4.083885375658671
4.085257252057393
4.085667105515798
4.086356166998545
4.087003656228384
4.08790291150411
4.088344478607178
4.0901798446973165
4.090214987595876
4.090795246760051
4.091030844052633
4.091502968470255
4.093752972284952
4.093908067544302
4.094460197289785
4.095645626386006
4.0959049185117085
4.096701574325562
4.097178455193838
4.097253123919169
4.0972687840461735
4.0985326329867044
4.098674583435058
4.099016320705414
4.1003679474194845
4.100669197241465
4.101117825508117
4.101490342617035
4.103218146165212
4.10322965780894
4.103656335671743
4.104272580146789
4.104869830608368
4.106087509791056
4.10769012371699
4.10792148510615
4.1082645654678345
4.108921583493551
4.109797294934591
4.109946664174398
4.110007055600485
4.111581758658091
4.112703025341034
4.113986961046854
4.114329795042674
4.115507121880849
4.117667921384176
4.118193233013153
4.118985068798065
4.1201581954956055
4.120335984230041
4.121035357316335
4.121158448855082
4.121188886960348
4.121807491779327
4.124418751398722
4.124858542283376
4.125217739741007
4.125499614079794
4.126309804121653
4.1267985264460245
4.129562950134277
4.131090394655863
4.131723900636037
4.132487718264262
4.13334184885025
4.133738986651102
4.134756422042846
4.135010143121083
4.135927438735962
4.136026227474213
4.137961030006409
4.138367859522502
4.138999811808268
4.139773937066396
4.140148119131724
4.141771026452383
4.142322500546773
4.143469647566477
4.143863805135092
4.144569889704386
4.145413581530253
4.146152154604594
4.147958103815714
4.148078163464864
4.1496974190076195
4.151586675643921
4.152218731244405
4.153363597393036
4.154926447073619
4.154960560798645
4.155270584424337
4.1553875287373865
4.155582682291667
4.157044915358226
4.1580156246821085
4.158623472849528
4.159562929471334
4.160849332809448
4.162735335032145
4.165151429176331
4.165180854002634
4.165776312351227
4.167090837160746
4.167967963218689
4.169116858641306
4.170037953058879
4.170064659913381
4.171409034729004
4.172699983914693
4.17323051293691
4.1733325839042665
4.174827567736307
4.175440414746602
4.1762665470441185
4.17664323647817
4.1776001930236815
4.178092539310455
4.179046555360158
4.179789817333221
4.180586763223013
4.180712254842122
4.181703452269236
4.183041127522786
4.183638691902161
4.18394519885381
4.1843334039052325
4.185478258132934
4.185593255360922
4.186730420589447
4.187994424502055
4.188295916716258
4.189206512769063
4.189910809199016
4.191631452242533
4.192529900868734
4.192883721987406
4.1946860154469805
4.195170279343923
4.197037696838379
4.197147039572398
4.199144661426544
4.199169365564982
4.199632132053376
4.200565969944
4.200908720493317
4.202656475702922
4.204268670082092
4.2053506731987
4.206059642632803
4.2080049276351925
4.208376351992289
4.209234416484833
4.209765644868215
4.211031059424083
4.212073342005412
4.212716142336528
4.213194171587626
4.214834356307984
4.215699076652527
4.216384164492289
4.216616896788279
4.216634945074717
4.217309296131134
4.220689455668132
4.221911176045736
4.222130568822225
4.222752845287323
4.222788830598195
4.224134679635366
4.225915284951528
4.226147782802582
4.226223425070445
4.227153579394023
4.228214144706726
4.228457772731781
4.22941886583964
4.231688634554545
4.2323774536450705
4.232571725050608
4.232643588383993
4.234771545728048
4.236075035730997
4.236111251513163
4.236457252502442
4.237051379680634
4.238384894529978
4.239171838760376
4.239378225803375
4.239399119218191
4.2405519445737205
4.24078532854716
4.2409343242645265
4.2415567398071286
4.241656096776326
4.2430951197942095
4.244619329770406
4.2449204166730246
4.24497210184733
4.245374647776286
4.245429213841756
4.249077534675598
4.249161156018575
4.250071406364441
4.250300153096517
4.250961601734161
4.251033314069113
4.251715012391409
4.251933240890503
4.2521552562713625
4.252709090709686
4.253633769353231
4.2557196060816445
4.256676983833313
4.256890845298767
4.257702914873759
4.258098769187927
4.258277428150177
4.25988746881485
4.259944585959117
4.260054735342662
4.261030324300131
4.262008213996888
4.263143539428711
4.263150095939636
4.263365201155344
4.264113700389862
4.264267484347026
4.265281633536021
4.2653787215550745
4.266261287530264
4.26681125164032
4.268599526087443
4.269071177641551
4.269214065869649
4.269245453675588
4.269522257645925
4.270054197311401
4.27181701262792
4.271944562594096
4.272634522120158
4.2728780309359236
4.273808713754018
4.276698644955953
4.278022277355194
4.279126656055451
4.279827467600504
4.28029500246048
4.280311731497447
4.2810189604759215
4.2815845847129825
4.283184158802032
4.284072307745616
4.284761508305867
4.285580933094025
4.286146398385366
4.286841348807017
4.287022340297699
4.287686268488566
4.287788128852844
4.2897658507029215
4.2909349719683325
4.29167283376058
4.292948818206787
4.293025994300843
4.29370067914327
4.294015836715698
4.29426414569219
4.295542240142822
4.296991809209188
4.297280979156494
4.2976211865743
4.300109096368154
4.300443569819133
4.300632321834565
4.300941880544027
4.303046758969625
4.303299248218536
4.303578551610311
4.3036852955818174
4.303789909680685
4.303905073801676
4.304600461324056
4.305911338329315
4.307159268856049
4.307267558574677
4.307651821772257
4.308264648914337
4.309299623966217
4.31064730087916
4.310987524191538
4.311227977275848
4.3113315343856815
4.311459521452586
4.313787659009297
4.314350875218709
4.314772578080495
4.3153470436731975
4.315898756186168
4.316115752855937
4.317142947514852
4.3173173268636065
4.317743162314097
4.318537545204163
4.3194827198982235
4.319830548763275
4.3209393660227455
4.321532873312632
4.321860686937968
4.322169129053751
4.323240721225739
4.324000151952108
4.32540115515391
4.326244084040324
4.327232249577841
4.329283134142558
4.32969560623169
4.329997205734253
4.330220890045166
4.33071014881134
4.330822483698527
4.331195414066315
4.331958178679148
4.333391547203064
4.333977949619293
4.3366135319074
4.336653375625611
4.336724575360616
4.337889130910238
4.338023114204407
4.338048907121022
4.338343811035156
4.339095671971639
4.341185140609741
4.341438837846121
4.3424297650655115
4.344010404745737
4.344168361028036
4.344392689069112
4.345794848601023
4.346219050884247
4.3470128059387205
4.350864541530609
4.3509945233662926
4.35183695157369
4.35193440914154
4.351941541830699
4.352384889125824
4.352507543563843
4.354917228221893
4.355638738473257
4.355954253673554
4.3564138849576315
4.357252593835195
4.35740464925766
4.360625326633453
4.3607453028361
4.362044898668925
4.362444587548574
4.362621859709422
4.362852287292481
4.363705682754516
4.364226992925008
4.3659259875615435
4.36617976029714
4.367735787232717
4.3677732388178505
4.368672374884287
4.3687970439593
4.371002213160197
4.371686760584513
4.3716902256011965
4.372850306828817
4.373276968797048
4.374045705795288
4.375415102640788
4.376273405551911
4.377787387371063
4.378024248282115
4.379442143440246
4.380012937386831
4.380165533224742
4.381740200519562
4.382636646429698
4.382719147205353
4.384550678730011
4.384902826944987
4.385851136843363
4.3870768547058105
4.388040375709534
4.388139522075653
4.388234885533651
4.390003689130148
4.390111509958903
4.391089216868083
4.391124169031779
4.392120893796285
4.392838875452678
4.393019696076711
4.393870119253794
4.394730599721273
4.395589192708333
4.3969994982083636
4.397390755017598
4.397513536612193
4.398293487230936
4.399022062619527
4.399229530493418
4.3996245463689165
4.400449613730113
4.40283297697703
4.403086467583974
4.4031483888626095
4.40409955183665
4.4050342003504435
4.405190233389536
4.405357344945272
4.4057875037193295
4.407094057401022
4.407838753859202
4.40805037021637
4.409093165397644
4.409188377857208
4.409638738632202
4.410334956645966
4.410427256425222
4.412331306934357
4.412695475419363
4.412790731588999
4.413089327017466
4.415252045790354
4.41597295999527
4.4173455794652305
4.417419119675954
4.417580250898997
4.42051876783371
4.421604824066162
4.421890783309936
4.422074870268504
4.422096085548401
4.422224271297455
4.4236314256985985
4.4240071455637615
4.424307982126872
4.425949990749359
4.4262012084325155
4.427311034997304
4.427564473946889
4.42831087509791
4.429607363541921
4.429705858230591
4.429977866013845
4.430951837698618
4.431399289766947
4.432064640522003
4.432160790761312
4.432781585057577
4.432787466049194
4.435904145240784
4.436127626895905
4.436442546049753
4.436616798241933
4.438540748755137
4.439828797181447
4.4404325723648075
4.440892803668976
4.441750375429789
4.442930583159129
4.443233187993368
4.443335600694021
4.444728680451711
4.446200760205587
4.446401858329773
4.446807944774628
4.446914354960124
4.449498943487803
4.449747240543365
4.449785304069519
4.4498197396596275
4.450555113951365
4.450894963741303
4.453342461585999
4.45361469189326
4.45434816678365
4.455399358272553
4.456007019678752
4.457515517870585
4.4575797398885095
4.4575858354568485
4.4579874197642
4.4592502355575565
4.459644480546316
4.459792673587799
4.4618529081344604
4.46186412970225
4.4620045065879825
4.462047485510508
4.462738601366679
4.4644961992899574
4.4655720313390095
4.466560053825378
4.466822385787964
4.4682449499766035
4.468424439430237
4.469403719902038
4.469962056477865
4.471262756983439
4.471905104319254
4.471973768870035
4.4724626819292705
4.473338655630747
4.47470869620641
4.474983235200246
4.476323525110881
4.476967378457387
4.477414266268412
4.479234715302785
4.480426398913066
4.480501914024353
4.480703516801198
4.480955016613007
4.481190760930379
4.482019031047821
4.484059421221415
4.484367855389913
4.484663510322571
4.484685631593068
4.485110108057658
4.485992606480917
4.486599759260813
4.488762398560842
4.489128096898397
4.489910292625427
4.4911176005999245
4.491177920500437
4.491420205434164
4.491500580310822
4.49290957848231
4.494795580705007
4.495484145482381
4.496128873030345
4.496159839630127
4.496497547626495
4.498584242661794
4.499143366018931
4.4995434840520225
4.4997083624204
4.500452303886414
4.500541897614797
4.503084429105123
4.503897285461425
4.503920964399973
4.504637440045674
4.506739358107249
4.506939423084259
4.507383664449056
4.507531364758809
4.508084281285604
4.508443017800649
4.509377853075663
4.509510163466135
4.511473937829336
4.511953155199687
4.513133716583252
4.5150072773297625
4.515384419759115
4.515887788931528
4.516369497776031
4.5168562213579815
4.517885863780975
4.518546283245087
4.519962966442108
4.520054256916046
4.521625212828318
4.521689148743947
4.52400815486908
4.5250183820724486
4.52502320210139
4.525834941864014
4.526400788625081
4.528101201852163
4.528584059079488
4.5292977571487425
4.5294758677482605
4.530831988652547
4.530948360761006
4.532557384173075
4.533017154534658
4.533555316925049
4.534224422772725
4.534602836767832
4.536742635567983
4.537677725156148
4.537681186199189
4.538338434696198
4.5387213110923765
4.539375901222229
4.540685733159383
4.542169932524363
4.542841366926829
4.543432092666626
4.543494149049123
4.54402707417806
4.544300067424774
4.54480877717336
4.545408324400584
4.546215164661407
4.546780367692311
4.546792805194855
4.5478671590487165
4.548833413918813
4.549877500534057
4.54994999965032
4.550469291210175
4.554435555140177
4.5545761028925575
4.554645550251007
4.555228106180826
4.556035983562469
4.556475758552551
4.556653082370758
4.557644140720368
4.557961201667785
4.559971030553182
4.5605334639549255
4.560931249459585
4.561171996593475
4.561470890045166
4.562308736642202
4.563328790664673
4.5635225375493365
4.564490679899851
4.56465947230657
4.5649779558181764
4.5658759872118635
4.566225246588389
4.5665245731671655
4.568496863047282
4.568753663698832
4.569443515936533
4.570088466008504
4.5720972975095115
4.57213884194692
4.572510131200155
4.5726913134256995
4.5729740262031555
4.573605791727702
4.574263127644857
4.576381536324819
4.576607429981232
4.577204215526581
4.578360803922018
4.578391726811727
4.581114463011423
4.581526176134745
4.581978170077006
4.582450211048126
4.582739543914795
4.582946316401164
4.58579831123352
4.586113619804382
4.586283051967621
4.587157583236694
4.58718649148941
4.587232641379038
4.587916668256124
4.5893874883651735
4.589452175299327
4.5908486644426985
4.591080415248871
4.593965792655945
4.5949520866076154
4.594994894663492
4.596950169404348
4.597084641456604
4.597621230284373
4.5985342542330425
4.599162105719248
4.599204055468241
4.599267073472341
4.6004303097724915
4.602073327700297
4.602277318636577
4.605093057950338
4.605245085557302
4.6055819392204285
4.605641790231069
4.60678258339564
4.607288873195648
4.6075407783190405
4.60912861029307
4.609848809242249
4.610024273395538
4.610934166113536
4.611797555287679
4.611907307306925
4.6121370395024615
4.612492124239604
4.613293381532033
4.615698770682017
4.615990487734477
4.616797272364298
4.617614642779032
4.618538482983907
4.620029524962107
4.6206010739008585
4.620886019865671
4.621105066935221
4.622044988473257
4.62253927787145
4.623387746016184
4.623857728640238
4.625437235832214
4.627481901645661
4.628536256154378
4.628871436913808
4.628886008262635
4.628906846046448
4.629631233215332
4.6313352227211
4.631703007221222
4.633809928099314
4.6339283108711244
4.6341851631800335
4.635018750031789
4.635208650430044
4.637584809462229
4.638227840264638
4.638565480709076
4.64107330640157
4.6411385297775265
4.641198301315308
4.64160365263621
4.643765457471212
4.6438143968582155
4.643983860810597
4.644771059354146
4.645282240708669
4.64562736749649
4.645692527294159
4.6465232809384664
4.647935048739115
4.648026371002198
4.649399729569753
4.649863394101461
4.650315960248311
4.6508583426475525
4.650949052969614
4.652505711714427
4.652618996302286
4.653116989135742
4.653594553470612
4.653688236077627
4.654422783851624
4.655002748966217
4.655519394079844
4.656696915626526
4.6568316459655765
4.657029088338216
4.6574902653694155
4.659193201859792
4.659292225042979
4.660357367992401
4.660674627621969
4.662242182095846
4.662331485748291
4.663755587736765
4.664022433757782
4.664593756198883
4.665040083726248
4.665056117375692
4.665868826707205
4.666172687212626
4.666544187068939
4.667066979408264
4.667360095183055
4.6675185283025105
4.670622213681539
4.671477842330932
4.6729632695515955
4.6734814564387
4.674788101514181
4.676193531354269
4.676419727007548
4.676495389143626
4.677118941148122
4.677944095929464
4.678209789594015
4.679574652512868
4.680505891640981
4.6805988311767575
4.6808493336041765
4.68102091550827
4.681291385491689
4.682225986321767
4.68409362634023
4.684539413452148
4.685519846280416
4.686609868208567
4.687273800373077
4.687333989143371
4.687535492579142
4.688395758469899
4.688421821594238
4.689397378762563
4.689664781093597
4.69033960501353
4.691464388370514
4.692695577939351
4.692809629440307
4.693567796548208
4.693902377287547
4.694448192914327
4.694862274328868
4.696959654490153
4.6969752271970115
4.697551361719767
4.69845138390859
4.699578567345937
4.69970364967982
4.700320506095887
4.7005881269772845
4.700656334559123
4.701892328262329
4.702567621072133
4.703793426354726
4.7038593769073485
4.7045084993044535
4.705346584320068
4.70623684724172
4.7074862559636435
4.7081107298533125
4.708514094352722
4.710197027524313
4.7110135674476625
4.7112306475639345
4.712148141860962
4.712240306536357
4.714289605617523
4.715156507492066
4.71581107378006
4.715828454494476
4.715951609611511
4.716729124387105
4.71769632101059
4.7184343059857685
4.718777179718018
4.719669806957245
4.7208744843800865
4.721194660663604
4.7216108282407125
4.722059837977091
4.722405207157135
4.722786986827851
4.7239848931630455
4.7240800579388935
4.724213834603628
4.7252283970514934
4.7260606527328495
4.730654454231262
4.731274596850077
4.731426048278808
4.731936081250509
4.732203654448191
4.7330272396405535
4.7335713903109236
4.734193956851959
4.7348153471946715
4.73502581914266
4.735467871030171
4.737595005830129
4.738258977731069
4.739017923672994
4.739125307401022
4.73994779586792
4.741366342703501
4.742116661866506
4.7421285311381025
4.7422928730646765
4.743058057626088
4.7433875560760494
4.745082314809164
4.7457602222760515
4.746554263432821
4.74690914551417
4.747053758303324
4.7473926226298016
4.747611359755198
4.748593254884084
4.749092106024424
4.749803102016449
4.750029035409292
4.751215612888336
4.751998869578044
4.752720606327057
4.752728152275085
4.753978502750397
4.754976030190786
4.755081518491109
4.75555807352066
4.757240343093872
4.757577415307363
4.7577347238858545
4.757985202471415
4.758563951651255
4.758851635456085
4.759632245699565
4.760751080513001
4.760879480838776
4.76160318851471
4.761798918247223
4.763046030203501
4.763881142934164
4.764388899008433
4.766366485754649
4.766485102971395
4.766544580459595
4.766630566120147
4.767227558294932
4.767747724056244
4.768125724792481
4.76849326690038
4.769847230116526
4.770192380746206
4.7703173915545145
4.772057978312175
4.772236665089925
4.773250869909922
4.773336728413899
4.77336669365565
4.773801791667938
4.775560116767883
4.7756578842798865
4.776225101947785
4.779527564843495
4.779609541098277
4.780163780848185
4.780323123931884
4.780445567766825
4.781115734577179
4.783254241943359
4.783507219950358
4.784034578005473
4.784083557128906
4.784476184844971
4.787377977371216
4.788327805201212
4.789708026250204
4.790266521771749
4.790796287854513
4.791906007130941
4.792023837566376
4.792102138201396
4.793826103210449
4.794435898462932
4.79518499771754
4.795417412122091
4.796271955966949
4.796561892827352
4.7966232617696125
4.797795526186625
4.798304136594137
4.79851862192154
4.798543298244477
4.799858375390371
4.800017678737641
4.80182644923528
4.802965458234151
4.803265281518301
4.803409485022227
4.803700530529023
4.805111765861511
4.80624353090922
4.806368144353231
4.806589031219483
4.807506366570791
4.808322278658549
4.809816884994507
4.809835505485535
4.810064927736918
4.812118184566498
4.812637794017792
4.812672297159831
4.813187432289124
4.8133501251538595
4.813649253050486
4.814978261788686
4.816948481400808
4.817812832196553
4.819010217984517
4.821369127432505
4.821397586663564
4.8217929124832155
4.822533905506134
4.822892451286316
4.823459299405416
4.823537413279215
4.824143119653066
4.824147236347199
4.82531563838323
4.826147218545278
4.826409582297007
4.826487628618876
4.829539024829865
4.829871372381846
4.830982820192973
4.832416224479675
4.833189976215363
4.833808716138204
4.834008002281189
4.836519189675649
4.836764136950175
4.837091076374054
4.837216834227244
4.837932046254476
4.83801163037618
4.838458184401194
4.8401868780454
4.840502580006917
4.841871229807536
4.842003949483236
4.842836058139801
4.842947244644165
4.843838787078857
4.845089852809906
4.845633808771769
4.846574068069458
4.8466024518013
4.848484341303507
4.84901198943456
4.8504123330116276
4.85067492723465
4.850878401597341
4.852328658103943
4.852865906556447
4.853650605678558
4.855481910705566
4.855509765942892
4.855852170785268
4.856402838230133
4.856874346733093
4.858051335811615
4.858717703819275
4.858799668153127
4.86017214457194
4.860191229979197
4.861041756470998
4.861215595404307
4.86190193494161
4.862699270248413
4.86293275753657
4.864579391479492
4.864904018243154
4.8656480828921
4.865795846780141
4.86643160978953
4.866539092858632
4.8674925565719604
4.868339482943217
4.868467128276825
4.869580761591593
4.869769517580668
4.871237067381541
4.872085209687551
4.872469834486643
4.872850187619528
4.873833413918813
4.875650974114736
4.87598340511322
4.8772207736969
4.877413030465444
4.879236555099487
4.8800636808077495
4.880335100491842
4.88058245976766
4.881200130780538
4.881736393769582
4.882316768169403
4.882533101240794
4.885419042905172
4.887480692068736
4.887917804718017
4.888005709648132
4.888154558340708
4.888912459214528
4.893048361937205
4.89346630970637
4.894108299414317
4.896338812510172
4.896501692136129
4.896892817815145
4.898274032274882
4.898857311407725
4.8991986274719235
4.900857877731323
4.900928509235382
4.901138758659362
4.902927700678507
4.90316013097763
4.905538527170817
4.905971046288808
4.90636960665385
4.906401399771372
4.906800631682078
4.908455355962118
4.909261830647787
4.90979144970576
4.910694527626037
4.910840467611949
4.912545708815257
4.913126611709595
4.913129468758901
4.913459002971649
4.913750537236532
4.914213069279989
4.914890758196512
4.915956751505534
4.916669309139252
4.9175141255060835
4.919699430465698
4.919746792316436
4.919780719280243
4.919804084300995
4.919840355714162
4.919961913426717
4.9210383216540015
4.921613172690074
4.9229865352312725
4.923513162136078
4.924432075023651
4.92587856054306
4.926211154460907
4.92648986975352
4.9265420794487
4.927206178506215
4.929508578777313
4.929654375712077
4.930113561948141
4.930151855945587
4.9306617697079975
4.931276468435923
4.931997068723043
4.9347755193710325
4.935194007555643
4.935516893863678
4.935754545529684
4.937744935353597
4.937803852558136
4.938198145230611
4.9396943092346195
4.9405025521914165
4.940567898750305
4.941086053848267
4.941352379322052
4.942139387130737
4.943608872095743
4.943988366921743
4.944453465938568
4.944549107551575
4.946631117661794
4.946812891960144
4.947506801287333
4.947722558180491
4.948632184664408
4.9492485125859575
4.949327210585277
4.949464722474416
4.949810826778412
4.950997618834178
4.951328412691752
4.951595906416575
4.953462680180867
4.953849736849467
4.953953691323599
4.954419151941935
4.956184192498525
4.95698311328888
4.957236282030741
4.957881247997284
4.959088842074077
4.959402577082316
4.960553948084513
4.960604250431061
4.960666255156199
4.960730445384979
4.961933704217275
4.963542131582896
4.963868343830109
4.9645922660827635
4.965213318665822
4.965731243292491
4.965799272060394
4.966846255461375
4.96773423353831
4.969425396124522
4.9698264042536415
4.970121864477793
4.9718623916308085
4.972089385986328
4.972728375593821
4.973468001683553
4.973585899670919
4.973728819688161
4.976477066675822
4.976944041252136
4.979271765549978
4.9794151027997335
4.979900244871775
4.980561856428782
4.982403242588044
4.982824424902598
4.983514463901519
4.98478790918986
4.985195231437683
4.985650475819906
4.987813051541647
4.987885316212972
4.988091007868449
4.988250748316447
4.988860213756562
4.988983309268951
4.989941263198853
4.9908397396405535
4.9909592270851135
4.991525371869405
4.992878572146098
4.993411330382029
4.993563175201416
4.99373007218043
4.994022317727407
4.995404827594757
4.9955045541127525
4.995951946576437
4.997339387734731
4.997614475091298
4.99785966873169
4.998894902070363
4.999106152852376
4.999968389670054
5.001259922981262
5.001603869597117
5.001770579814911
5.0024342894554135
5.003414324919382
5.004518187046051
5.006237785021464
5.006656177838644
5.007314725716909
5.007857648531596
5.008638536930084
5.009808433055878
5.010701664288839
5.01164714495341
5.012064695358276
5.012820355097452
5.013818411032359
5.014032944043477
5.014670125643412
5.01658665339152
5.016681472460429
5.017331091562907
5.0178670962651575
5.0182786663373316
5.019022933642069
5.020147597789764
5.021228619416555
5.022626149654388
5.022900879383087
5.022959434986115
5.023334205150604
5.023932019869487
5.024050915241242
5.024691108862559
5.024995565414429
5.025819226106008
5.025930289427439
5.026927785078684
5.027131521701813
5.027832516034445
5.028296645482381
5.0301796476046245
5.030286971728007
5.030569541454315
5.031695715586344
5.031931976477305
5.0323269685109455
5.032628838221232
5.033487292130788
5.034271244208018
5.034298912684123
5.034551068147024
5.034703612327576
5.036952352523803
5.037475570042928
5.037744200229644
5.038215442498525
5.0382997790972395
5.0383654713630674
5.040823396046957
5.040844221909841
5.0420919299125675
5.042117667198181
5.04304035504659
5.04330153465271
5.043332294623057
5.043684033552806
5.044502592086792
5.0455618619918825
5.046376029650371
5.0464257756869
5.047093546390533
5.047747902075449
5.048821226755778
5.049373642603556
5.049419530232748
5.049766151110331
5.05055038134257
5.051633894443512
5.052295060952504
5.052751568953196
5.052849268913269
5.053900134563446
5.055193646748861
5.056858690579732
5.057143322626749
5.057278581460317
5.057360816001892
5.057435520490011
5.058250578244527
5.05980060895284
5.060059769948324
5.060165564219157
5.060304876168569
5.060406251748403
5.0614110390345255
5.062010180950165
5.0636136929194135
5.064175311724345
5.064192394415538
5.064763776461283
5.0661150654157
5.067218812306722
5.067332490285238
5.068701994419098
5.0690068682034815
5.070235347747802
5.071235740184784
5.071745669841766
5.0718384424845375
5.072713788350423
5.072996540864309
5.074635446071625
5.076186350981394
5.076206537087758
5.076372838020324
5.076455748081207
5.076834479967753
5.078335658709208
5.079963950316111
5.080068361759186
5.080512050787608
5.080533719062805
5.080720376968384
5.0809681495030725
5.084521158536275
5.084872567653656
5.084875619411468
5.085264162222544
5.086032307147979
5.086127817630768
5.087486000855764
5.088398055235545
5.08849790096283
5.088666347662608
5.090154584248861
5.090243375301361
5.090718066692352
5.090826710065206
5.092649038632711
5.09274027744929
5.09311341047287
5.093587438265483
5.095602389176687
5.095835836728414
5.096183065573374
5.096586831410726
5.097402441501617
5.09883953332901
5.099224495887756
5.099262233575185
5.101211059093475
5.101446747779846
5.102381344636282
5.103099497159322
5.104033056894938
5.104147843519846
5.104535941282908
5.104745006561279
5.106360745429993
5.107076215744018
5.1079518755277
5.10839368502299
5.108482607205709
5.108766643206279
5.108904258410136
5.109414307276408
5.1110921184221905
5.111189536253611
5.111436458428701
5.112118872006734
5.112182958920797
5.112767271200815
5.113260817527771
5.113521472613017
5.11500707467397
5.115344075361888
5.11744708220164
5.117768307526906
5.117860301335653
5.11874661842982
5.119549341996511
5.1196835001309715
5.120616642634074
5.120818161964417
5.12109177907308
5.121418325106303
5.1221082011858625
5.1230204423268635
5.123686277866364
5.123773638407389
5.124456139405568
5.124544787406921
5.126312895615896
5.126780545711517
5.126781606674195
5.127753003438314
5.128772493203481
5.129982976118724
5.130069247881571
5.132639241218567
5.133071537812551
5.134033087889353
5.134126420815786
5.13523379166921
5.135782035191854
5.136038621266683
5.138401726881663
5.139078629016876
5.141082978248596
5.141384625434876
5.142706521352133
5.143954034646352
5.143987508614858
5.145310084025065
5.145931911468506
5.147579570611318
5.148468820254008
5.148932941754659
5.149201655387879
5.14949193795522
5.149682442347209
5.1514795859654745
5.152717769145966
5.152763982613881
5.153483072916667
5.154201459884644
5.154770016670227
5.156128990650177
5.156356787681579
5.15677315791448
5.1588759859402975
5.159445496400197
5.159562691052755
5.159641925493876
5.162899752457936
5.1633053660392765
5.163971058527628
5.164122740427653
5.164235317707062
5.164472202459971
5.165914758046468
5.1670192639033
5.168122212092082
5.168966229756673
5.169035291671753
5.16920538743337
5.1701754609743755
5.171423240502675
5.172078883647918
5.1748597343762714
5.175448489189148
5.175587542851766
5.17559498945872
5.17608741124471
5.176340405146281
5.1775664448738095
5.178030510743459
5.178849486509959
5.180738937854767
5.181136671702067
5.182357978820801
5.182401140530904
5.182561047871908
5.183939528465271
5.184107426802317
5.185045305887858
5.187331628799439
5.187525733311971
5.18845145702362
5.189970664183298
5.190073378880819
5.190408297379812
5.190538434187571
5.191118371486664
5.192644155025482
5.192904925346374
5.194222144285837
5.195124471187592
5.195885944366455
5.196021195252737
5.196210634708405
5.19687325557073
5.198163251082103
5.198304975032807
5.199909647305806
5.200541663169861
5.201071945826213
5.201424288749695
5.2027636607488
5.204887489477794
5.205489611625671
5.206032764911652
5.207418596744537
5.208288164933522
5.208850848674774
5.209122367699941
5.2099424481391905
5.210597066084544
5.210756548245748
5.211421461900075
5.212302080790201
5.212345107396444
5.213302930196126
5.2136649012565615
5.214226400852203
5.21526448726654
5.216072531541188
5.216893927256266
5.218196523189545
5.219598158200582
5.221675972143809
5.22184864282608
5.222221267223358
5.223527479171753
5.223954423268636
5.225494289398194
5.227078767617543
5.2275540391604105
5.22771145105362
5.228556728363037
5.229907898108165
5.230271963278453
5.230391852060953
5.232231879234314
5.232945601145427
5.233734905719757
5.234224899609884
5.235798084735871
5.236100955804189
5.2366573214530945
5.236864300568898
5.238701820373535
5.239875149726868
5.24005157550176
5.241438301404317
5.241507867972056
5.241769083340963
5.242617650826772
5.244498638312022
5.244552214940389
5.244803504149119
5.246302310625712
5.247370533148447
5.247583723068237
5.248103340466817
5.2488457282384235
5.24930366675059
5.251096614201864
5.251746320724488
5.252211598555247
5.252472166220347
5.253258085250854
5.254882423082988
5.254963747660319
5.256222466627757
5.256956175963084
5.25742183526357
5.258954453468323
5.260544109344482
5.260904157161713
5.261216815312704
5.26157888174057
5.262071975072225
5.262383115291596
5.264360173543294
5.26484454870224
5.266125134627024
5.266502209504446
5.268356561660767
5.268530670801798
5.268624377250672
5.269763171672821
5.2711812655131025
5.272107728322347
5.273467783133189
5.274687496821086
5.274778624375661
5.275501398245494
5.276624953746795
5.27775502204895
5.2777582486470545
5.278176542123159
5.278929114341736
5.280428536732992
5.280610036849976
5.280662870407104
5.280983893076579
5.282949725786845
5.2832064469655355
5.283262034257253
5.283681229750315
5.285268998146057
5.285371534029642
5.2869088530540465
5.287232951323191
5.288453332583109
5.288923851648966
5.290357148647308
5.290566154321035
5.291332391897837
5.29326024055481
5.293350104490916
5.293850370248159
5.293861790498098
5.29449561436971
5.295492247740428
5.296726818879446
5.297284921010335
5.297345503171285
5.297648322582245
5.298732046286265
5.298748052120208
5.299903349081675
5.302153734366099
5.302922181288401
5.303927274545034
5.304053513209025
5.304889003435771
5.3052384614944454
5.305918399492899
5.309146130084992
5.310028692086537
5.310288532574972
5.310483388106028
5.311109824975332
5.311844793955485
5.312128070990244
5.312631368637085
5.314019008477529
5.314056018988292
5.3141069690386455
5.315308129787445
5.316624975204467
5.3183837056159975
5.318778999646505
5.318885425726573
5.320005853970845
5.320388746261597
5.320690580209097
5.322529733181
5.322645024458567
5.32373811006546
5.324556330839793
5.325955820083618
5.325966918468476
5.327045222123464
5.328696513175965
5.329601860046386
5.329610761006673
5.33146964708964
5.331899881362915
5.333398393789927
5.334480671087901
5.334592934449514
5.33468671242396
5.336535469690959
5.337634408473969
5.337783579031626
5.339932441711426
5.340134469668071
5.341832526524862
5.3431540330251055
5.343831809361776
5.344577900568644
5.345838769276937
5.347078760464986
5.3485838611920675
5.349925394852956
5.3513699769973755
5.35256339708964
5.3528704444567365
5.352982560793559
5.353943967819214
5.354630525906881
5.355042107899984
5.358141728242239
5.359052495161692
5.359626960754395
5.3597301840782166
5.360483344395956
5.360983335971833
5.362016014258066
5.362733137607575
5.362874138355255
5.36418819030126
5.36544489065806
5.367140400409698
5.368895554542542
5.368914790948232
5.369363343715667
5.369565490881602
5.371263225873311
5.372662619749705
5.373403278986613
5.375370653470357
5.375693563620249
5.37588711977005
5.376383793354035
5.378317840894064
5.380195093154907
5.384201220671335
5.384275408585866
5.38432743549347
5.386066742738088
5.387817080815633
5.388533282279968
5.389847671985626
5.390143593152364
5.392738207181295
5.3940644065539045
5.3941826820373535
5.394447628657023
5.3946585337320965
5.39824781815211
5.398799812793731
5.399232761065165
5.399980823198955
5.400066947937011
5.401681323846181
5.40241178671519
5.402969396114349
5.403666607538859
5.40446340640386
5.404866961638133
5.40800895690918
5.40827674070994
5.4085428754488625
5.40980634689331
5.409878333409627
5.410006777445475
5.411423246065776
5.413614157835642
5.414181701342264
5.415698750813802
5.4197960019111635
5.42001949151357
5.4202291886011755
5.421749273935954
5.4229823311169945
5.423767920335134
5.424677554766337
5.4251113653182985
5.426888871192932
5.427112332979838
5.427583213647207
5.429694743951162
5.433170159657796
5.4343176285425825
5.434666621685028
5.435310121377309
5.435767126083374
5.436529660224915
5.437959961096445
5.439100964864095
5.439761662483216
5.439770138263702
5.43988447189331
5.4421077807744345
5.444351983070374
5.444354450702667
5.444612793127695
5.444991199175517
5.445235764980316
5.446852242946624
5.446905930836995
5.447169232368469
5.4483841021855675
5.449986223379771
5.451502041021983
5.451925543944041
5.452608243624369
5.45389838218689
5.455890246232351
5.456283680597941
5.456958583990732
5.458267947038014
5.459145820140838
5.459319603443146
5.4601269364356995
5.460973890622457
5.461259551843008
5.462723394234975
5.463476494948069
5.464260375499725
5.4661075631777445
5.467245487372081
5.468569012482961
5.468989368279775
5.470477271080017
5.4705188830693565
5.472204566001892
5.472317083676656
5.47327512105306
5.473310971260071
5.474950901667277
5.476857968171438
5.476880451043447
5.47699625492096
5.478400158882141
5.479627684752146
5.4814751466115315
5.482680249214172
5.483273657162984
5.484214739004771
5.485491637388865
5.4863122741381325
5.490926158428192
5.491690711180369
5.493719780445099
5.496217044194539
5.496599117914836
5.498233489195505
5.502190442879995
5.502196856339773
5.502292430400848
5.502643970648448
5.503043099244436
5.505500853061676
5.506848045190176
5.507627193133036
5.50815890232722
5.509295976161956
5.512491238117218
5.51253045797348
5.512827503681183
5.51590716044108
5.51607149442037
5.5162031888961796
5.516700112819672
5.517829704284668
5.519606324036916
5.520033137003581
5.52144007285436
5.522973084449768
5.523299630482992
5.525140170256297
5.528011810779572
5.529879037539164
5.532049810886383
5.532983291149139
5.533964248498281
5.534504230817159
5.53498938481013
5.535765965779622
5.539523573716481
5.540041414896647
5.541822632153829
5.54356929063797
5.545247765382131
5.5466979543368025
5.547906200091044
5.548813764254252
5.549574263890585
5.550731217861175
5.5507568637530005
5.5509484767913815
5.552192338307699
5.553191248575846
5.555703417460124
5.55694260597229
5.558094159762065
5.558895115057627
5.559054378668467
5.56262240409851
5.563157490889231
5.563236101468404
5.565360283851623
5.568699300289154
5.569509828090668
5.571111857891083
5.571335963408152
5.5726264675458275
5.574610869089763
5.574661640326182
5.575246938069662
5.576379175980886
5.579413549105326
5.579655762513479
5.581142286459605
5.582798989613851
5.582824118932089
5.584147123495738
5.584212481975555
5.58580394188563
5.5877184470494585
5.5887735684712725
5.5933681925137835
5.594085931777954
5.594284884134928
5.595854397614797
5.599296005566915
5.599677427609762
5.600013383229574
5.601092350482941
5.6030638496081036
5.605164813995361
5.605644885698954
5.60671767393748
5.607143886884054
5.611278263727824
5.611461154619852
5.612468345959981
5.6144801616668705
5.61479792992274
5.616355176766714
5.61752526362737
5.618063020706177
5.618208773930868
5.618884102503459
5.62086378733317
5.622746352354685
5.622938358783722
5.623085165023804
5.6243817687034605
5.626373449961345
5.626627397537232
5.627625509103139
5.6297435641288756
5.631145624319712
5.631544518470764
5.633176501592001
5.634210395812988
5.636639738082886
5.637584952513377
5.639081446329753
5.639395348230997
5.640734517574311
5.641280229886373
5.641876232624054
5.644360812505086
5.644726832707723
5.645763901869456
5.64849328994751
5.648593334356944
5.648625473181407
5.6500715454419455
5.652588832378387
5.652755097548167
5.654433345794677
5.65589067141215
5.657108000914255
5.657469534873963
5.659502724806468
5.659636600812276
5.660017037391663
5.660602935155233
5.6623942971229555
5.66257156531016
5.662899116675059
5.66393346786499
5.665965088208517
5.667366003990173
5.668463011582692
5.668691464265188
5.671016049385071
5.671299831072489
5.6726171930631
5.6726787765820825
5.675946136315663
5.675989246368408
5.676208142439524
5.676656003793081
5.6800281246503195
5.680873020490011
5.681757767995198
5.682359210650126
5.682961626847585
5.685628541310629
5.686227345466614
5.686956826845805
5.687377734978994
5.688591194152832
5.689608593781789
5.689888894557953
5.690381427605947
5.691636403401692
5.693669390678406
5.694846594333649
5.695846283435822
5.696341820557913
5.6982944250106815
5.6991641839345295
5.700050508975982
5.701668512821198
5.701862398783366
5.704373411337534
5.706409728527069
5.7066392540931705
5.706739517052968
5.7068094929059345
5.709742279847463
5.710139163335165
5.713123198350271
5.713858958085378
5.714175800482432
5.714436423778534
5.718140856424967
5.72008953889211
5.720118280251821
5.72052165667216
5.721500984827677
5.722867508729299
5.723268727461497
5.7245268026987715
5.7253371755282085
5.725421412785848
5.726030226548513
5.726694289843241
5.727714208761851
5.729103549321493
5.73046704530716
5.731034767627716
5.731650233268738
5.735207402706147
5.7354037443796795
5.736136535803477
5.736915230751038
5.738530739148458
5.740797503789266
5.741126958529154
5.742587474981944
5.744196987152099
5.746862228711446
5.7484599908192955
5.748685999711355
5.748850421110789
5.7507756431897485
5.7509683728218075
5.753698929150899
5.755347812175751
5.755701359113058
5.758435531457265
5.759906061490377
5.762374194463094
5.7627643823623655
5.764569179217021
5.764756075541178
5.765884780883789
5.766769250233968
5.767959094047546
5.772173058986664
5.772374518712362
5.773766462008158
5.774872867266337
5.776004644234975
5.776395483811696
5.777430196603139
5.779096488157908
5.779505872726441
5.783505495389303
5.784575541814168
5.78733857870102
5.788136812051137
5.789599426587423
5.790000522136689
5.790956123669942
5.791025002797444
5.791611727078756
5.792670373121897
5.796708337465922
5.7968211968739825
5.797126269340515
5.797483507792155
5.800969477494558
5.8018246531486515
5.80240965684255
5.80426687002182
5.804812133312225
5.804980297883351
5.808018545309703
5.809071759382884
5.810049140453339
5.811178930600485
5.812777268886566
5.813271872202555
5.813977674643199
5.815011727809906
5.816052071253458
5.816984669367472
5.817814846833547
5.822215906778971
5.82293731768926
5.823322987556457
5.824208315213522
5.825555384159088
5.828929018974304
5.829346946875254
5.831212091445923
5.831840777397156
5.832091808319092
5.832940725485484
5.834925508499145
5.83662500778834
5.837485265731812
5.839477960268656
5.839555629094442
5.839765699704488
5.843928054968516
5.844019174575806
5.844953366120657
5.84678868452708
5.847634875774384
5.848483316103617
5.848858122030894
5.8507918357849125
5.850903407732646
5.851459717750549
5.853025329113007
5.85351824760437
5.853745802243551
5.8572640736897785
5.858090237776438
5.85836009979248
5.858933154741923
5.860705721378326
5.86110968987147
5.862099627653758
5.863783343633016
5.864355969429016
5.864576538403829
5.866227587064107
5.8670129378636675
5.869587727387747
5.869972558816274
5.874098920822144
5.8771035750706995
5.8786232034365336
5.88142176469167
5.882201608022054
5.882337864240011
5.885582872231802
5.885826317469279
5.886164140701294
5.890417909622192
5.8904842138290405
5.893398785591126
5.893550709883372
5.8947092572848
5.898681823412577
5.899492454528809
5.900061444441477
5.901510417461395
5.904230221112569
5.906528584162394
5.906904248396556
5.912098336219787
5.9133420586586
5.913583377997081
5.917695458730062
5.917896552880605
5.919460360209147
5.921486143271128
5.921493506431579
5.922768596808115
5.924855621655782
5.925572836399079
5.926561721165975
5.929263524214426
5.929319938023885
5.929980731010437
5.933015716075897
5.933322811126709
5.934116454919179
5.935001015663147
5.935245207945505
5.936856424808502
5.940444401899973
5.940935758749644
5.942521742979685
5.943047340710958
5.946324074268341
5.949095837275187
5.9498011589050295
5.951978011926015
5.952831447124481
5.956113906701406
5.9564436634381615
5.9569181879361475
5.958986632029215
5.95928304195404
5.962473789850871
5.963312145074209
5.9642589290936785
5.967663264274597
5.968203687667847
5.971085369586945
5.971762069066366
5.972676424185435
5.9785492539405825
5.97865924835205
5.979904572168986
5.981385612487793
5.982477974891663
5.98304762840271
5.983572383721669
5.988831853866577
5.990216318766276
5.991088736057281
5.9925788323084515
5.9931809147198996
5.993392491340638
5.9999604741732275
6.002128005027771
6.002684756120046
6.002964842319488
6.0060880025227865
6.007286322116852
6.010439403851827
6.010564438501993
6.010849908987681
6.0145315806070965
6.015583940347036
6.016271078586579
6.018264059225718
6.018647372722626
6.02036007642746
6.023506291707357
6.024124729633331
6.026181169350942
6.028328979015351
6.0284499168396
6.033567774295807
6.034153167406718
6.034882330894471
6.037015612920126
6.038484565416971
6.040710560480753
6.042346604665121
6.04291429122289
6.044706479708354
6.045006199677785
6.046537709236145
6.050590014457702
6.052179304758708
6.053201719125112
6.053929487864177
6.055066959063212
6.0560690800348915
6.057565208276113
6.058771030108134
6.06060467561086
6.062256912390391
6.063170901934305
6.063816845417023
6.06721998055776
6.068296941121419
6.070432690779368
6.072741071383159
6.073995415369669
6.076041046778361
6.077207557360331
6.07733793258667
6.077459605534871
6.0806739370028176
6.0808950940767925
6.082968227068583
6.086050959428151
6.086427048842112
6.08995246887207
6.091671590010325
6.092991634209951
6.09332724014918
6.09658571879069
6.09747134844462
6.098469201723734
6.10061887105306
6.101228864987691
6.102127142747244
6.103193847338359
6.105984401702881
6.106022051970164
6.107964710394541
6.109422071774801
6.109693948427836
6.113082242012024
6.115078063805898
6.116338237126668
6.11902604897817
6.120593829949697
6.121001835664114
6.124218038717905
6.124835681915283
6.12674454053243
6.127860844135284
6.129808712005615
6.131822363535563
6.135808316866557
6.136317563056946
6.13987842798233
6.143252968788147
6.147397379080455
6.147473017374675
6.1501700520515445
6.15153827269872
6.151928571859996
6.153644196192423
6.15575624704361
6.158507247765859
6.160870552062988
6.163129333655039
6.16494372288386
6.165665471553803
6.170211191972097
6.171300931771596
6.1765439987182615
6.176556622982025
6.179999168713888
6.182203988234202
6.182990833123525
6.187200935681661
6.188380404313405
6.189621794223785
6.19232915242513
6.193357940514883
6.194706014792124
6.198277660210928
6.201001286506653
6.201767027378082
6.203707698980967
6.2074105620384215
6.212421655654907
6.213532638549805
6.217898841698965
6.219089818000794
6.221391399701436
6.225077446301778
6.227326810359955
6.2276289701461796
6.2279887914657595
6.230546279748281
6.234831587473551
6.2365789890289305
6.241151936848959
6.242406113942464
6.244388278325399
6.247782703240713
6.249175782998403
6.252632574240367
6.255104251702627
6.255503606796265
6.258781230449676
6.260427534580231
6.261377143859863
6.263424607117971
6.263543200492859
6.267130140463511
6.269382385412852
6.270490686098735
6.273707477251689
6.27395422856013
6.280191695690155
6.282525694370269
6.2839871923128765
6.287515076001485
6.289078374703725
6.290224202473959
6.291091533501943
6.292482642332713
6.292704848448436
6.297662548224131
6.297708582878113
6.297982899347941
6.30511607726415
6.306407904624939
6.310939665635427
6.314027746518453
6.315578468640646
6.31917964220047
6.321552618344625
6.323908038934072
6.325591623783112
6.327531143029531
6.331238969167074
6.333197935422262
6.336375256379445
6.340549715360006
6.341012191772461
6.343639278411866
6.345511452356974
6.345875108242035
6.347595071792602
6.351435947418213
6.352323393026988
6.355038893222809
6.356261209646861
6.3570977290471395
6.359719336032867
6.36066532532374
6.3634687225023905
6.365023704369863
6.367700127760569
6.369257418314616
6.370078166325887
6.375127760569255
6.375816110769907
6.3786248962084455
6.380695430437724
6.380763518810272
6.381218687693278
6.385944060484568
6.392104224363963
6.393668007850647
6.396752031644185
6.400097783406576
6.400589454174042
6.402453696727752
6.4048612515131635
6.405523371696472
6.406772971153259
6.411647939682007
6.411945108572642
6.419385627905528
6.422323163350423
6.4224233786265055
6.42321476538976
6.42556490500768
6.426653711001078
6.429233634471894
6.430373688538869
6.43292039235433
6.435212024052938
6.437618668874105
6.439346865812937
6.439749777317047
6.444318397839864
6.449948183695475
6.450950678189596
6.4552958329518635
6.456000729401906
6.4591790000597635
6.461472626527151
6.4617564598719275
6.464259815216065
6.46539626121521
6.468724632263184
6.47267792224884
6.473981527487437
6.476480583349864
6.479757869243622
6.482964499791463
6.483296171824137
6.486882889270783
6.491972851753235
6.501262597242991
6.511223705609639
6.514319622516632
6.517643733819326
6.519198735555013
6.526143336296082
6.529532623291016
6.531495201587677
6.534633155663808
6.5412262082099915
6.541237942377726
6.544628441333771
6.5487837870915735
6.552112416426341
6.555459455649058
6.556833112239838
6.561009820302328
6.565707965691884
6.5661761403083805
6.570938007036845
6.573996909459432
6.578162662188212
6.582067986329396
6.587628444035848
6.591545339425405
6.592339452107748
6.598528754711151
6.606845875581105
6.607285356521606
6.611276690165202
6.6182721296946205
6.628771456082662
6.629805858929952
6.632979722817739
6.63477520942688
6.637365595499674
6.6406818946202595
6.6455198963483175
6.649039089679718
6.649336798985799
6.653974044322967
6.655506519476573
6.658997503916423
6.66255597670873
6.664377295970917
6.665536570549011
6.670863596598307
6.677532164255778
6.680132118860881
6.682747586568197
6.687184453010559
6.69360378185908
6.693806453545888
6.697489881515503
6.704770163695017
6.707657814025879
6.7118938366572065
6.71424663066864
6.716419057051341
6.7215572436650595
6.724659820397695
6.729487939675649
6.733040889104207
6.740033642450968
6.742370879650116
6.74932359457016
6.752971716721853
6.757509183883667
6.758704300721487
6.7646584471066795
6.765377446015676
6.7719398458798725
6.780458255608877
6.7841355760892235
6.7863903641700745
6.7876414140065515
6.791599404811859
6.794679820537567
6.797960996627808
6.800624612967173
6.807056800524394
6.807630356152853
6.812135767936707
6.815575472513834
6.822382414340973
6.826044420401256
6.831415283679962
6.836812325318655
6.837433365980784
6.844001944859823
6.849644080797831
6.854309153556824
6.855513151486715
6.855902532736461
6.861032092571259
6.8716651956240336
6.874688732624054
6.876964116096497
6.880942134062449
6.88637025753657
6.891302323341369
6.892061762015024
6.89819651444753
6.90412316719691
6.907448780536652
6.9109827876091
6.914742346604665
6.915501141548157
6.920385460058848
6.923418609301249
6.9297356049219765
6.933493876457215
6.93753422498703
6.941346172491709
6.948262766997019
6.955516294638316
6.958323033650716
6.961669794718424
6.964500327905019
6.964594634373983
6.969032951196035
6.970328462123871
6.971032234032949
6.975691044330597
6.98056081533432
6.984867771466573
6.985824751853943
6.990902940432231
6.995469546318054
6.99871332248052
7.00871434211731
7.013555113474528
7.014283100763957
7.025424202283223
7.026267576217651
7.028375665346782
7.031508135795593
7.035470100243886
7.041503771146139
7.046712104479472
7.048192930221558
7.049978494644165
7.054599996407827
7.056841770807902
7.066961272557577
7.072092886765798
7.09631396929423
7.105779751141866
7.115717275937398
7.13940855662028
7.150967546304067
7.166859678427378
7.196074450016022
7.21923189163208
7.2297947327295935
7.236809945106506
7.258066089948018
7.274525972207387
7.299083451430003
7.314704362551371
7.332148098945618
7.3540446043014525
7.375027807553609
7.383254814147949
7.40591432650884
7.431968530019124
7.443911894162496
7.467204860846201
7.494917476177216
7.507298429807027
7.539777366320292
7.550738016764323
7.56494669119517
7.573602251211802
7.597963798046112
7.607910430431366
7.637282029787699
7.652427629629771
7.6603686253229775
7.66859841744105
7.682049989700317
7.694895891348521
7.70450644493103
7.7347526748975115
7.761159722010294
7.7720240473747255
7.792001144091288
7.811451661586761
7.829266758759816
7.840118849277497
7.85906153122584
7.8674519777297975
7.884183144569397
7.896935983498891
7.920695571104686
7.929408876101176
7.939077198505402
7.948759837945302
7.963472068309784
7.9838490843772885
7.995319247245789
8.011138848463695
8.04717363913854
8.060629622141521
8.071626969178517
8.090119481086731
8.111289187272389
8.126706965764363
8.142339622974395
8.166439469655355
8.179936941464742
8.197060743967691
8.220856686433157
8.228968274593353
8.246510418256124
8.254700990517934
8.26465558608373
8.284359645843505
8.295218741893768
8.313028395175934
8.324539963404337
8.347006913026174
8.359980762004852
8.372348229090372
8.391845957438152
8.406357677777608
8.416700617472332
8.4290145277977
8.436604297161102
8.4502739071846
8.466159256299337
8.48736278216044
8.504442429542541
8.512398898601532
8.529617389043173
8.552592861652375
8.569042110443116
8.59123274087906
8.597606313228606
8.607045702139537
8.616993987560273
8.631137152512869
8.637694096565246
8.647553904851277
8.653528495629628
8.679094489415487
8.698618086179097
8.70946622689565
8.722541817029317
8.73153233130773
8.74857896566391
8.763889729976654
8.770470170180003
8.792878015836079
8.8044558207194
8.836431801319122
8.861573600769043
8.870762407779694
8.902380220095317
8.916258108615875
8.925950169563293
8.941957108179729
8.95151089032491
8.982988226413728
8.997191381454467
9.009469163417815
9.05422128836314
9.06766120592753
9.080202611287435
9.092037852605184
9.105491157372793
9.115121682484945
9.12304445107778
9.131452850500743
9.149294527371724
9.157509044806163
9.17610993385315
9.187540813287098
9.19979262749354
9.2187380194664
9.23371391693751
9.245631122589112
9.26492487192154
9.28398943344752
9.29906009833018
9.330507771174114
9.347187876701355
9.36008580128352
9.377063806851705
9.394677174091338
9.409824355443318
9.414709305763244
9.422794127464295
9.443400597572326
9.451330184936523
9.460181792577108
9.46961448987325
9.4832634806633
9.490122012297313
9.50043583313624
9.512206093470256
9.523461858431498
9.548462013403574
9.55655680100123
9.578291149934133
9.597715413570404
9.607805132865906
9.626213240623475
9.645045546690623
9.652720896402995
9.68226021528244
9.700152591864269
9.705431548754374
9.712371138731639
9.722340381145477
9.737118303775787
9.745691680908203
9.756861066818237
9.76598145167033
9.802965879440308
9.819444557030996
9.827359735965729
9.847560930252076
9.86824807325999
9.890445431073507
9.90230979124705
9.910166605313618
9.94160357316335
9.954150211811065
9.959278925259907
9.977834518750509
9.995853730042775
10.007141641775767
10.035579021771749
10.065567310651144
10.075070726871491
10.084296810626984
10.095087583859762
