
scary
scary
scary
scary
scary
scary
scary
scary
scary
crazy,scary
crazy,scary
crazy,scary
crazy,scary
crazy,scary
crazy,scary
crazy,scary
crazy,scary
crazy,scary
crazy,scary
crazy,scary
crazy,scary
crazy,illegal,scary
crazy,illegal,scary
crazy,illegal,scary
crazy,illegal,scary
crazy,illegal,scary
crazy,illegal,scary
crazy,illegal,scary
stupid,crazy,illegal,scary
stupid,crazy,illegal,scary
stupid,crazy,illegal,scary
stupid,crazy,illegal,scary
stupid,crazy,illegal,scary
stupid,crazy,illegal,scary
stupid,crazy,illegal,scary
stupid,crazy,illegal,scary
stupid,crazy,illegal,scary
stupid,crazy,illegal,scary
stupid,crazy,illegal,scary
stupid,crazy,illegal,scary
stupid,crazy,illegal,scary
stupid,crazy,illegal,scary
stupid,crazy,illegal,scary
stupid,crazy,illegal,scary
stupid,crazy,illegal,scary
stupid,crazy,illegal,scary
stupid,crazy,illegal,scary
stupid,crazy,illegal,scary
stupid,crazy,illegal,scary
stupid,crazy,illegal,scary
stupid,crazy,illegal,scary
stupid,crazy,illegal,scary
stupid,crazy,illegal,scary
stupid,crazy,illegal,scary
stupid,crazy,illegal,scary
stupid,crazy,illegal,scary
stupid,crazy,illegal,scary
stupid,crazy,illegal,scary
stupid,crazy,illegal,scary
stupid,crazy,illegal,scary
stupid,crazy,illegal,scary
stupid,crazy,illegal,scary
stupid,crazy,illegal,scary
stupid,crazy,illegal,scary
stupid,crazy,scary,bad,illegal
stupid,crazy,scary,bad,illegal
stupid,crazy,scary,bad,illegal
stupid,crazy,scary,bad,illegal
stupid,crazy,scary,bad,illegal
stupid,crazy,scary,bad,illegal
stupid,crazy,scary,bad,illegal
stupid,crazy,scary,bad,illegal
stupid,crazy,scary,bad,illegal
stupid,crazy,scary,bad,illegal
stupid,crazy,scary,bad,illegal
stupid,crazy,scary,bad,illegal
stupid,crazy,scary,bad,illegal
stupid,crazy,scary,bad,illegal
stupid,crazy,scary,what,bad,illegal
stupid,crazy,scary,what,sick,bad,illegal
stupid,crazy,scary,what,sick,bad,illegal
stupid,crazy,scary,what,sick,bad,illegal
stupid,crazy,scary,what,sick,bad,illegal
stupid,crazy,scary,what,sick,bad,illegal
stupid,crazy,scary,what,sick,bad,illegal
stupid,crazy,scary,what,sick,bad,illegal
stupid,crazy,scary,what,sick,bad,illegal
stupid,crazy,scary,what,sick,bad,illegal
stupid,crazy,scary,what,sick,bad,illegal
stupid,crazy,scary,what,sick,bad,illegal
stupid,crazy,scary,what,sick,bad,illegal
stupid,crazy,scary,what,sick,bad,illegal
stupid,crazy,scary,what,sick,bad,illegal
stupid,crazy,scary,what,sick,bad,illegal
stupid,crazy,scary,what,sick,bad,illegal
stupid,crazy,scary,what,sick,bad,illegal
stupid,crazy,scary,what,sick,bad,illegal
stupid,crazy,scary,what,sick,bad,illegal
stupid,crazy,scary,what,sick,bad,illegal
stupid,crazy,scary,what,sick,bad,illegal
stupid,crazy,scary,what,sick,bad,illegal
stupid,crazy,scary,what,sick,bad,illegal
stupid,crazy,scary,what,sick,bad,illegal
stupid,crazy,scary,what,sick,bad,illegal
stupid,crazy,scary,what,sick,bad,illegal
stupid,crazy,scary,what,sick,bad,illegal
stupid,crazy,scary,what,sick,bad,illegal
stupid,crazy,scary,what,sick,bad,illegal
stupid,crazy,scary,what,sick,bad,illegal
stupid,crazy,scary,what,sick,bad,illegal
stupid,crazy,scary,what,sick,bad,illegal
stupid,crazy,scary,what,sick,bad,illegal
stupid,crazy,scary,what,sick,bad,illegal
stupid,crazy,scary,what,sick,bad,illegal
stupid,crazy,scary,what,sick,bad,illegal
stupid,crazy,scary,what,sick,bad,illegal
wrong,stupid,crazy,scary,what,sick,bad,illegal
wrong,stupid,crazy,scary,what,sick,bad,illegal
wrong,stupid,crazy,scary,what,sick,bad,illegal
wrong,stupid,crazy,scary,what,sick,bad,illegal
wrong,stupid,crazy,scary,what,sick,bad,illegal,terrifying
wrong,stupid,crazy,scary,what,sick,bad,illegal,terrifying
wrong,stupid,crazy,scary,what,sick,bad,illegal,terrifying
wrong,stupid,crazy,scary,what,sick,bad,illegal,terrifying
wrong,stupid,crazy,scary,what,sick,bad,illegal,terrifying
wrong,stupid,crazy,scary,what,sick,bad,illegal,terrifying
wrong,stupid,crazy,scary,what,sick,bad,illegal,terrifying
wrong,stupid,crazy,scary,what,sick,bad,illegal,terrifying
wrong,stupid,crazy,scary,what,sick,bad,illegal,terrifying
wrong,stupid,crazy,scary,what,sick,bad,illegal,terrifying
wrong,stupid,crazy,scary,what,sick,bad,illegal,terrifying
wrong,stupid,crazy,scary,what,sick,bad,illegal,terrifying
wrong,stupid,crazy,scary,what,sick,bad,illegal,terrifying
wrong,stupid,crazy,scary,what,sick,bad,illegal,terrifying
wrong,stupid,crazy,scary,what,sick,bad,illegal,terrifying
wrong,stupid,crazy,scary,what,sick,bad,illegal,terrifying
wrong,stupid,crazy,scary,what,sick,bad,illegal,terrifying
wrong,stupid,crazy,scary,what,sick,bad,illegal,terrifying
wrong,stupid,crazy,scary,what,sick,bad,illegal,terrifying
wrong,stupid,crazy,scary,what,sick,bad,illegal,terrifying
wrong,stupid,crazy,scary,what,sick,bad,illegal,terrifying
wrong,stupid,crazy,scary,what,sick,bad,illegal,terrifying
wrong,stupid,crazy,scary,what,sick,bad,illegal,terrifying
wrong,stupid,crazy,scary,what,sick,bad,illegal,terrifying
wrong,stupid,crazy,scary,what,sick,bad,illegal,terrifying
wrong,stupid,crazy,scary,what,sick,bad,illegal,terrifying
wrong,stupid,crazy,scary,what,sick,bad,illegal,terrifying
wrong,stupid,crazy,scary,what,sick,bad,illegal,terrifying
wrong,stupid,crazy,scary,what,sick,bad,illegal,terrifying
wrong,stupid,crazy,scary,what,sick,bad,illegal,terrifying
wrong,stupid,crazy,scary,what,sick,bad,illegal,terrifying
wrong,stupid,crazy,scary,what,sick,bad,illegal,terrifying
wrong,stupid,crazy,scary,what,sick,bad,illegal,terrifying
wrong,stupid,crazy,scary,what,sick,bad,illegal,terrifying
wrong,stupid,crazy,scary,what,sick,bad,illegal,terrifying
wrong,stupid,crazy,scary,what,sick,bad,illegal,terrifying
wrong,stupid,crazy,scary,what,sick,bad,illegal,terrifying
wrong,stupid,crazy,scary,what,sick,bad,illegal,terrifying
wrong,stupid,crazy,scary,what,sick,bad,illegal,terrifying
wrong,stupid,crazy,scary,what,sick,bad,illegal,terrifying
wrong,stupid,crazy,scary,what,sick,bad,illegal,terrifying
wrong,stupid,crazy,scary,what,sick,bad,illegal,terrifying
wrong,stupid,crazy,scary,what,sick,bad,illegal,terrifying
wrong,stupid,crazy,scary,what,sick,bad,illegal,terrifying
wrong,stupid,crazy,scary,what,sick,bad,illegal,terrifying
wrong,stupid,crazy,scary,what,sick,bad,illegal,terrifying
wrong,stupid,crazy,scary,what,sick,bad,illegal,terrifying
wrong,stupid,crazy,scary,what,sick,bad,illegal,terrifying
wrong,stupid,crazy,scary,what,sick,bad,illegal,terrifying
wrong,stupid,crazy,scary,what,sick,bad,illegal,terrifying
wrong,stupid,crazy,scary,what,sick,bad,illegal,terrifying
wrong,stupid,crazy,scary,what,sick,bad,illegal,terrifying
wrong,stupid,crazy,scary,what,sick,bad,illegal,terrifying
wrong,stupid,crazy,scary,what,sick,bad,illegal,terrifying
wrong,stupid,crazy,scary,what,sick,bad,illegal,terrifying
wrong,stupid,crazy,scary,what,sick,bad,illegal,terrifying
wrong,stupid,crazy,scary,what,sick,bad,illegal,terrifying
wrong,stupid,crazy,scary,what,sick,bad,illegal,terrifying
wrong,stupid,crazy,scary,what,sick,bad,illegal,terrifying
wrong,stupid,crazy,scary,what,sick,bad,illegal,terrifying
wrong,stupid,crazy,scary,what,sick,bad,illegal,terrifying
wrong,stupid,crazy,scary,what,sick,bad,illegal,terrifying
wrong,stupid,crazy,scary,what,sick,bad,illegal,terrifying
wrong,stupid,crazy,scary,what,sick,bad,illegal,terrifying
wrong,stupid,crazy,scary,what,sick,bad,illegal,terrifying
wrong,stupid,crazy,scary,what,sick,bad,illegal,terrifying
wrong,stupid,crazy,scary,what,sick,bad,illegal,terrifying
wrong,stupid,crazy,scary,what,sick,bad,illegal,terrifying
wrong,stupid,crazy,scary,what,sick,bad,illegal,terrifying
wrong,stupid,crazy,scary,what,sick,bad,illegal,terrifying
wrong,stupid,crazy,scary,what,serious,sick,bad,illegal,terrifying
wrong,stupid,crazy,scary,what,serious,sick,bad,illegal,terrifying
wrong,stupid,crazy,scary,what,serious,sick,bad,illegal,terrifying
wrong,stupid,crazy,scary,what,serious,sick,bad,illegal,terrifying
wrong,stupid,crazy,scary,what,serious,shit,sick,bad,illegal,terrifying
wrong,stupid,crazy,scary,what,serious,shit,sick,bad,illegal,terrifying
wrong,stupid,crazy,scary,what,serious,shit,sick,bad,illegal,terrifying
wrong,stupid,crazy,scary,what,serious,shit,sick,bad,evil,illegal,terrifying
wrong,stupid,crazy,scary,what,serious,shit,sick,bad,evil,illegal,terrifying
wrong,stupid,crazy,scary,what,serious,shit,sick,bad,evil,illegal,terrifying
wrong,stupid,crazy,scary,what,serious,shit,sick,bad,evil,illegal,terrifying
wrong,stupid,crazy,scary,what,serious,shit,sick,bad,evil,illegal,terrifying
wrong,stupid,crazy,scary,what,serious,shit,sick,bad,evil,illegal,terrifying
wrong,stupid,crazy,scary,what,serious,shit,sick,bad,evil,illegal,terrifying
wrong,stupid,crazy,scary,what,serious,shit,sick,bad,evil,illegal,terrifying
wrong,stupid,crazy,scary,what,serious,shit,sick,bad,evil,illegal,terrifying
wrong,stupid,crazy,scary,what,serious,shit,sick,bad,evil,illegal,terrifying
wrong,stupid,crazy,scary,what,serious,shit,sick,bad,evil,illegal,terrifying
wrong,stupid,crazy,scary,what,serious,shit,sick,bad,evil,illegal,terrifying
wrong,stupid,crazy,scary,what,serious,shit,sick,bad,evil,illegal,terrifying
wrong,stupid,crazy,scary,what,serious,shit,sick,bad,evil,illegal,terrifying
wrong,stupid,crazy,scary,what,serious,shit,sick,bad,evil,illegal,terrifying
wrong,stupid,crazy,scary,what,serious,shit,sick,bad,evil,illegal,terrifying
wrong,stupid,crazy,scary,what,serious,shit,sick,bad,evil,illegal,terrifying
wrong,stupid,crazy,scary,what,serious,shit,sick,bad,evil,illegal,terrifying
wrong,stupid,crazy,scary,what,serious,shit,sick,bad,evil,illegal,terrifying
wrong,stupid,crazy,scary,what,serious,shit,sick,bad,evil,illegal,terrifying
wrong,stupid,crazy,scary,what,serious,shit,sick,bad,evil,illegal,terrifying
wrong,stupid,crazy,scary,what,serious,shit,sick,bad,evil,illegal,terrifying
wrong,stupid,crazy,scary,what,serious,shit,sick,bad,evil,illegal,terrifying
wrong,stupid,crazy,scary,what,serious,shit,sick,bad,evil,illegal,terrifying
wrong,stupid,crazy,scary,what,serious,shit,sick,bad,evil,illegal,terrifying
wrong,stupid,crazy,scary,what,serious,shit,sick,bad,evil,illegal,terrifying
wrong,stupid,crazy,scary,what,serious,shit,sick,bad,evil,illegal,terrifying
wrong,stupid,crazy,scary,what,serious,shit,sick,bad,evil,illegal,terrifying
wrong,stupid,crazy,scary,what,serious,shit,sick,bad,evil,illegal,terrifying
wrong,stupid,crazy,scary,what,serious,shit,sick,bad,evil,illegal,terrifying
wrong,stupid,crazy,scary,what,serious,shit,sick,bad,evil,illegal,terrifying
wrong,stupid,crazy,scary,what,serious,shit,sick,bad,evil,illegal,terrifying
wrong,stupid,crazy,scary,what,serious,shit,sick,bad,evil,illegal,worst,terrifying
wrong,stupid,crazy,scary,what,serious,shit,sick,bad,evil,illegal,worst,terrifying
wrong,stupid,crazy,scary,what,serious,shit,sick,bad,evil,illegal,worst,terrifying
wrong,stupid,crazy,scary,what,serious,shit,sick,bad,evil,illegal,worst,terrifying
wrong,stupid,crazy,scary,what,serious,shit,sick,bad,evil,illegal,worst,terrifying
wrong,stupid,crazy,scary,what,serious,shit,sick,bad,evil,illegal,worst,terrifying
wrong,stupid,crazy,scary,what,serious,shit,sick,bad,evil,illegal,worst,terrifying
wrong,stupid,crazy,scary,what,serious,shit,sick,bad,evil,illegal,worst,terrifying
wrong,stupid,crazy,scary,what,serious,shit,sick,bad,evil,illegal,worst,terrifying
wrong,stupid,crazy,scary,what,serious,shit,sick,bad,evil,illegal,worst,terrifying
wrong,stupid,crazy,scary,what,serious,shit,sick,bad,evil,illegal,worst,terrifying
wrong,stupid,crazy,scary,what,serious,shit,sick,bad,evil,illegal,worst,terrifying
wrong,stupid,crazy,scary,what,serious,shit,sick,bad,evil,illegal,worst,terrifying
wrong,stupid,crazy,scary,what,serious,shit,sick,bad,evil,illegal,worst,terrifying
wrong,stupid,crazy,scary,what,serious,shit,sick,bad,evil,illegal,worst,terrifying
wrong,stupid,crazy,scary,what,serious,shit,sick,bad,evil,illegal,worst,terrifying
wrong,stupid,crazy,scary,what,serious,shit,sick,bad,evil,illegal,worst,terrifying
wrong,stupid,crazy,scary,what,serious,shit,sick,bad,evil,illegal,worst,terrifying
wrong,stupid,crazy,scary,what,serious,shit,sick,bad,evil,illegal,worst,terrifying
wrong,stupid,crazy,scary,what,serious,shit,sick,bad,evil,illegal,worst,terrifying
wrong,stupid,crazy,scary,what,serious,shit,sick,bad,evil,illegal,worst,terrifying
wrong,stupid,crazy,scary,what,serious,shit,sick,bad,evil,illegal,worst,terrifying
wrong,stupid,crazy,scary,what,serious,shit,sick,bad,evil,illegal,worst,terrifying
wrong,stupid,crazy,scary,what,serious,shit,sick,bad,evil,illegal,worst,terrifying
wrong,stupid,crazy,scary,what,serious,shit,sick,bad,evil,illegal,worst,terrifying
wrong,stupid,crazy,scary,what,serious,shit,sick,bad,evil,illegal,worst,terrifying
wrong,stupid,crazy,scary,what,serious,shit,sick,bad,evil,illegal,worst,terrifying
wrong,stupid,crazy,scary,what,serious,shit,sick,bad,evil,illegal,worst,terrifying
wrong,stupid,crazy,scary,what,serious,shit,sick,bad,evil,illegal,worst,terrifying
wrong,stupid,crazy,scary,what,serious,shit,sick,bad,evil,illegal,worst,terrifying
wrong,stupid,crazy,scary,what,serious,shit,sick,bad,evil,illegal,worst,terrifying
wrong,stupid,crazy,scary,what,serious,shit,sick,bad,evil,illegal,worst,terrifying
wrong,stupid,crazy,scary,what,serious,shit,sick,bad,evil,illegal,worst,terrifying
wrong,stupid,crazy,scary,what,serious,shit,sick,bad,evil,illegal,worst,terrifying
wrong,stupid,crazy,scary,what,serious,shit,sick,bad,evil,illegal,worst,terrifying
wrong,stupid,crazy,scary,what,serious,shit,sick,bad,evil,illegal,worst,terrifying
wrong,stupid,crazy,scary,what,serious,shit,sick,bad,evil,illegal,worst,terrifying
wrong,stupid,crazy,scary,what,serious,shit,sick,bad,evil,illegal,worst,terrifying
wrong,stupid,crazy,scary,what,serious,shit,sick,bad,evil,illegal,worst,terrifying
wrong,stupid,crazy,scary,what,serious,shit,sick,bad,evil,illegal,worst,terrifying
wrong,stupid,crazy,scary,what,serious,shit,sick,bad,evil,illegal,worst,terrifying
wrong,stupid,crazy,scary,what,serious,shit,sick,bad,evil,illegal,worst,terrifying
wrong,stupid,crazy,scary,what,serious,shit,sick,bad,evil,illegal,worst,terrifying
wrong,stupid,crazy,scary,what,serious,shit,sick,bad,evil,illegal,worst,terrifying
wrong,stupid,crazy,scary,what,serious,shit,uncomfortable,sick,bad,evil,illegal,worst,terrifying
wrong,stupid,crazy,scary,what,serious,shit,uncomfortable,sick,bad,evil,illegal,worst,terrifying
wrong,stupid,crazy,scary,what,serious,shit,uncomfortable,sick,bad,evil,illegal,worst,terrifying
wrong,stupid,crazy,scary,what,serious,shit,uncomfortable,sick,bad,evil,illegal,worst,terrifying
wrong,stupid,crazy,scary,what,serious,shit,uncomfortable,sick,bad,evil,illegal,worst,terrifying
wrong,stupid,crazy,scary,what,serious,shit,uncomfortable,sick,bad,evil,illegal,worst,terrifying
wrong,stupid,crazy,scary,what,serious,shit,uncomfortable,sick,bad,evil,illegal,worst,terrifying
wrong,stupid,crazy,scary,what,serious,shit,uncomfortable,sick,bad,evil,illegal,worst,terrifying
wrong,stupid,crazy,scary,what,serious,shit,uncomfortable,sick,bad,evil,illegal,worst,terrifying
wrong,stupid,crazy,scary,what,serious,shit,uncomfortable,sick,bad,evil,illegal,worst,terrifying
wrong,stupid,crazy,scary,what,serious,shit,uncomfortable,sick,bad,evil,illegal,worst,terrifying
wrong,stupid,crazy,scary,what,serious,shit,uncomfortable,sick,bad,evil,illegal,worst,terrifying
wrong,stupid,crazy,scary,what,serious,shit,uncomfortable,sick,bad,evil,illegal,worst,terrifying
wrong,stupid,crazy,scary,what,serious,shit,uncomfortable,sick,bad,evil,illegal,worst,terrifying
wrong,stupid,crazy,scary,what,serious,shit,uncomfortable,sick,bad,evil,illegal,worst,terrifying
wrong,stupid,crazy,scary,what,serious,shit,uncomfortable,sick,bad,evil,illegal,worst,terrifying
wrong,stupid,crazy,scary,what,serious,shit,uncomfortable,sick,bad,evil,illegal,worst,terrifying
wrong,stupid,crazy,scary,what,serious,shit,uncomfortable,sick,bad,evil,illegal,worst,terrifying
wrong,stupid,crazy,scary,what,serious,shit,uncomfortable,sick,bad,evil,illegal,worst,terrifying
wrong,stupid,crazy,scary,what,serious,shit,uncomfortable,sick,bad,evil,illegal,worst,terrifying
wrong,stupid,crazy,scary,what,serious,shit,uncomfortable,sick,bad,evil,illegal,worst,terrifying
wrong,stupid,crazy,scary,what,serious,shit,uncomfortable,sick,bad,evil,illegal,worst,terrifying
wrong,stupid,crazy,scary,what,serious,shit,uncomfortable,sick,bad,evil,illegal,worst,terrifying
wrong,stupid,crazy,scary,what,serious,shit,uncomfortable,sick,bad,evil,illegal,worst,terrifying
wrong,stupid,crazy,scary,what,serious,shit,uncomfortable,sick,bad,evil,illegal,worst,terrifying
wrong,stupid,crazy,scary,what,serious,shit,uncomfortable,sick,bad,evil,illegal,worst,terrifying
wrong,stupid,crazy,scary,what,serious,shit,uncomfortable,sick,bad,evil,illegal,worst,terrifying
wrong,stupid,crazy,scary,what,serious,shit,uncomfortable,sick,bad,evil,illegal,worst,terrifying
wrong,stupid,crazy,scary,what,serious,shit,uncomfortable,sick,bad,evil,illegal,worst,terrifying
wrong,stupid,crazy,scary,what,serious,shit,uncomfortable,sick,bad,evil,illegal,worst,terrifying
wrong,stupid,crazy,scary,what,serious,shit,uncomfortable,sick,bad,evil,illegal,worst,terrifying
wrong,stupid,crazy,scary,what,serious,shit,uncomfortable,sick,bad,evil,illegal,worst,terrifying
wrong,stupid,crazy,scary,what,serious,shit,uncomfortable,sick,bad,evil,illegal,worst,terrifying
wrong,stupid,crazy,scary,what,serious,shit,uncomfortable,sick,bad,evil,illegal,worst,terrifying
wrong,stupid,crazy,scary,what,serious,shit,uncomfortable,sick,bad,evil,illegal,worst,terrifying
wrong,stupid,crazy,scary,what,serious,shit,uncomfortable,sick,bad,evil,illegal,worst,terrifying
wrong,stupid,crazy,scary,what,serious,shit,uncomfortable,sick,bad,evil,illegal,worst,terrifying
wrong,stupid,crazy,scary,what,serious,shit,uncomfortable,sick,bad,evil,illegal,worst,terrifying
wrong,stupid,crazy,scary,what,serious,shit,uncomfortable,sick,bad,evil,illegal,worst,terrifying
wrong,stupid,crazy,scary,what,serious,shit,uncomfortable,sick,bad,evil,illegal,worst,terrifying
wrong,stupid,crazy,scary,what,serious,shit,uncomfortable,sick,bad,evil,illegal,worst,terrifying
wrong,stupid,crazy,scary,what,serious,shit,uncomfortable,sick,bad,evil,illegal,worst,terrifying
wrong,stupid,crazy,scary,what,serious,shit,uncomfortable,sick,bad,evil,illegal,worst,terrifying
wrong,stupid,crazy,scary,what,serious,shit,uncomfortable,sick,bad,evil,illegal,worst,terrifying
wrong,stupid,crazy,scary,what,serious,shit,uncomfortable,sick,bad,evil,illegal,worst,terrifying
wrong,stupid,crazy,scary,what,serious,shit,uncomfortable,sick,bad,evil,illegal,worst,terrifying
wrong,stupid,crazy,scary,what,serious,shit,uncomfortable,sick,bad,evil,illegal,worst,terrifying
wrong,stupid,crazy,scary,what,serious,shit,uncomfortable,sick,bad,evil,illegal,worst,terrifying
wrong,stupid,crazy,scary,what,serious,shit,uncomfortable,sick,bad,evil,illegal,worst,terrifying
wrong,stupid,crazy,scary,what,serious,shit,uncomfortable,sick,bad,evil,illegal,worst,terrifying
wrong,stupid,crazy,scary,what,serious,shit,uncomfortable,sick,bad,evil,illegal,worst,terrifying
wrong,stupid,crazy,scary,what,serious,shit,uncomfortable,sick,bad,evil,illegal,worst,terrifying
wrong,stupid,crazy,scary,what,serious,shit,uncomfortable,sick,bad,evil,illegal,worst,terrifying
wrong,stupid,crazy,scary,what,serious,shit,uncomfortable,sick,bad,evil,illegal,worst,terrifying
wrong,stupid,crazy,scary,what,serious,shit,uncomfortable,sick,bad,evil,illegal,worst,terrifying
wrong,stupid,crazy,scary,what,serious,shit,uncomfortable,sick,bad,evil,illegal,worst,terrifying
wrong,stupid,crazy,scary,what,serious,shit,uncomfortable,sick,bad,evil,illegal,worst,terrifying
wrong,stupid,crazy,scary,what,serious,shit,uncomfortable,sick,bad,evil,illegal,worst,terrifying
wrong,stupid,crazy,scary,what,serious,shit,uncomfortable,sick,bad,evil,illegal,worst,terrifying
wrong,stupid,crazy,scary,what,serious,shit,uncomfortable,sick,bad,evil,illegal,worst,terrifying
wrong,stupid,crazy,scary,what,serious,shit,uncomfortable,sick,bad,evil,illegal,worst,terrifying
wrong,stupid,crazy,scary,what,serious,shit,uncomfortable,sick,bad,evil,illegal,worst,terrifying
wrong,stupid,crazy,scary,what,serious,shit,uncomfortable,sick,bad,evil,illegal,worst,terrifying
wrong,stupid,crazy,scary,what,serious,shit,uncomfortable,sick,bad,evil,illegal,worst,terrifying
wrong,stupid,crazy,scary,what,serious,shit,uncomfortable,sick,bad,evil,illegal,worst,terrifying
wrong,stupid,crazy,scary,what,serious,shit,uncomfortable,sick,bad,evil,illegal,worst,terrifying
wrong,stupid,crazy,scary,what,serious,shit,uncomfortable,sick,bad,evil,illegal,worst,terrifying
wrong,stupid,crazy,scary,what,serious,shit,uncomfortable,sick,bad,evil,illegal,worst,terrifying
wrong,stupid,crazy,scary,what,serious,shit,uncomfortable,sick,bad,evil,illegal,worst,terrifying
wrong,stupid,crazy,scary,what,serious,shit,uncomfortable,sick,bad,evil,illegal,worst,terrifying
wrong,stupid,crazy,scary,what,serious,shit,uncomfortable,sick,bad,evil,illegal,worst,terrifying
wrong,stupid,crazy,scary,what,serious,shit,uncomfortable,sick,bad,evil,illegal,worst,terrifying
wrong,stupid,crazy,scary,what,serious,shit,uncomfortable,sick,bad,evil,illegal,worst,terrifying
wrong,stupid,crazy,scary,what,serious,shit,uncomfortable,sick,bad,evil,illegal,worst,terrifying
wrong,stupid,crazy,scary,what,serious,shit,uncomfortable,sick,bad,evil,illegal,worst,terrifying
wrong,stupid,crazy,scary,what,serious,shit,uncomfortable,sick,bad,evil,illegal,worst,terrifying
wrong,stupid,crazy,scary,what,serious,shit,uncomfortable,sick,bad,evil,illegal,worst,terrifying
wrong,stupid,crazy,scary,what,serious,shit,uncomfortable,sick,bad,evil,illegal,worst,terrifying
wrong,stupid,crazy,scary,what,serious,shit,uncomfortable,sick,bad,evil,illegal,worst,terrifying
wrong,stupid,crazy,scary,what,serious,shit,uncomfortable,sick,bad,evil,illegal,worst,terrifying
wrong,stupid,crazy,scary,what,serious,shit,uncomfortable,sick,bad,evil,illegal,worst,terrifying
wrong,stupid,crazy,scary,what,serious,shit,uncomfortable,sick,bad,evil,illegal,worst,terrifying
wrong,stupid,crazy,scary,what,serious,shit,uncomfortable,sick,bad,evil,illegal,worst,terrifying
wrong,stupid,crazy,scary,what,serious,shit,uncomfortable,sick,bad,evil,illegal,worst,terrifying
wrong,stupid,crazy,scary,what,serious,shit,uncomfortable,sick,bad,evil,illegal,worst,terrifying
wrong,stupid,crazy,scary,what,serious,shit,uncomfortable,sick,bad,evil,illegal,worst,terrifying
wrong,stupid,crazy,scary,what,serious,shit,uncomfortable,sick,bad,evil,illegal,worst,terrifying
wrong,stupid,crazy,scary,what,serious,shit,uncomfortable,sick,bad,evil,illegal,worst,terrifying
wrong,stupid,crazy,scary,what,serious,shit,uncomfortable,sick,bad,evil,illegal,worst,terrifying
wrong,stupid,crazy,scary,what,serious,shit,uncomfortable,sick,bad,evil,illegal,worst,terrifying
wrong,stupid,crazy,scary,what,serious,shit,uncomfortable,sick,bad,evil,illegal,worst,terrifying
wrong,stupid,crazy,scary,what,serious,shit,uncomfortable,sick,bad,evil,illegal,worst,terrifying
wrong,stupid,crazy,scary,what,serious,shit,uncomfortable,sick,bad,evil,illegal,worst,terrifying
wrong,stupid,crazy,scary,what,serious,shit,uncomfortable,sick,bad,evil,illegal,worst,terrifying
wrong,stupid,crazy,scary,what,serious,shit,uncomfortable,sick,bad,evil,illegal,worst,terrifying
wrong,stupid,crazy,scary,what,serious,shit,uncomfortable,sick,bad,evil,illegal,worst,terrifying
wrong,stupid,crazy,scary,what,serious,shit,uncomfortable,sick,bad,evil,illegal,worst,terrifying
wrong,stupid,crazy,scary,what,serious,shit,uncomfortable,sick,bad,evil,illegal,worst,terrifying
wrong,stupid,crazy,scary,what,serious,shit,uncomfortable,sick,bad,evil,illegal,worst,terrifying
wrong,stupid,crazy,scary,what,serious,shit,uncomfortable,sick,bad,evil,illegal,worst,terrifying
wrong,stupid,crazy,scary,what,serious,shit,uncomfortable,sick,bad,evil,illegal,worst,terrifying
wrong,stupid,crazy,scary,what,serious,shit,uncomfortable,sick,bad,evil,illegal,worst,terrifying
wrong,stupid,crazy,scary,what,serious,disturbing,shit,uncomfortable,sick,bad,evil,illegal,worst,terrifying
wrong,stupid,crazy,scary,what,serious,disturbing,shit,uncomfortable,sick,bad,evil,illegal,worst,terrifying
wrong,stupid,crazy,scary,what,serious,disturbing,shit,uncomfortable,sick,bad,evil,illegal,worst,terrifying
wrong,stupid,crazy,scary,what,serious,disturbing,shit,uncomfortable,sick,bad,evil,illegal,worst,terrifying
wrong,stupid,crazy,scary,what,serious,disturbing,shit,uncomfortable,sick,bad,evil,illegal,worst,terrifying
wrong,stupid,crazy,scary,what,serious,disturbing,shit,uncomfortable,sick,bad,evil,illegal,worst,terrifying
wrong,stupid,crazy,scary,what,serious,disturbing,shit,uncomfortable,sick,bad,evil,illegal,worst,terrifying
false,wrong,stupid,crazy,scary,what,serious,disturbing,shit,uncomfortable,sick,bad,evil,illegal,worst,terrifying
false,wrong,stupid,crazy,scary,what,serious,disturbing,shit,uncomfortable,sick,bad,evil,illegal,worst,terrifying
false,wrong,stupid,crazy,scary,what,serious,disturbing,shit,uncomfortable,sick,bad,evil,illegal,worst,terrifying
false,wrong,stupid,crazy,scary,what,serious,disturbing,shit,uncomfortable,sick,bad,evil,illegal,worst,terrifying
false,wrong,stupid,crazy,scary,what,serious,disturbing,shit,uncomfortable,sick,bad,evil,illegal,worst,terrifying
false,wrong,stupid,crazy,scary,what,serious,disturbing,shit,uncomfortable,sick,bad,evil,illegal,worst,terrifying
false,wrong,stupid,crazy,scary,what,serious,disturbing,shit,uncomfortable,sick,bad,evil,illegal,worst,terrifying
false,wrong,stupid,crazy,scary,what,serious,disturbing,shit,uncomfortable,sick,bad,evil,illegal,worst,terrifying
false,wrong,stupid,crazy,scary,what,serious,disturbing,shit,uncomfortable,sick,bad,evil,illegal,worst,terrifying
false,wrong,stupid,crazy,scary,what,serious,disturbing,shit,uncomfortable,sick,bad,evil,illegal,worst,terrifying
false,wrong,stupid,crazy,scary,what,serious,disturbing,shit,uncomfortable,sick,bad,evil,illegal,worst,terrifying
false,wrong,stupid,crazy,scary,what,serious,disturbing,shit,uncomfortable,sick,bad,evil,illegal,worst,terrifying
false,wrong,stupid,crazy,scary,what,serious,disturbing,shit,uncomfortable,sick,bad,evil,illegal,worst,terrifying
false,wrong,stupid,crazy,scary,what,serious,disturbing,shit,uncomfortable,sick,bad,evil,illegal,worst,terrifying
false,wrong,stupid,crazy,scary,what,serious,disturbing,shit,uncomfortable,sick,bad,evil,illegal,worst,terrifying
false,wrong,stupid,crazy,scary,what,serious,disturbing,shit,uncomfortable,sick,bad,evil,illegal,worst,terrifying
false,wrong,stupid,crazy,scary,what,serious,disturbing,shit,uncomfortable,sick,bad,evil,illegal,worst,terrifying
false,wrong,stupid,crazy,scary,what,serious,disturbing,shit,uncomfortable,sick,bad,evil,illegal,worst,terrifying
false,wrong,stupid,crazy,scary,what,serious,disturbing,shit,uncomfortable,sick,bad,evil,illegal,worst,terrifying
false,wrong,stupid,crazy,scary,what,serious,disturbing,shit,uncomfortable,sick,bad,evil,illegal,worst,unfortunately,terrifying
false,wrong,stupid,crazy,scary,what,serious,disturbing,shit,uncomfortable,sick,bad,evil,illegal,worst,unfortunately,terrifying,terrible
false,wrong,stupid,crazy,scary,what,serious,disturbing,shit,uncomfortable,sick,bad,evil,illegal,worst,unfortunately,terrifying,terrible
false,wrong,stupid,crazy,scary,what,serious,disturbing,shit,uncomfortable,sick,bad,evil,illegal,worst,unfortunately,terrifying,terrible
false,wrong,stupid,crazy,scary,what,serious,disturbing,shit,uncomfortable,sick,bad,evil,illegal,worst,unfortunately,terrifying,terrible
false,wrong,stupid,crazy,scary,what,serious,disturbing,shit,uncomfortable,sick,bad,evil,illegal,worst,unfortunately,terrifying,terrible
false,wrong,stupid,crazy,scary,what,serious,disturbing,shit,uncomfortable,sick,bad,evil,illegal,worst,unfortunately,terrifying,terrible
false,wrong,stupid,crazy,scary,what,serious,disturbing,shit,uncomfortable,sick,bad,evil,illegal,worst,unfortunately,terrifying,terrible
false,wrong,stupid,crazy,scary,what,serious,disturbing,shit,uncomfortable,sick,bad,evil,illegal,worst,unfortunately,terrifying,terrible
false,wrong,stupid,crazy,scary,what,serious,disturbing,shit,uncomfortable,sick,bad,evil,illegal,worst,unfortunately,terrifying,terrible
false,wrong,stupid,crazy,scary,what,serious,disturbing,shit,uncomfortable,sick,bad,evil,illegal,worst,unfortunately,terrifying,terrible
false,wrong,stupid,crazy,scary,what,serious,disturbing,shit,uncomfortable,sick,bad,evil,illegal,worst,unfortunately,terrifying,terrible
false,wrong,stupid,crazy,scary,what,serious,disturbing,shit,uncomfortable,sick,bad,evil,illegal,worst,unfortunately,terrifying,terrible
false,wrong,stupid,crazy,scary,what,serious,disturbing,shit,uncomfortable,sick,bad,evil,illegal,worst,unfortunately,terrifying,terrible
false,wrong,stupid,crazy,scary,what,serious,disturbing,shit,uncomfortable,sick,bad,evil,illegal,worst,unfortunately,terrifying,terrible
false,wrong,stupid,crazy,scary,what,serious,disturbing,shit,uncomfortable,sick,bad,evil,illegal,worst,unfortunately,terrifying,terrible
false,wrong,stupid,crazy,scary,what,serious,disturbing,shit,uncomfortable,sick,bad,evil,illegal,worst,unfortunately,terrifying,terrible
false,wrong,stupid,crazy,scary,what,serious,disturbing,shit,uncomfortable,sick,bad,evil,illegal,worst,unfortunately,terrifying,terrible
false,what,serious,disturbing,evil,terrible,wrong,stupid,hate,sick,bad,illegal,crazy,scary,shit,uncomfortable,unfortunately,worst,terrifying
false,what,serious,disturbing,evil,terrible,wrong,stupid,hate,sick,bad,illegal,crazy,scary,shit,uncomfortable,unfortunately,worst,terrifying
false,what,serious,disturbing,evil,terrible,wrong,stupid,hate,sick,bad,illegal,crazy,scary,shit,uncomfortable,unfortunately,worst,terrifying
false,what,serious,disturbing,evil,terrible,wrong,stupid,hate,sick,bad,illegal,crazy,scary,shit,uncomfortable,unfortunately,worst,terrifying
false,what,serious,disturbing,evil,terrible,wrong,stupid,hate,sick,bad,illegal,crazy,scary,shit,uncomfortable,unfortunately,worst,terrifying
false,what,serious,disturbing,evil,terrible,wrong,stupid,hate,sick,bad,illegal,crazy,scary,shit,uncomfortable,unfortunately,worst,terrifying
false,what,serious,disturbing,evil,terrible,wrong,stupid,hate,sick,bad,illegal,crazy,scary,shit,uncomfortable,unfortunately,worst,terrifying
false,what,serious,disturbing,evil,terrible,wrong,stupid,hate,sick,bad,illegal,crazy,scary,shit,uncomfortable,unfortunately,worst,terrifying
false,what,serious,disturbing,evil,terrible,wrong,stupid,hate,sick,bad,illegal,crazy,scary,shit,uncomfortable,unfortunately,worst,terrifying
false,what,serious,disturbing,evil,terrible,wrong,stupid,hate,sick,bad,illegal,crazy,scary,shit,uncomfortable,unfortunately,worst,terrifying
false,what,serious,disturbing,evil,terrible,wrong,stupid,hate,sick,bad,illegal,crazy,scary,shit,uncomfortable,unfortunately,worst,terrifying
false,what,serious,disturbing,evil,terrible,wrong,stupid,hate,sick,bad,illegal,crazy,scary,shit,uncomfortable,unfortunately,worst,terrifying
false,what,serious,disturbing,evil,terrible,wrong,stupid,hate,sick,bad,illegal,crazy,scary,shit,uncomfortable,unfortunately,worst,terrifying
false,what,serious,disturbing,evil,terrible,wrong,stupid,hate,sick,bad,illegal,crazy,scary,shit,uncomfortable,unfortunately,worst,terrifying
false,what,serious,disturbing,evil,terrible,wrong,stupid,hate,sick,bad,illegal,crazy,scary,shit,uncomfortable,unfortunately,worst,terrifying
false,what,serious,disturbing,seriously,evil,terrible,wrong,stupid,hate,sick,bad,illegal,crazy,scary,shit,uncomfortable,unfortunately,worst,terrifying
false,what,serious,disturbing,seriously,evil,terrible,wrong,stupid,hate,sick,bad,illegal,crazy,scary,shit,uncomfortable,unfortunately,worst,terrifying
false,what,serious,disturbing,seriously,evil,terrible,wrong,stupid,hate,sick,bad,illegal,crazy,scary,shit,uncomfortable,unfortunately,worst,terrifying
false,what,serious,disturbing,seriously,evil,terrible,wrong,stupid,hate,sick,bad,illegal,crazy,scary,shit,uncomfortable,unfortunately,worst,terrifying
false,what,serious,disturbing,seriously,evil,terrible,wrong,stupid,hate,sick,bad,illegal,crazy,scary,shit,uncomfortable,unfortunately,worst,terrifying
false,what,serious,disturbing,seriously,evil,terrible,wrong,stupid,hate,sick,bad,illegal,crazy,scary,shit,uncomfortable,unfortunately,worst,terrifying
false,what,serious,disturbing,seriously,evil,terrible,wrong,stupid,hate,sick,bad,illegal,crazy,scary,shit,uncomfortable,unfortunately,worst,terrifying
false,what,serious,disturbing,seriously,evil,terrible,wrong,stupid,hate,sick,bad,illegal,crazy,scary,shit,uncomfortable,unfortunately,worst,terrifying
false,what,serious,disturbing,seriously,evil,terrible,wrong,stupid,hate,sick,bad,illegal,crazy,scary,shit,uncomfortable,unfortunately,worst,terrifying
false,what,serious,disturbing,seriously,evil,terrible,wrong,stupid,hate,sick,bad,illegal,crazy,scary,shit,uncomfortable,unfortunately,worst,terrifying
false,what,serious,disturbing,seriously,evil,terrible,wrong,stupid,hate,sick,bad,illegal,crazy,scary,shit,uncomfortable,unfortunately,worst,terrifying
false,what,serious,disturbing,seriously,evil,terrible,wrong,stupid,hate,sick,bad,illegal,crazy,scary,shit,uncomfortable,unfortunately,worst,terrifying
false,what,serious,disturbing,seriously,evil,terrible,wrong,stupid,hate,sick,bad,illegal,crazy,scary,shit,uncomfortable,unfortunately,worst,terrifying
false,what,serious,disturbing,seriously,evil,terrible,wrong,stupid,hate,sick,bad,illegal,crazy,scary,shit,uncomfortable,unfortunately,worst,terrifying
false,what,serious,disturbing,seriously,evil,terrible,wrong,stupid,hate,sick,bad,illegal,crazy,scary,shit,uncomfortable,unfortunately,worst,terrifying
false,what,serious,disturbing,seriously,evil,terrible,wrong,stupid,hate,sick,bad,illegal,crazy,scary,shit,uncomfortable,unfortunately,worst,terrifying
false,what,serious,disturbing,seriously,evil,terrible,wrong,stupid,hate,sick,bad,illegal,crazy,scary,shit,uncomfortable,unfortunately,worst,terrifying
false,what,serious,disturbing,seriously,evil,terrible,wrong,stupid,hate,sick,bad,illegal,crazy,scary,shit,uncomfortable,unfortunately,worst,terrifying
false,what,serious,disturbing,seriously,evil,terrible,wrong,stupid,hate,sick,bad,illegal,crazy,scary,shit,uncomfortable,unfortunately,worst,terrifying
false,what,serious,disturbing,seriously,evil,terrible,wrong,stupid,hate,sick,bad,illegal,crazy,scary,shit,uncomfortable,unfortunately,worst,terrifying
false,what,serious,disturbing,seriously,evil,terrible,wrong,stupid,hate,sick,bad,illegal,crazy,scary,shit,uncomfortable,unfortunately,worst,terrifying
false,what,serious,disturbing,seriously,evil,terrible,wrong,stupid,hate,sick,bad,illegal,crazy,scary,shit,uncomfortable,unfortunately,worst,terrifying
false,what,serious,disturbing,seriously,evil,terrible,wrong,stupid,hate,sick,bad,illegal,crazy,scary,shit,uncomfortable,unfortunately,worst,terrifying
false,what,serious,disturbing,seriously,evil,terrible,wrong,stupid,hate,sick,bad,illegal,crazy,scary,shit,uncomfortable,unfortunately,worst,terrifying
false,what,serious,disturbing,seriously,evil,terrible,wrong,stupid,hate,sick,bad,illegal,crazy,scary,shit,uncomfortable,unfortunately,worst,terrifying
false,what,serious,disturbing,seriously,evil,terrible,wrong,stupid,hate,sick,bad,illegal,crazy,scary,shit,uncomfortable,unfortunately,worst,terrifying
false,what,serious,disturbing,seriously,evil,terrible,wrong,stupid,hate,sick,bad,illegal,crazy,scary,shit,uncomfortable,unfortunately,worst,terrifying
false,what,serious,disturbing,seriously,evil,terrible,wrong,stupid,hate,sick,bad,illegal,crazy,scary,shit,uncomfortable,unfortunately,worst,terrifying
false,what,serious,disturbing,seriously,evil,terrible,wrong,stupid,hate,sick,bad,illegal,crazy,scary,shit,uncomfortable,unfortunately,worst,terrifying
false,what,serious,disturbing,seriously,evil,terrible,wrong,stupid,hate,sick,bad,illegal,crazy,scary,shit,uncomfortable,unfortunately,worst,terrifying
false,what,serious,disturbing,seriously,evil,terrible,wrong,stupid,hate,sick,bad,illegal,crazy,scary,shit,uncomfortable,unfortunately,worst,terrifying
false,what,serious,disturbing,seriously,evil,terrible,wrong,stupid,hate,sick,bad,illegal,crazy,scary,shit,uncomfortable,unfortunately,worst,terrifying
false,what,serious,disturbing,seriously,evil,terrible,wrong,stupid,hate,sick,bad,illegal,crazy,scary,shit,uncomfortable,unfortunately,worst,terrifying
false,what,serious,disturbing,seriously,evil,terrible,wrong,stupid,hate,sick,bad,illegal,crazy,scary,shit,uncomfortable,unfortunately,worst,terrifying
false,what,serious,disturbing,seriously,evil,terrible,wrong,stupid,hate,sick,bad,illegal,crazy,scary,shit,uncomfortable,unfortunately,worst,terrifying
false,what,serious,disturbing,seriously,evil,terrible,wrong,stupid,hate,sick,bad,illegal,crazy,scary,shit,uncomfortable,unfortunately,worst,terrifying
false,what,serious,disturbing,seriously,evil,terrible,wrong,stupid,hate,sick,bad,illegal,crazy,scary,shit,uncomfortable,unfortunately,worst,terrifying
false,what,serious,disturbing,seriously,evil,terrible,wrong,stupid,hate,sick,bad,illegal,crazy,scary,shit,uncomfortable,unfortunately,worst,terrifying
false,what,serious,disturbing,seriously,evil,terrible,wrong,stupid,hate,sick,bad,illegal,crazy,scary,shit,uncomfortable,unfortunately,worst,terrifying
false,what,serious,disturbing,seriously,evil,terrible,wrong,stupid,hate,sick,bad,illegal,crazy,scary,shit,uncomfortable,unfortunately,worst,terrifying
false,what,serious,disturbing,seriously,evil,terrible,wrong,stupid,hate,sick,bad,illegal,crazy,scary,shit,uncomfortable,unfortunately,worst,terrifying
false,what,serious,disturbing,seriously,evil,terrible,wrong,stupid,hate,sick,bad,illegal,crazy,scary,shit,uncomfortable,unfortunately,worst,terrifying
false,what,serious,disturbing,seriously,evil,terrible,wrong,stupid,hate,sick,bad,illegal,crazy,scary,shit,uncomfortable,unfortunately,worst,terrifying
false,what,serious,disturbing,seriously,evil,terrible,wrong,stupid,hate,sick,bad,illegal,crazy,scary,shit,uncomfortable,unfortunately,worst,terrifying
false,what,serious,disturbing,seriously,evil,terrible,wrong,stupid,hate,sick,bad,illegal,crazy,scary,shit,uncomfortable,unfortunately,worst,terrifying
false,what,serious,disturbing,seriously,evil,terrible,wrong,stupid,hate,sick,bad,illegal,crazy,scary,shit,uncomfortable,unfortunately,worst,terrifying
false,what,serious,disturbing,seriously,evil,terrible,wrong,stupid,hate,sick,bad,illegal,crazy,scary,shit,uncomfortable,unfortunately,worst,terrifying
false,what,serious,disturbing,seriously,evil,terrible,wrong,stupid,hate,sick,bad,illegal,crazy,scary,shit,uncomfortable,unfortunately,worst,terrifying
false,what,serious,disturbing,seriously,evil,terrible,wrong,stupid,hate,sick,bad,illegal,crazy,scary,shit,uncomfortable,unfortunately,worst,terrifying
false,what,serious,disturbing,seriously,evil,terrible,wrong,stupid,hate,sick,bad,illegal,crazy,scary,shit,uncomfortable,unfortunately,worst,terrifying
false,what,serious,disturbing,seriously,evil,terrible,wrong,stupid,hate,sick,bad,illegal,crazy,scary,shit,uncomfortable,unfortunately,worst,terrifying
false,what,serious,disturbing,seriously,evil,terrible,wrong,stupid,hate,sick,bad,illegal,crazy,scary,shit,uncomfortable,unfortunately,worst,terrifying
false,what,serious,disturbing,seriously,evil,terrible,wrong,stupid,hate,sick,bad,illegal,crazy,scary,shit,uncomfortable,unfortunately,worst,terrifying
false,what,serious,disturbing,seriously,evil,terrible,wrong,stupid,hate,sick,bad,illegal,crazy,scary,shit,uncomfortable,unfortunately,worst,terrifying
false,what,serious,disturbing,seriously,evil,terrible,wrong,stupid,hate,sick,bad,illegal,crazy,scary,shit,uncomfortable,unfortunately,worst,terrifying
false,what,serious,disturbing,seriously,evil,terrible,wrong,stupid,hate,sick,bad,illegal,crazy,scary,shit,uncomfortable,unfortunately,worst,terrifying
false,what,serious,disturbing,seriously,evil,terrible,wrong,stupid,hate,sick,bad,illegal,crazy,scary,shit,uncomfortable,unfortunately,worst,terrifying
false,what,serious,disturbing,seriously,evil,terrible,wrong,stupid,hate,sick,bad,illegal,crazy,scary,shit,uncomfortable,unfortunately,worst,terrifying
false,what,serious,disturbing,seriously,evil,terrible,wrong,stupid,hate,sick,bad,illegal,crazy,scary,shit,uncomfortable,unfortunately,worst,terrifying
false,what,serious,disturbing,seriously,evil,terrible,wrong,stupid,hate,sick,bad,illegal,crazy,scary,shit,uncomfortable,unfortunately,worst,terrifying
false,what,serious,disturbing,seriously,evil,terrible,wrong,stupid,hate,sick,bad,illegal,crazy,scary,shit,uncomfortable,unfortunately,worst,terrifying
false,what,serious,disturbing,seriously,evil,terrible,wrong,stupid,hate,sick,bad,illegal,crazy,scary,shit,uncomfortable,unfortunately,worst,terrifying
false,what,serious,disturbing,seriously,evil,terrible,wrong,stupid,hate,sick,bad,illegal,crazy,scary,shit,uncomfortable,unfortunately,worst,terrifying
false,what,serious,disturbing,seriously,evil,terrible,wrong,stupid,hate,sick,bad,illegal,crazy,scary,shit,uncomfortable,unfortunately,worst,terrifying
false,what,serious,disturbing,seriously,evil,terrible,wrong,stupid,hate,sick,bad,illegal,crazy,scary,shit,uncomfortable,unfortunately,worst,terrifying
false,what,serious,disturbing,seriously,evil,terrible,wrong,stupid,hate,sick,bad,illegal,crazy,scary,shit,uncomfortable,unfortunately,worst,terrifying
false,what,serious,disturbing,seriously,evil,terrible,wrong,stupid,hate,sick,bad,illegal,crazy,scary,shit,uncomfortable,unfortunately,worst,terrifying
false,what,serious,disturbing,seriously,evil,terrible,wrong,stupid,hate,sick,bad,illegal,crazy,scary,shit,uncomfortable,unfortunately,worst,terrifying
false,what,serious,disturbing,seriously,evil,terrible,wrong,stupid,hate,sick,bad,illegal,crazy,scary,shit,uncomfortable,unfortunately,worst,terrifying
false,what,serious,disturbing,seriously,evil,terrible,wrong,stupid,hate,sick,bad,illegal,crazy,scary,shit,uncomfortable,unfortunately,worst,terrifying
false,what,serious,disturbing,seriously,evil,terrible,wrong,stupid,hate,sick,bad,illegal,crazy,scary,shit,uncomfortable,unfortunately,worst,terrifying
false,what,serious,disturbing,seriously,evil,terrible,wrong,stupid,hate,sick,bad,illegal,crazy,scary,shit,uncomfortable,unfortunately,worst,terrifying
false,what,serious,disturbing,seriously,evil,terrible,wrong,stupid,hate,sick,bad,illegal,crazy,scary,shit,uncomfortable,unfortunately,worst,terrifying
false,what,serious,disturbing,seriously,evil,terrible,wrong,stupid,hate,sick,bad,illegal,crazy,scary,shit,uncomfortable,unfortunately,worst,terrifying
false,what,serious,disturbing,seriously,evil,terrible,wrong,stupid,hate,sick,bad,illegal,crazy,scary,shit,uncomfortable,unfortunately,worst,terrifying
false,what,serious,disturbing,seriously,evil,terrible,wrong,stupid,hate,sick,bad,illegal,crazy,scary,shit,uncomfortable,unfortunately,worst,terrifying
false,what,serious,disturbing,seriously,evil,terrible,wrong,stupid,hate,sick,bad,illegal,crazy,scary,shit,uncomfortable,unfortunately,worst,terrifying
false,what,serious,disturbing,seriously,evil,terrible,wrong,stupid,hate,sick,bad,illegal,crazy,scary,shit,uncomfortable,unfortunately,worst,terrifying
false,what,serious,disturbing,seriously,evil,terrible,wrong,stupid,hate,sick,bad,illegal,crazy,scary,shit,uncomfortable,unfortunately,worst,terrifying
false,what,serious,disturbing,seriously,evil,terrible,wrong,stupid,hate,sick,bad,illegal,crazy,scary,shit,uncomfortable,unfortunately,worst,terrifying
false,what,serious,disturbing,seriously,evil,terrible,wrong,stupid,hate,sick,bad,illegal,crazy,scary,shit,uncomfortable,unfortunately,worst,terrifying
false,what,serious,disturbing,seriously,evil,terrible,wrong,stupid,hate,sick,bad,illegal,crazy,scary,shit,uncomfortable,unfortunately,worst,terrifying
false,what,serious,disturbing,seriously,evil,terrible,wrong,stupid,hate,sick,bad,illegal,crazy,scary,shit,uncomfortable,unfortunately,worst,terrifying
false,what,serious,disturbing,seriously,evil,terrible,wrong,stupid,hate,sick,bad,illegal,crazy,scary,shit,uncomfortable,unfortunately,worst,terrifying
false,what,serious,disturbing,seriously,evil,terrible,wrong,stupid,hate,sick,bad,illegal,crazy,scary,shit,uncomfortable,unfortunately,worst,terrifying
false,what,serious,disturbing,seriously,evil,terrible,wrong,stupid,hate,sick,bad,illegal,crazy,scary,shit,uncomfortable,unfortunately,worst,terrifying
false,what,serious,disturbing,seriously,evil,terrible,wrong,stupid,hate,sick,bad,illegal,crazy,scary,shit,uncomfortable,unfortunately,worst,terrifying
false,what,serious,disturbing,seriously,evil,terrible,wrong,stupid,hate,sick,bad,illegal,crazy,scary,shit,uncomfortable,unfortunately,worst,terrifying
false,what,serious,disturbing,seriously,evil,terrible,wrong,stupid,hate,sick,bad,illegal,crazy,scary,shit,uncomfortable,unfortunately,worst,terrifying
false,what,serious,disturbing,seriously,evil,terrible,wrong,stupid,hate,sick,bad,illegal,crazy,scary,shit,uncomfortable,unfortunately,worst,terrifying
false,what,serious,disturbing,seriously,evil,terrible,wrong,stupid,hate,sick,bad,illegal,crazy,scary,shit,uncomfortable,unfortunately,worst,terrifying
false,what,serious,disturbing,seriously,evil,terrible,wrong,stupid,hate,sick,bad,illegal,crazy,scary,shit,uncomfortable,unfortunately,worst,terrifying
false,what,serious,disturbing,seriously,evil,terrible,wrong,stupid,hate,sick,bad,illegal,crazy,scary,shit,uncomfortable,unfortunately,worst,terrifying
false,what,serious,disturbing,seriously,evil,terrible,wrong,stupid,hate,sick,bad,illegal,crazy,scary,shit,uncomfortable,unfortunately,worst,terrifying
false,what,serious,disturbing,seriously,evil,terrible,wrong,stupid,hate,sick,bad,illegal,crazy,scary,shit,uncomfortable,unfortunately,worst,terrifying
false,what,serious,disturbing,seriously,evil,terrible,wrong,stupid,hate,sick,bad,illegal,crazy,scary,shit,uncomfortable,unfortunately,worst,terrifying
false,what,serious,disturbing,seriously,evil,terrible,wrong,stupid,hate,sick,bad,illegal,crazy,scary,shit,uncomfortable,unfortunately,worst,terrifying
false,what,serious,disturbing,seriously,evil,terrible,wrong,stupid,hate,sick,bad,illegal,crazy,scary,shit,uncomfortable,unfortunately,worst,terrifying
false,what,serious,disturbing,seriously,evil,terrible,wrong,stupid,hate,sick,bad,illegal,crazy,scary,shit,uncomfortable,unfortunately,worst,terrifying
false,what,serious,disturbing,seriously,evil,terrible,wrong,stupid,hate,sick,bad,illegal,crazy,scary,shit,uncomfortable,unfortunately,worst,terrifying
false,what,serious,disturbing,seriously,evil,terrible,wrong,stupid,hate,sick,bad,illegal,crazy,scary,shit,uncomfortable,unfortunately,worst,terrifying
false,what,serious,disturbing,seriously,evil,terrible,wrong,stupid,hate,sick,bad,illegal,crazy,scary,shit,uncomfortable,unfortunately,worst,terrifying
false,what,serious,disturbing,seriously,evil,terrible,wrong,stupid,hate,sick,bad,illegal,crazy,scary,shit,uncomfortable,unfortunately,worst,terrifying
false,what,serious,disturbing,seriously,evil,terrible,wrong,stupid,hate,sick,bad,illegal,crazy,scary,shit,uncomfortable,unfortunately,worst,terrifying
false,what,serious,disturbing,seriously,evil,terrible,wrong,stupid,hate,sick,bad,illegal,crazy,scary,shit,uncomfortable,unfortunately,worst,terrifying
false,what,serious,disturbing,seriously,evil,terrible,wrong,stupid,hate,sick,bad,illegal,crazy,scary,shit,uncomfortable,unfortunately,worst,terrifying
false,what,serious,disturbing,seriously,evil,terrible,wrong,stupid,hate,sick,bad,illegal,crazy,scary,shit,uncomfortable,unfortunately,worst,terrifying
false,what,serious,disturbing,seriously,evil,terrible,wrong,stupid,hate,sick,bad,illegal,crazy,scary,shit,uncomfortable,unfortunately,worst,terrifying
false,what,serious,disturbing,seriously,evil,terrible,wrong,stupid,hate,sick,bad,illegal,crazy,scary,shit,uncomfortable,unfortunately,worst,terrifying
false,what,serious,disturbing,seriously,evil,terrible,wrong,stupid,hate,sick,bad,illegal,crazy,scary,shit,uncomfortable,unfortunately,worst,terrifying
false,what,serious,disturbing,seriously,evil,terrible,wrong,stupid,hate,sick,bad,illegal,crazy,scary,shit,uncomfortable,unfortunately,worst,terrifying
false,what,serious,disturbing,seriously,evil,terrible,wrong,stupid,hate,sick,bad,illegal,crazy,scary,shit,uncomfortable,unfortunately,worst,terrifying
false,what,serious,disturbing,seriously,evil,terrible,wrong,stupid,hate,sick,bad,illegal,crazy,scary,shit,uncomfortable,unfortunately,worst,terrifying
false,what,serious,disturbing,seriously,evil,terrible,wrong,stupid,hate,sick,bad,illegal,crazy,scary,shit,uncomfortable,unfortunately,worst,terrifying
false,what,serious,disturbing,seriously,evil,terrible,wrong,stupid,hate,sick,bad,illegal,crazy,scary,shit,uncomfortable,unfortunately,worst,terrifying
false,what,serious,disturbing,seriously,evil,terrible,wrong,stupid,hate,sick,bad,illegal,crazy,scary,shit,uncomfortable,unfortunately,worst,terrifying
false,what,serious,disturbing,seriously,evil,terrible,wrong,stupid,hate,sick,bad,illegal,crazy,scary,shit,uncomfortable,unfortunately,worst,terrifying
false,what,serious,disturbing,seriously,evil,terrible,wrong,stupid,hate,sick,bad,illegal,crazy,scary,shit,uncomfortable,unfortunately,worst,terrifying
false,what,serious,disturbing,seriously,evil,terrible,wrong,stupid,hate,sick,bad,illegal,crazy,scary,shit,uncomfortable,unfortunately,worst,terrifying
false,what,serious,disturbing,seriously,evil,terrible,wrong,stupid,hate,sick,bad,illegal,crazy,scary,shit,uncomfortable,unfortunately,worst,terrifying
false,what,serious,disturbing,seriously,evil,terrible,wrong,stupid,hate,sick,bad,illegal,crazy,scary,shit,uncomfortable,unfortunately,worst,terrifying
false,what,serious,disturbing,seriously,evil,terrible,wrong,stupid,hate,sick,bad,illegal,crazy,scary,shit,uncomfortable,unfortunately,worst,terrifying
false,what,serious,disturbing,seriously,evil,terrible,wrong,stupid,hate,sick,bad,illegal,crazy,scary,shit,uncomfortable,unfortunately,worst,terrifying
false,what,serious,disturbing,seriously,evil,terrible,wrong,stupid,hate,sick,bad,illegal,crazy,scary,shit,uncomfortable,unfortunately,worst,terrifying
false,what,serious,disturbing,seriously,evil,terrible,wrong,stupid,hate,sick,bad,illegal,crazy,scary,shit,uncomfortable,unfortunately,worst,terrifying
false,what,serious,disturbing,seriously,evil,terrible,wrong,stupid,hate,sick,bad,illegal,crazy,scary,shit,uncomfortable,unfortunately,worst,terrifying
false,what,serious,disturbing,seriously,evil,terrible,wrong,stupid,hate,sick,bad,illegal,crazy,scary,shit,uncomfortable,unfortunately,worst,terrifying
false,what,serious,disturbing,seriously,evil,terrible,wrong,stupid,hate,sick,bad,illegal,crazy,scary,shit,uncomfortable,unfortunately,worst,terrifying
false,what,serious,disturbing,seriously,evil,terrible,wrong,stupid,hate,sick,bad,illegal,crazy,scary,shit,uncomfortable,unfortunately,worst,terrifying
false,what,serious,disturbing,seriously,evil,terrible,wrong,stupid,hate,sick,bad,illegal,crazy,scary,shit,uncomfortable,unfortunately,worst,terrifying
false,what,serious,disturbing,seriously,evil,terrible,wrong,stupid,hate,sick,bad,illegal,crazy,scary,shit,uncomfortable,unfortunately,worst,terrifying
false,what,serious,disturbing,seriously,evil,terrible,wrong,stupid,hate,sick,bad,illegal,crazy,scary,shit,uncomfortable,unfortunately,worst,terrifying
false,what,serious,disturbing,seriously,evil,terrible,wrong,stupid,hate,sick,bad,illegal,crazy,scary,shit,uncomfortable,unfortunately,worst,terrifying
false,what,serious,disturbing,seriously,evil,terrible,wrong,stupid,hate,sick,bad,illegal,crazy,scary,shit,uncomfortable,unfortunately,worst,terrifying
false,what,serious,disturbing,seriously,evil,terrible,wrong,stupid,hate,sick,bad,illegal,crazy,scary,shit,uncomfortable,unfortunately,worst,terrifying
false,what,serious,disturbing,seriously,evil,terrible,wrong,stupid,hate,sick,bad,illegal,crazy,scary,shit,uncomfortable,unfortunately,worst,terrifying
false,what,serious,disturbing,seriously,evil,terrible,wrong,stupid,hate,sick,bad,illegal,crazy,scary,shit,uncomfortable,unfortunately,worst,terrifying
false,what,serious,disturbing,seriously,evil,terrible,wrong,stupid,hate,sick,bad,illegal,crazy,scary,shit,uncomfortable,unfortunately,worst,terrifying
false,what,serious,disturbing,seriously,evil,terrible,wrong,stupid,hate,sick,bad,illegal,crazy,scary,shit,uncomfortable,unfortunately,worst,terrifying
false,what,serious,disturbing,seriously,evil,terrible,wrong,stupid,hate,sick,bad,illegal,crazy,scary,shit,uncomfortable,unfortunately,worst,terrifying
false,what,serious,disturbing,seriously,evil,terrible,wrong,stupid,hate,sick,bad,illegal,crazy,scary,shit,uncomfortable,unfortunately,worst,terrifying
false,what,serious,disturbing,seriously,evil,terrible,wrong,stupid,hate,sick,bad,illegal,crazy,scary,shit,uncomfortable,unfortunately,worst,terrifying
false,what,serious,disturbing,seriously,evil,terrible,wrong,stupid,hate,sick,bad,illegal,crazy,scary,shit,uncomfortable,unfortunately,worst,terrifying
false,what,serious,disturbing,seriously,evil,terrible,wrong,stupid,hate,sick,bad,illegal,crazy,scary,shit,uncomfortable,unfortunately,worst,terrifying
false,what,serious,disturbing,seriously,evil,terrible,wrong,stupid,hate,sick,bad,illegal,crazy,scary,shit,uncomfortable,unfortunately,worst,terrifying
false,what,serious,disturbing,seriously,evil,terrible,wrong,stupid,hate,sick,bad,illegal,crazy,scary,shit,uncomfortable,unfortunately,worst,terrifying
false,what,serious,disturbing,seriously,evil,terrible,wrong,stupid,hate,sick,bad,illegal,crazy,scary,shit,uncomfortable,unfortunately,worst,terrifying
false,what,serious,disturbing,seriously,evil,terrible,wrong,stupid,hate,sick,bad,illegal,crazy,scary,shit,uncomfortable,unfortunately,worst,terrifying
false,what,serious,disturbing,seriously,evil,terrible,wrong,stupid,hate,sick,bad,illegal,crazy,scary,shit,uncomfortable,unfortunately,worst,terrifying
false,what,serious,disturbing,seriously,evil,terrible,wrong,stupid,hate,sick,bad,illegal,crazy,scary,shit,uncomfortable,unfortunately,worst,terrifying
false,what,serious,disturbing,seriously,evil,terrible,wrong,stupid,hate,sick,bad,illegal,crazy,scary,shit,uncomfortable,unfortunately,worst,terrifying
false,what,serious,disturbing,seriously,evil,terrible,wrong,stupid,hate,sick,bad,illegal,crazy,scary,shit,uncomfortable,unfortunately,worst,terrifying
false,what,serious,disturbing,seriously,evil,terrible,wrong,stupid,hate,sick,bad,illegal,crazy,scary,shit,uncomfortable,unfortunately,worst,terrifying
false,what,serious,disturbing,seriously,evil,terrible,wrong,stupid,hate,sick,bad,illegal,crazy,scary,shit,uncomfortable,unfortunately,worst,terrifying
false,what,serious,disturbing,seriously,evil,terrible,wrong,stupid,hate,sick,bad,illegal,crazy,scary,shit,uncomfortable,unfortunately,worst,terrifying
false,what,serious,disturbing,seriously,evil,terrible,wrong,stupid,hate,sick,bad,illegal,crazy,scary,shit,uncomfortable,unfortunately,worst,terrifying
false,what,serious,disturbing,seriously,evil,terrible,wrong,stupid,hate,sick,bad,illegal,crazy,scary,shit,uncomfortable,unfortunately,worst,terrifying
false,what,serious,disturbing,seriously,evil,terrible,wrong,stupid,hate,sick,bad,illegal,crazy,scary,shit,uncomfortable,unfortunately,worst,terrifying
false,what,serious,disturbing,seriously,evil,terrible,wrong,stupid,hate,sick,bad,illegal,crazy,scary,shit,uncomfortable,unfortunately,worst,terrifying
false,what,serious,disturbing,seriously,evil,terrible,wrong,stupid,hate,sick,bad,illegal,crazy,scary,shit,uncomfortable,unfortunately,worst,terrifying
false,what,serious,disturbing,seriously,evil,terrible,wrong,stupid,hate,sick,bad,illegal,crazy,scary,shit,uncomfortable,unfortunately,worst,terrifying
false,what,serious,disturbing,seriously,evil,terrible,wrong,stupid,hate,sick,bad,illegal,crazy,scary,shit,uncomfortable,unfortunately,worst,terrifying
false,what,serious,disturbing,seriously,evil,terrible,wrong,stupid,hate,sick,bad,illegal,crazy,scary,shit,uncomfortable,unfortunately,worst,terrifying
false,what,serious,disturbing,seriously,evil,terrible,wrong,stupid,hate,sick,bad,illegal,crazy,scary,shit,uncomfortable,unfortunately,worst,terrifying
false,what,serious,disturbing,seriously,evil,terrible,wrong,stupid,hate,sick,bad,illegal,crazy,scary,shit,uncomfortable,unfortunately,worst,terrifying
false,what,serious,disturbing,seriously,evil,terrible,wrong,stupid,hate,sick,bad,illegal,crazy,scary,shit,uncomfortable,unfortunately,worst,terrifying
false,what,serious,disturbing,seriously,evil,terrible,wrong,stupid,hate,sick,bad,illegal,crazy,scary,shit,uncomfortable,unfortunately,worst,terrifying
false,what,serious,disturbing,seriously,evil,terrible,wrong,stupid,hate,sick,bad,illegal,crazy,scary,shit,uncomfortable,unfortunately,worst,terrifying
false,what,serious,disturbing,seriously,evil,terrible,wrong,stupid,hate,sick,bad,illegal,crazy,scary,shit,uncomfortable,unfortunately,worst,terrifying
false,what,serious,disturbing,seriously,evil,terrible,wrong,stupid,hate,sick,bad,illegal,crazy,scary,shit,uncomfortable,unfortunately,worst,terrifying
false,what,serious,disturbing,seriously,evil,terrible,wrong,stupid,hate,sick,bad,illegal,crazy,scary,shit,uncomfortable,unfortunately,worst,terrifying
false,what,serious,disturbing,seriously,evil,terrible,wrong,stupid,hate,sick,bad,illegal,crazy,scary,shit,uncomfortable,unfortunately,worst,terrifying
false,what,serious,disturbing,seriously,evil,terrible,wrong,stupid,hate,sick,bad,illegal,crazy,scary,shit,uncomfortable,unfortunately,worst,terrifying
false,what,serious,disturbing,seriously,evil,terrible,wrong,stupid,hate,sick,bad,illegal,crazy,scary,shit,uncomfortable,unfortunately,worst,terrifying
false,what,serious,disturbing,seriously,evil,terrible,wrong,stupid,hate,sick,bad,illegal,crazy,scary,shit,uncomfortable,unfortunately,worst,terrifying
false,what,serious,disturbing,seriously,evil,terrible,wrong,stupid,hate,sick,bad,illegal,crazy,scary,shit,uncomfortable,unfortunately,worst,terrifying
false,what,serious,disturbing,seriously,evil,terrible,wrong,stupid,hate,sick,bad,illegal,crazy,scary,shit,uncomfortable,unfortunately,worst,terrifying
false,what,serious,disturbing,seriously,evil,terrible,wrong,stupid,hate,sick,bad,illegal,crazy,scary,shit,uncomfortable,unfortunately,worst,terrifying
false,what,serious,disturbing,seriously,evil,terrible,wrong,stupid,hate,sick,bad,illegal,crazy,scary,shit,uncomfortable,unfortunately,worst,terrifying
false,what,serious,disturbing,seriously,evil,terrible,wrong,stupid,hate,sick,bad,illegal,crazy,scary,shit,uncomfortable,unfortunately,worst,terrifying
false,what,serious,disturbing,seriously,evil,terrible,wrong,stupid,hate,sick,bad,illegal,crazy,scary,shit,uncomfortable,unfortunately,worst,terrifying
false,what,serious,disturbing,seriously,evil,terrible,wrong,stupid,hate,sick,bad,illegal,crazy,scary,shit,uncomfortable,unfortunately,worst,terrifying
false,what,serious,disturbing,seriously,evil,terrible,wrong,stupid,hate,sick,bad,illegal,crazy,scary,shit,uncomfortable,unfortunately,worst,terrifying
false,what,serious,disturbing,seriously,evil,terrible,wrong,stupid,hate,sick,bad,illegal,crazy,scary,shit,uncomfortable,unfortunately,worst,terrifying
false,what,serious,disturbing,seriously,evil,terrible,wrong,stupid,hate,sick,bad,illegal,crazy,scary,shit,uncomfortable,unfortunately,worst,terrifying
false,what,serious,disturbing,seriously,evil,terrible,wrong,stupid,hate,sick,bad,illegal,crazy,scary,shit,uncomfortable,unfortunately,worst,terrifying
false,what,serious,disturbing,seriously,evil,terrible,wrong,stupid,hate,sick,bad,illegal,crazy,scary,shit,uncomfortable,unfortunately,worst,terrifying
false,what,serious,disturbing,seriously,evil,terrible,wrong,stupid,hate,sick,bad,illegal,crazy,scary,shit,uncomfortable,unfortunately,worst,terrifying
false,what,serious,disturbing,seriously,evil,terrible,wrong,stupid,hate,sick,bad,illegal,crazy,scary,shit,uncomfortable,unfortunately,worst,terrifying
false,what,serious,disturbing,seriously,evil,terrible,wrong,stupid,hate,sick,bad,illegal,crazy,scary,shit,uncomfortable,unfortunately,worst,terrifying
false,what,serious,disturbing,seriously,evil,terrible,wrong,stupid,hate,sick,bad,illegal,crazy,scary,shit,uncomfortable,unfortunately,worst,terrifying
false,what,serious,disturbing,seriously,evil,terrible,wrong,stupid,hate,sick,bad,illegal,crazy,scary,shit,uncomfortable,unfortunately,worst,terrifying
false,what,serious,disturbing,seriously,evil,terrible,wrong,stupid,hate,sick,bad,illegal,crazy,scary,shit,uncomfortable,unfortunately,worst,terrifying
false,what,serious,disturbing,seriously,evil,terrible,wrong,stupid,hate,sick,bad,illegal,crazy,scary,shit,uncomfortable,unfortunately,worst,terrifying
false,what,serious,disturbing,seriously,evil,terrible,wrong,stupid,hate,sick,bad,illegal,crazy,scary,shit,uncomfortable,unfortunately,worst,terrifying
false,what,serious,disturbing,seriously,evil,terrible,wrong,stupid,hate,sick,bad,illegal,crazy,scary,shit,uncomfortable,unfortunately,worst,terrifying
false,what,serious,disturbing,seriously,evil,terrible,wrong,stupid,hate,sick,bad,illegal,crazy,scary,shit,uncomfortable,unfortunately,worst,terrifying
false,what,serious,disturbing,seriously,evil,terrible,wrong,stupid,hate,sick,bad,illegal,crazy,scary,shit,uncomfortable,unfortunately,worst,terrifying
false,what,serious,disturbing,seriously,evil,terrible,wrong,stupid,hate,sick,bad,illegal,crazy,scary,shit,uncomfortable,unfortunately,worst,terrifying
false,what,serious,disturbing,seriously,evil,terrible,wrong,stupid,hate,sick,bad,illegal,crazy,scary,shit,uncomfortable,unfortunately,worst,terrifying
false,what,serious,disturbing,seriously,evil,terrible,wrong,stupid,hate,sick,bad,illegal,crazy,scary,shit,uncomfortable,unfortunately,worst,terrifying
false,what,serious,disturbing,seriously,evil,terrible,wrong,stupid,hate,sick,bad,illegal,crazy,scary,shit,uncomfortable,unfortunately,worst,terrifying
false,what,serious,disturbing,seriously,evil,terrible,wrong,stupid,hate,sick,bad,illegal,crazy,scary,shit,uncomfortable,unfortunately,worst,terrifying
false,what,serious,disturbing,seriously,evil,terrible,wrong,stupid,hate,sick,bad,illegal,crazy,scary,shit,uncomfortable,unfortunately,worst,terrifying
false,what,serious,disturbing,seriously,evil,terrible,wrong,stupid,hate,sick,bad,illegal,crazy,scary,shit,uncomfortable,unfortunately,worst,terrifying
false,what,serious,disturbing,seriously,evil,terrible,wrong,stupid,hate,sick,bad,illegal,crazy,scary,shit,uncomfortable,unfortunately,worst,terrifying
false,what,serious,disturbing,seriously,evil,terrible,wrong,stupid,hate,sick,bad,illegal,crazy,scary,shit,uncomfortable,unfortunately,worst,terrifying
false,what,serious,disturbing,seriously,evil,terrible,wrong,stupid,hate,sick,bad,illegal,crazy,scary,shit,uncomfortable,unfortunately,worst,terrifying
false,what,serious,disturbing,seriously,evil,terrible,wrong,stupid,hate,sick,bad,illegal,crazy,scary,shit,uncomfortable,unfortunately,worst,terrifying
false,what,serious,disturbing,seriously,evil,terrible,wrong,stupid,hate,sick,bad,illegal,crazy,scary,shit,uncomfortable,unfortunately,worst,terrifying
false,what,serious,disturbing,seriously,evil,terrible,wrong,stupid,hate,sick,bad,illegal,crazy,scary,shit,uncomfortable,unfortunately,worst,terrifying
false,what,serious,disturbing,seriously,evil,terrible,wrong,stupid,hate,sick,bad,illegal,crazy,scary,shit,uncomfortable,unfortunately,worst,terrifying
false,what,serious,disturbing,seriously,evil,terrible,wrong,stupid,hate,sick,bad,illegal,crazy,scary,shit,uncomfortable,unfortunately,worst,terrifying
false,what,serious,disturbing,seriously,evil,terrible,wrong,stupid,hate,sick,bad,illegal,crazy,scary,shit,uncomfortable,unfortunately,worst,terrifying
false,what,serious,disturbing,seriously,evil,terrible,wrong,stupid,hate,sick,bad,illegal,crazy,scary,shit,uncomfortable,unfortunately,worst,terrifying
false,what,serious,disturbing,seriously,evil,terrible,wrong,stupid,hate,sick,bad,illegal,crazy,scary,shit,uncomfortable,unfortunately,worst,terrifying
false,what,serious,disturbing,seriously,evil,terrible,wrong,stupid,hate,sick,bad,illegal,crazy,scary,shit,uncomfortable,unfortunately,worst,terrifying
false,what,serious,disturbing,seriously,evil,terrible,wrong,stupid,hate,sick,bad,illegal,crazy,scary,shit,uncomfortable,unfortunately,worst,terrifying
false,what,serious,disturbing,seriously,evil,terrible,wrong,stupid,hate,sick,bad,illegal,crazy,scary,shit,uncomfortable,unfortunately,worst,terrifying
false,what,serious,disturbing,seriously,evil,terrible,wrong,stupid,hate,sick,bad,illegal,crazy,scary,shit,uncomfortable,unfortunately,worst,terrifying
false,what,serious,disturbing,seriously,evil,terrible,wrong,stupid,hate,sick,bad,illegal,crazy,scary,shit,uncomfortable,unfortunately,worst,terrifying
false,what,serious,disturbing,seriously,evil,terrible,wrong,stupid,hate,sick,bad,illegal,crazy,scary,shit,uncomfortable,unfortunately,worst,terrifying
false,what,serious,disturbing,seriously,evil,terrible,wrong,stupid,hate,sick,bad,illegal,crazy,scary,shit,uncomfortable,unfortunately,worst,terrifying
false,what,serious,disturbing,seriously,evil,terrible,wrong,stupid,hate,sick,bad,dangerous,illegal,crazy,scary,shit,uncomfortable,unfortunately,worst,terrifying
false,what,serious,disturbing,seriously,evil,terrible,wrong,stupid,hate,sick,bad,dangerous,illegal,crazy,scary,shit,uncomfortable,unfortunately,worst,terrifying
false,what,serious,disturbing,seriously,evil,terrible,wrong,stupid,hate,sick,bad,dangerous,illegal,crazy,scary,shit,uncomfortable,unfortunately,worst,terrifying
false,what,serious,disturbing,seriously,evil,terrible,wrong,stupid,hate,sick,bad,dangerous,illegal,crazy,scary,shit,uncomfortable,unfortunately,worst,terrifying
false,what,serious,disturbing,seriously,evil,terrible,wrong,stupid,hate,sick,bad,dangerous,illegal,crazy,scary,shit,uncomfortable,unfortunately,worst,terrifying
false,what,serious,disturbing,seriously,evil,terrible,wrong,stupid,hate,sick,bad,dangerous,illegal,crazy,scary,shit,uncomfortable,unfortunately,worst,terrifying
false,what,serious,disturbing,seriously,evil,terrible,wrong,stupid,hate,sick,bad,dangerous,illegal,crazy,scary,shit,uncomfortable,unfortunately,worst,terrifying
false,what,serious,disturbing,seriously,evil,terrible,wrong,stupid,hate,sick,bad,dangerous,illegal,crazy,scary,shit,uncomfortable,unfortunately,worst,terrifying
false,what,serious,disturbing,seriously,evil,terrible,wrong,stupid,hate,sick,bad,dangerous,illegal,crazy,scary,shit,uncomfortable,unfortunately,worst,terrifying
false,what,serious,disturbing,seriously,evil,terrible,wrong,stupid,hate,sick,bad,dangerous,illegal,crazy,scary,shit,uncomfortable,unfortunately,worst,terrifying
false,what,serious,disturbing,seriously,evil,terrible,wrong,stupid,hate,sick,bad,dangerous,illegal,crazy,scary,shit,uncomfortable,unfortunately,worst,terrifying
false,what,serious,disturbing,seriously,evil,terrible,wrong,stupid,hate,sick,bad,dangerous,illegal,crazy,scary,shit,uncomfortable,unfortunately,worst,terrifying
false,what,serious,disturbing,seriously,evil,terrible,wrong,stupid,hate,sick,bad,dangerous,illegal,crazy,scary,shit,uncomfortable,unfortunately,worst,terrifying
false,what,serious,disturbing,seriously,evil,terrible,wrong,stupid,hate,sick,bad,dangerous,illegal,crazy,scary,shit,uncomfortable,unfortunately,worst,terrifying
false,what,serious,disturbing,seriously,evil,terrible,wrong,stupid,hate,sick,bad,dangerous,illegal,crazy,scary,shit,uncomfortable,unfortunately,worst,terrifying
false,what,serious,disturbing,seriously,evil,terrible,wrong,stupid,hate,sick,bad,dangerous,illegal,crazy,scary,shit,uncomfortable,unfortunately,worst,terrifying
false,what,serious,disturbing,seriously,evil,terrible,wrong,stupid,hate,sick,bad,dangerous,illegal,crazy,scary,shit,uncomfortable,unfortunately,worst,terrifying
false,what,serious,disturbing,seriously,evil,terrible,wrong,stupid,hate,sick,bad,dangerous,illegal,crazy,scary,shit,uncomfortable,unfortunately,worst,terrifying
false,what,serious,disturbing,seriously,evil,terrible,wrong,stupid,hate,sick,bad,dangerous,illegal,crazy,scary,shit,uncomfortable,unfortunately,worst,terrifying
false,what,serious,disturbing,seriously,evil,terrible,wrong,stupid,hate,sick,bad,dangerous,illegal,crazy,scary,shit,uncomfortable,unfortunately,worst,terrifying
false,what,serious,disturbing,seriously,evil,terrible,wrong,stupid,hate,sick,bad,dangerous,illegal,crazy,scary,shit,uncomfortable,unfortunately,worst,terrifying
false,what,serious,disturbing,seriously,evil,terrible,wrong,stupid,hate,sick,bad,dangerous,illegal,crazy,scary,shit,uncomfortable,unfortunately,worst,terrifying
false,what,serious,disturbing,seriously,evil,terrible,wrong,stupid,hate,sick,bad,dangerous,illegal,crazy,scary,shit,uncomfortable,unfortunately,worst,terrifying
false,what,serious,disturbing,seriously,evil,terrible,wrong,stupid,hate,sick,bad,dangerous,illegal,crazy,scary,shit,uncomfortable,unfortunately,worst,terrifying
false,what,serious,disturbing,seriously,evil,terrible,wrong,stupid,hate,sick,bad,dangerous,illegal,crazy,scary,shit,uncomfortable,unfortunately,worst,terrifying
false,what,serious,disturbing,seriously,evil,terrible,wrong,stupid,hate,sick,bad,dangerous,illegal,crazy,scary,shit,uncomfortable,unfortunately,worst,terrifying
false,what,serious,disturbing,seriously,evil,terrible,wrong,stupid,hate,sick,bad,dangerous,illegal,crazy,scary,shit,uncomfortable,unfortunately,worst,terrifying
false,what,serious,disturbing,seriously,evil,terrible,wrong,stupid,hate,sick,bad,dangerous,illegal,crazy,scary,shit,uncomfortable,unfortunately,worst,terrifying
false,what,serious,disturbing,seriously,evil,terrible,wrong,stupid,hate,sick,bad,dangerous,illegal,crazy,scary,shit,uncomfortable,unfortunately,worst,terrifying
false,what,serious,disturbing,seriously,evil,terrible,wrong,stupid,hate,sick,bad,dangerous,illegal,crazy,scary,shit,uncomfortable,unfortunately,worst,terrifying
false,what,serious,disturbing,seriously,evil,terrible,wrong,stupid,hate,sick,bad,dangerous,illegal,crazy,scary,shit,uncomfortable,unfortunately,worst,terrifying
false,what,serious,disturbing,seriously,evil,terrible,wrong,stupid,hate,sick,bad,negative,dangerous,illegal,crazy,scary,shit,uncomfortable,unfortunately,worst,terrifying
false,what,serious,disturbing,seriously,evil,terrible,wrong,stupid,hate,sick,bad,negative,dangerous,illegal,crazy,scary,shit,uncomfortable,unfortunately,worst,terrifying
false,what,serious,disturbing,seriously,evil,terrible,wrong,stupid,hate,sick,bad,negative,dangerous,illegal,crazy,scary,shit,uncomfortable,rounded,unfortunately,worst,terrifying
false,what,serious,disturbing,seriously,evil,terrible,wrong,stupid,hate,sick,bad,negative,dangerous,illegal,crazy,scary,shit,uncomfortable,rounded,unfortunately,worst,terrifying
false,what,serious,disturbing,seriously,evil,terrible,wrong,stupid,hate,sick,bad,negative,dangerous,illegal,crazy,scary,shit,uncomfortable,rounded,unfortunately,worst,terrifying
false,what,serious,disturbing,seriously,evil,terrible,wrong,stupid,hate,sick,bad,negative,dangerous,illegal,crazy,scary,shit,uncomfortable,rounded,unfortunately,worst,terrifying
false,what,serious,disturbing,seriously,evil,terrible,wrong,stupid,hate,sick,bad,negative,dangerous,illegal,crazy,scary,shit,uncomfortable,rounded,unfortunately,worst,terrifying
false,what,serious,disturbing,seriously,evil,terrible,wrong,stupid,hate,sick,bad,negative,dangerous,illegal,crazy,scary,shit,uncomfortable,rounded,unfortunately,worst,terrifying
false,what,serious,disturbing,seriously,evil,terrible,wrong,stupid,hate,sick,bad,negative,dangerous,illegal,crazy,scary,shit,uncomfortable,rounded,unfortunately,worst,terrifying
false,what,serious,disturbing,seriously,evil,terrible,wrong,stupid,hate,sick,bad,negative,dangerous,illegal,crazy,scary,shit,uncomfortable,rounded,unfortunately,worst,terrifying
false,what,serious,disturbing,seriously,evil,terrible,wrong,stupid,hate,sick,bad,negative,dangerous,illegal,crazy,scary,shit,uncomfortable,rounded,unfortunately,worst,terrifying
false,what,serious,disturbing,seriously,evil,terrible,wrong,stupid,hate,sick,bad,negative,dangerous,illegal,crazy,scary,shit,uncomfortable,rounded,unfortunately,worst,terrifying
false,what,serious,disturbing,seriously,evil,terrible,wrong,stupid,hate,sick,bad,negative,dangerous,illegal,crazy,scary,shit,uncomfortable,rounded,unfortunately,worst,terrifying
false,what,serious,disturbing,seriously,evil,terrible,wrong,stupid,hate,sick,bad,negative,dangerous,illegal,crazy,scary,shit,uncomfortable,rounded,unfortunately,worst,terrifying
false,what,serious,disturbing,seriously,evil,terrible,wrong,stupid,hate,sick,bad,negative,dangerous,illegal,crazy,scary,shit,uncomfortable,rounded,unfortunately,worst,terrifying
false,what,serious,disturbing,seriously,evil,terrible,wrong,stupid,hate,sick,bad,negative,dangerous,illegal,crazy,scary,shit,uncomfortable,rounded,unfortunately,worst,terrifying
false,what,serious,disturbing,seriously,evil,terrible,wrong,stupid,hate,sick,bad,negative,dangerous,illegal,crazy,scary,shit,uncomfortable,rounded,unfortunately,worst,terrifying
false,what,serious,disturbing,seriously,evil,terrible,wrong,stupid,hate,sick,bad,negative,dangerous,illegal,crazy,scary,shit,uncomfortable,rounded,unfortunately,worst,terrifying
false,what,serious,disturbing,seriously,evil,terrible,wrong,stupid,hate,sick,bad,negative,dangerous,illegal,crazy,scary,shit,uncomfortable,rounded,unfortunately,worst,terrifying
false,what,serious,disturbing,seriously,evil,terrible,wrong,stupid,hate,sick,bad,negative,dangerous,illegal,crazy,scary,shit,uncomfortable,rounded,unfortunately,worst,terrifying
false,what,serious,disturbing,seriously,evil,terrible,wrong,stupid,hate,sick,bad,negative,dangerous,illegal,crazy,scary,shit,uncomfortable,rounded,unfortunately,worst,terrifying
false,what,serious,disturbing,seriously,evil,terrible,wrong,stupid,hate,sick,bad,negative,dangerous,illegal,crazy,scary,shit,uncomfortable,rounded,unfortunately,worst,terrifying
false,what,serious,disturbing,seriously,evil,terrible,wrong,stupid,hate,sick,bad,negative,dangerous,illegal,crazy,scary,shit,uncomfortable,rounded,unfortunately,worst,terrifying
false,what,serious,disturbing,seriously,evil,terrible,wrong,stupid,hate,sick,bad,negative,dangerous,illegal,crazy,scary,shit,uncomfortable,rounded,unfortunately,worst,terrifying
false,what,serious,disturbing,seriously,evil,terrible,wrong,stupid,hate,sick,bad,negative,dangerous,illegal,crazy,scary,shit,uncomfortable,rounded,unfortunately,worst,terrifying
false,what,serious,disturbing,seriously,evil,terrible,wrong,stupid,hate,sick,bad,negative,dangerous,illegal,crazy,scary,shit,uncomfortable,rounded,unfortunately,worst,terrifying
false,what,serious,disturbing,seriously,evil,terrible,wrong,stupid,hate,sick,bad,negative,dangerous,illegal,crazy,scary,shit,uncomfortable,rounded,unfortunately,worst,terrifying
false,what,serious,disturbing,seriously,evil,terrible,wrong,stupid,hate,sick,bad,negative,dangerous,illegal,crazy,scary,shit,uncomfortable,rounded,unfortunately,worst,terrifying
false,what,serious,disturbing,seriously,evil,terrible,wrong,stupid,hate,sick,bad,negative,dangerous,illegal,crazy,scary,shit,uncomfortable,rounded,unfortunately,worst,terrifying
false,what,serious,disturbing,seriously,evil,terrible,wrong,stupid,hate,sick,bad,negative,dangerous,illegal,crazy,scary,shit,uncomfortable,rounded,unfortunately,worst,terrifying
false,what,serious,disturbing,seriously,evil,terrible,wrong,stupid,hate,sick,bad,negative,dangerous,illegal,crazy,scary,shit,uncomfortable,rounded,unfortunately,worst,terrifying
false,what,serious,disturbing,seriously,evil,terrible,wrong,stupid,hate,sick,bad,negative,dangerous,illegal,crazy,scary,shit,uncomfortable,rounded,unfortunately,worst,terrifying
false,what,serious,disturbing,seriously,evil,terrible,wrong,stupid,hate,sick,bad,negative,dangerous,illegal,crazy,scary,shit,uncomfortable,rounded,unfortunately,worst,terrifying
false,what,serious,disturbing,seriously,evil,terrible,wrong,stupid,hate,sick,bad,negative,dangerous,illegal,crazy,scary,shit,uncomfortable,rounded,unfortunately,worst,terrifying
false,what,serious,disturbing,seriously,evil,terrible,wrong,stupid,hate,sick,bad,negative,dangerous,illegal,crazy,scary,shit,uncomfortable,rounded,unfortunately,worst,terrifying
false,what,serious,disturbing,seriously,evil,terrible,wrong,stupid,hate,sick,bad,negative,dangerous,illegal,crazy,scary,shit,uncomfortable,rounded,unfortunately,worst,terrifying
false,what,serious,disturbing,seriously,evil,terrible,wrong,stupid,hate,sick,bad,negative,dangerous,illegal,crazy,scary,shit,uncomfortable,rounded,unfortunately,worst,terrifying
false,what,serious,disturbing,seriously,evil,terrible,wrong,stupid,hate,sick,bad,negative,dangerous,illegal,crazy,scary,shit,uncomfortable,rounded,unfortunately,worst,terrifying
false,what,serious,disturbing,seriously,evil,terrible,wrong,stupid,hate,sick,bad,negative,dangerous,illegal,crazy,scary,shit,uncomfortable,rounded,unfortunately,worst,terrifying
false,what,serious,disturbing,seriously,evil,terrible,wrong,stupid,hate,sick,bad,negative,dangerous,illegal,crazy,scary,shit,uncomfortable,rounded,unfortunately,worst,terrifying
false,what,serious,disturbing,seriously,evil,terrible,wrong,stupid,hate,sick,bad,negative,dangerous,illegal,crazy,scary,shit,uncomfortable,rounded,unfortunately,worst,terrifying
false,what,serious,disturbing,seriously,evil,terrible,wrong,stupid,hate,sick,bad,negative,dangerous,illegal,crazy,scary,shit,uncomfortable,rounded,unfortunately,worst,terrifying
false,what,serious,disturbing,seriously,evil,terrible,wrong,stupid,hate,sick,bad,negative,dangerous,illegal,crazy,scary,shit,uncomfortable,rounded,unfortunately,worst,terrifying
false,what,serious,disturbing,seriously,evil,terrible,wrong,stupid,hate,sick,bad,negative,dangerous,illegal,crazy,scary,shit,uncomfortable,rounded,unfortunately,worst,terrifying
false,what,serious,disturbing,seriously,evil,terrible,wrong,stupid,hate,sick,bad,negative,dangerous,illegal,crazy,scary,shit,uncomfortable,rounded,unfortunately,worst,terrifying
false,what,serious,disturbing,seriously,evil,terrible,wrong,stupid,hate,sick,bad,negative,dangerous,illegal,crazy,scary,shit,uncomfortable,rounded,unfortunately,worst,terrifying
false,what,serious,disturbing,seriously,evil,terrible,wrong,stupid,hate,sick,bad,negative,dangerous,illegal,crazy,scary,shit,uncomfortable,rounded,unfortunately,worst,terrifying
false,what,serious,disturbing,seriously,evil,terrible,wrong,stupid,hate,sick,bad,negative,dangerous,illegal,crazy,scary,shit,uncomfortable,rounded,unfortunately,worst,terrifying
false,what,serious,disturbing,seriously,evil,terrible,wrong,stupid,hate,sick,bad,negative,dangerous,illegal,crazy,scary,shit,uncomfortable,rounded,unfortunately,worst,terrifying
false,what,serious,disturbing,seriously,evil,terrible,wrong,stupid,hate,sick,bad,negative,dangerous,illegal,crazy,scary,shit,uncomfortable,rounded,unfortunately,worst,terrifying
false,what,serious,disturbing,seriously,evil,terrible,wrong,stupid,hate,sick,bad,negative,dangerous,illegal,crazy,scary,shit,uncomfortable,rounded,unfortunately,worst,terrifying
false,what,serious,disturbing,seriously,evil,terrible,wrong,stupid,hate,sick,bad,negative,dangerous,illegal,crazy,scary,shit,uncomfortable,rounded,unfortunately,worst,terrifying
false,what,serious,disturbing,seriously,evil,terrible,wrong,stupid,hate,sick,bad,negative,dangerous,illegal,crazy,scary,shit,uncomfortable,rounded,unfortunately,worst,terrifying
false,what,serious,disturbing,seriously,evil,terrible,wrong,stupid,hate,sick,bad,negative,dangerous,illegal,crazy,scary,shit,uncomfortable,rounded,unfortunately,worst,terrifying
false,what,serious,disturbing,seriously,evil,terrible,wrong,stupid,hate,sick,bad,negative,dangerous,illegal,crazy,scary,shit,uncomfortable,rounded,unfortunately,worst,terrifying
false,what,serious,disturbing,seriously,evil,terrible,wrong,stupid,hate,sick,bad,negative,dangerous,illegal,crazy,scary,shit,uncomfortable,rounded,unfortunately,worst,terrifying
false,what,serious,disturbing,seriously,evil,terrible,wrong,stupid,hate,sick,bad,negative,dangerous,illegal,crazy,scary,shit,uncomfortable,rounded,unfortunately,worst,terrifying
false,what,serious,disturbing,seriously,evil,terrible,wrong,stupid,hate,sick,bad,negative,dangerous,illegal,crazy,scary,shit,uncomfortable,rounded,unfortunately,worst,terrifying
false,what,serious,disturbing,seriously,evil,terrible,wrong,stupid,hate,sick,bad,negative,dangerous,illegal,crazy,scary,shit,uncomfortable,rounded,unfortunately,worst,terrifying
false,what,serious,disturbing,seriously,evil,terrible,wrong,stupid,hate,sick,bad,negative,dangerous,illegal,crazy,scary,shit,uncomfortable,rounded,unfortunately,worst,terrifying
false,what,serious,disturbing,seriously,evil,terrible,wrong,stupid,hate,sick,bad,negative,dangerous,illegal,crazy,scary,shit,uncomfortable,rounded,unfortunately,worst,terrifying
false,what,serious,disturbing,seriously,evil,terrible,wrong,stupid,hate,sick,bad,negative,dangerous,illegal,crazy,scary,shit,uncomfortable,rounded,unfortunately,worst,terrifying
false,what,serious,disturbing,seriously,evil,terrible,wrong,stupid,hate,sick,bad,negative,dangerous,illegal,crazy,scary,shit,uncomfortable,rounded,unfortunately,worst,terrifying
false,what,serious,disturbing,seriously,evil,terrible,wrong,stupid,hate,sick,bad,negative,dangerous,illegal,crazy,scary,shit,uncomfortable,rounded,unfortunately,worst,terrifying
false,what,serious,disturbing,seriously,evil,terrible,wrong,stupid,hate,sick,bad,negative,dangerous,illegal,crazy,scary,shit,uncomfortable,rounded,unfortunately,worst,terrifying
false,what,serious,disturbing,seriously,evil,terrible,wrong,stupid,hate,sick,bad,negative,dangerous,illegal,crazy,scary,shit,uncomfortable,rounded,unfortunately,worst,terrifying
false,what,serious,disturbing,seriously,evil,terrible,wrong,stupid,hate,sick,bad,negative,dangerous,illegal,crazy,scary,shit,uncomfortable,rounded,unfortunately,worst,terrifying
false,what,serious,disturbing,seriously,evil,terrible,wrong,stupid,hate,sick,bad,negative,dangerous,illegal,crazy,scary,shit,uncomfortable,rounded,unfortunately,worst,terrifying
false,what,serious,disturbing,seriously,evil,terrible,wrong,stupid,hate,sick,bad,negative,dangerous,illegal,crazy,scary,shit,uncomfortable,rounded,unfortunately,worst,terrifying
false,what,serious,disturbing,seriously,evil,terrible,wrong,stupid,hate,sick,bad,negative,dangerous,illegal,crazy,scary,shit,uncomfortable,rounded,unfortunately,worst,terrifying
false,what,serious,disturbing,seriously,evil,terrible,wrong,stupid,hate,sick,bad,negative,dangerous,illegal,crazy,scary,shit,uncomfortable,rounded,unfortunately,worst,terrifying
false,what,serious,disturbing,seriously,evil,terrible,wrong,stupid,hate,sick,bad,negative,dangerous,illegal,crazy,scary,shit,uncomfortable,rounded,unfortunately,worst,terrifying
false,what,serious,disturbing,seriously,evil,terrible,wrong,stupid,hate,sick,bad,negative,dangerous,illegal,crazy,scary,shit,uncomfortable,rounded,unfortunately,worst,terrifying
false,what,serious,disturbing,seriously,evil,terrible,wrong,stupid,hate,sick,bad,negative,dangerous,illegal,crazy,scary,shit,uncomfortable,rounded,unfortunately,worst,terrifying
false,what,serious,disturbing,seriously,evil,terrible,wrong,stupid,hate,sick,bad,negative,dangerous,illegal,crazy,scary,shit,uncomfortable,rounded,unfortunately,worst,terrifying
false,what,serious,disturbing,seriously,evil,terrible,wrong,stupid,hate,sick,bad,negative,dangerous,illegal,crazy,scary,shit,uncomfortable,rounded,unfortunately,worst,terrifying
false,what,serious,disturbing,seriously,evil,terrible,wrong,stupid,hate,sick,bad,negative,dangerous,illegal,crazy,scary,shit,uncomfortable,rounded,unfortunately,worst,terrifying
false,what,serious,disturbing,seriously,evil,terrible,wrong,stupid,hate,sick,bad,negative,dangerous,illegal,crazy,scary,shit,uncomfortable,rounded,unfortunately,worst,terrifying
false,what,serious,disturbing,seriously,evil,terrible,wrong,stupid,hate,sick,bad,negative,dangerous,illegal,crazy,scary,shit,uncomfortable,rounded,unfortunately,worst,terrifying
false,what,serious,disturbing,seriously,evil,terrible,wrong,stupid,hate,sick,bad,negative,dangerous,illegal,crazy,scary,shit,uncomfortable,rounded,unfortunately,worst,terrifying
false,what,serious,disturbing,seriously,evil,terrible,wrong,stupid,hate,sick,bad,negative,dangerous,illegal,crazy,scary,shit,uncomfortable,rounded,unfortunately,worst,terrifying
false,what,serious,disturbing,seriously,evil,terrible,wrong,stupid,hate,sick,bad,negative,dangerous,illegal,crazy,scary,shit,uncomfortable,rounded,unfortunately,worst,terrifying
false,what,serious,disturbing,seriously,evil,terrible,wrong,stupid,hate,sick,bad,negative,dangerous,illegal,crazy,scary,shit,uncomfortable,rounded,unfortunately,worst,terrifying
false,what,serious,disturbing,seriously,evil,terrible,wrong,stupid,hate,sick,bad,negative,dangerous,illegal,crazy,scary,shit,uncomfortable,rounded,unfortunately,worst,terrifying
false,what,serious,disturbing,seriously,evil,terrible,wrong,stupid,hate,sick,bad,negative,dangerous,illegal,crazy,scary,shit,uncomfortable,rounded,unfortunately,worst,terrifying
false,what,serious,disturbing,seriously,evil,terrible,wrong,stupid,hate,sick,bad,negative,dangerous,illegal,crazy,scary,shit,uncomfortable,rounded,unfortunately,worst,terrifying
false,what,serious,disturbing,seriously,evil,terrible,wrong,stupid,hate,sick,bad,negative,dangerous,illegal,crazy,scary,shit,uncomfortable,rounded,unfortunately,worst,terrifying
false,what,serious,disturbing,seriously,evil,terrible,wrong,stupid,hate,sick,bad,negative,dangerous,illegal,crazy,scary,shit,uncomfortable,rounded,unfortunately,worst,terrifying
false,what,serious,disturbing,seriously,evil,terrible,wrong,stupid,hate,sick,bad,negative,dangerous,illegal,crazy,scary,shit,uncomfortable,rounded,unfortunately,worst,terrifying
false,what,serious,disturbing,seriously,evil,terrible,wrong,stupid,hate,sick,bad,negative,dangerous,illegal,crazy,scary,shit,uncomfortable,rounded,unfortunately,worst,terrifying
false,what,serious,disturbing,seriously,evil,terrible,wrong,stupid,hate,sick,bad,negative,dangerous,illegal,crazy,scary,shit,uncomfortable,rounded,unfortunately,worst,terrifying
false,what,serious,disturbing,seriously,evil,terrible,wrong,stupid,hate,sick,bad,negative,dangerous,illegal,crazy,scary,shit,uncomfortable,rounded,unfortunately,worst,terrifying
false,what,serious,disturbing,seriously,evil,terrible,wrong,stupid,hate,sick,bad,negative,dangerous,illegal,crazy,scary,shit,uncomfortable,rounded,unfortunately,worst,terrifying
false,what,serious,disturbing,seriously,evil,terrible,wrong,stupid,hate,sick,bad,negative,dangerous,illegal,crazy,scary,shit,uncomfortable,rounded,unfortunately,worst,terrifying
false,what,serious,disturbing,seriously,evil,terrible,wrong,stupid,hate,sick,bad,negative,dangerous,illegal,crazy,scary,shit,uncomfortable,rounded,unfortunately,worst,terrifying
false,what,serious,disturbing,seriously,evil,terrible,wrong,stupid,hate,sick,bad,negative,dangerous,illegal,crazy,scary,shit,uncomfortable,rounded,unfortunately,worst,terrifying
false,what,serious,disturbing,seriously,evil,terrible,wrong,stupid,hate,sick,bad,negative,dangerous,illegal,crazy,scary,shit,uncomfortable,rounded,unfortunately,worst,terrifying
false,what,serious,disturbing,seriously,evil,terrible,wrong,stupid,hate,sick,bad,negative,dangerous,illegal,crazy,scary,shit,uncomfortable,rounded,unfortunately,worst,terrifying
false,what,serious,disturbing,seriously,evil,terrible,wrong,stupid,hate,sick,bad,negative,dangerous,illegal,crazy,scary,shit,uncomfortable,rounded,unfortunately,worst,terrifying
false,what,serious,disturbing,seriously,evil,terrible,wrong,stupid,hate,sick,bad,negative,dangerous,illegal,crazy,scary,shit,uncomfortable,rounded,unfortunately,worst,terrifying
false,what,serious,disturbing,seriously,evil,terrible,wrong,stupid,hate,sick,bad,negative,dangerous,illegal,crazy,scary,shit,uncomfortable,rounded,unfortunately,worst,terrifying
false,what,serious,disturbing,seriously,evil,terrible,wrong,stupid,hate,sick,bad,negative,dangerous,illegal,crazy,scary,shit,uncomfortable,rounded,unfortunately,worst,terrifying
false,what,serious,disturbing,seriously,evil,terrible,wrong,stupid,hate,sick,bad,negative,dangerous,illegal,crazy,scary,shit,uncomfortable,rounded,unfortunately,worst,terrifying
false,what,serious,disturbing,seriously,evil,terrible,wrong,stupid,hate,sick,bad,negative,dangerous,illegal,crazy,scary,shit,uncomfortable,rounded,unfortunately,worst,terrifying
false,what,serious,disturbing,seriously,evil,terrible,wrong,stupid,hate,sick,bad,negative,dangerous,illegal,crazy,scary,shit,uncomfortable,rounded,unfortunately,worst,terrifying
false,what,serious,disturbing,seriously,evil,terrible,wrong,stupid,hate,sick,bad,negative,dangerous,illegal,crazy,scary,shit,uncomfortable,rounded,unfortunately,worst,terrifying
false,what,serious,disturbing,seriously,evil,terrible,wrong,stupid,hate,sick,bad,negative,dangerous,illegal,crazy,scary,shit,uncomfortable,rounded,unfortunately,worst,terrifying
false,what,serious,disturbing,seriously,evil,terrible,wrong,stupid,hate,sick,bad,negative,dangerous,illegal,crazy,scary,shit,uncomfortable,rounded,unfortunately,worst,terrifying
false,what,serious,disturbing,seriously,evil,terrible,wrong,stupid,hate,sick,bad,negative,dangerous,illegal,crazy,scary,shit,uncomfortable,rounded,unfortunately,worst,terrifying
false,what,serious,disturbing,seriously,evil,terrible,wrong,stupid,hate,sick,bad,negative,dangerous,illegal,crazy,scary,shit,uncomfortable,rounded,unfortunately,worst,terrifying
false,what,serious,disturbing,seriously,evil,terrible,wrong,stupid,hate,sick,bad,negative,dangerous,illegal,crazy,scary,shit,uncomfortable,rounded,unfortunately,worst,terrifying
false,what,serious,disturbing,seriously,evil,terrible,wrong,stupid,hate,sick,bad,negative,dangerous,illegal,crazy,scary,shit,uncomfortable,rounded,unfortunately,worst,terrifying
false,what,serious,disturbing,seriously,evil,terrible,wrong,stupid,hate,sick,bad,negative,dangerous,illegal,crazy,scary,shit,uncomfortable,rounded,unfortunately,worst,terrifying
false,what,serious,disturbing,seriously,evil,terrible,wrong,stupid,hate,sick,bad,negative,dangerous,illegal,crazy,scary,shit,uncomfortable,rounded,unfortunately,worst,terrifying
false,what,serious,disturbing,seriously,evil,terrible,wrong,stupid,hate,sick,bad,negative,dangerous,illegal,crazy,scary,shit,uncomfortable,rounded,unfortunately,worst,terrifying
false,what,serious,disturbing,seriously,evil,terrible,wrong,stupid,hate,sick,bad,negative,dangerous,illegal,crazy,scary,shit,uncomfortable,rounded,unfortunately,worst,terrifying
false,what,serious,disturbing,seriously,evil,terrible,wrong,stupid,hate,sick,bad,negative,dangerous,illegal,crazy,scary,shit,uncomfortable,rounded,unfortunately,worst,terrifying
false,what,serious,disturbing,seriously,evil,terrible,wrong,stupid,hate,sick,bad,negative,dangerous,illegal,crazy,scary,shit,uncomfortable,rounded,unfortunately,worst,terrifying
false,what,serious,disturbing,seriously,evil,terrible,wrong,stupid,hate,sick,bad,negative,dangerous,illegal,crazy,scary,shit,uncomfortable,rounded,unfortunately,worst,terrifying
false,what,serious,disturbing,seriously,evil,terrible,wrong,stupid,hate,sick,bad,negative,dangerous,illegal,crazy,scary,shit,uncomfortable,rounded,unfortunately,worst,terrifying
false,what,serious,disturbing,seriously,evil,terrible,wrong,stupid,hate,sick,bad,negative,dangerous,illegal,crazy,scary,shit,uncomfortable,rounded,unfortunately,fucking,worst,terrifying
false,what,serious,disturbing,seriously,evil,terrible,wrong,stupid,hate,sick,bad,negative,dangerous,illegal,crazy,scary,shit,uncomfortable,rounded,unfortunately,fucking,worst,terrifying
false,what,serious,disturbing,seriously,evil,terrible,wrong,stupid,hate,sick,bad,negative,dangerous,illegal,crazy,scary,shit,uncomfortable,rounded,unfortunately,fucking,worst,terrifying
false,what,serious,disturbing,seriously,evil,terrible,wrong,stupid,hate,sick,bad,negative,dangerous,illegal,crazy,scary,shit,uncomfortable,rounded,unfortunately,fucking,worst,terrifying
false,what,serious,disturbing,seriously,evil,terrible,wrong,stupid,hate,sick,bad,negative,dangerous,illegal,crazy,scary,shit,uncomfortable,rounded,unfortunately,fucking,worst,terrifying
false,what,serious,disturbing,seriously,evil,terrible,wrong,stupid,hate,sick,bad,negative,dangerous,illegal,crazy,scary,shit,uncomfortable,rounded,unfortunately,fucking,worst,terrifying
false,what,serious,disturbing,seriously,evil,terrible,wrong,stupid,hate,sick,bad,negative,dangerous,illegal,crazy,scary,shit,uncomfortable,rounded,unfortunately,fucking,worst,terrifying
false,what,serious,disturbing,seriously,evil,terrible,wrong,stupid,hate,sick,bad,negative,dangerous,illegal,crazy,scary,shit,uncomfortable,rounded,unfortunately,fucking,worst,terrifying
false,what,serious,disturbing,seriously,evil,terrible,wrong,stupid,hate,sick,bad,negative,dangerous,illegal,crazy,scary,shit,uncomfortable,rounded,unfortunately,fucking,worst,terrifying
false,what,serious,disturbing,seriously,evil,terrible,wrong,stupid,hate,sick,bad,negative,dangerous,illegal,crazy,scary,shit,uncomfortable,rounded,unfortunately,fucking,creepy,worst,terrifying
false,what,serious,disturbing,seriously,evil,terrible,wrong,stupid,hate,sick,bad,negative,dangerous,illegal,crazy,scary,shit,uncomfortable,rounded,unfortunately,fucking,creepy,worst,terrifying
false,what,serious,disturbing,seriously,evil,terrible,wrong,stupid,hate,sick,bad,negative,dangerous,illegal,crazy,scary,shit,uncomfortable,rounded,unfortunately,fucking,creepy,worst,terrifying
false,what,serious,disturbing,seriously,evil,terrible,wrong,stupid,hate,sick,bad,negative,dangerous,illegal,crazy,scary,shit,uncomfortable,rounded,unfortunately,fucking,creepy,worst,terrifying
false,what,serious,disturbing,seriously,evil,terrible,wrong,stupid,hate,sick,bad,negative,dangerous,illegal,crazy,scary,shit,uncomfortable,rounded,unfortunately,fucking,creepy,worst,terrifying
false,what,serious,disturbing,seriously,evil,terrible,wrong,stupid,hate,sick,bad,negative,dangerous,illegal,crazy,scary,shit,uncomfortable,rounded,unfortunately,fucking,creepy,worst,terrifying
false,what,serious,disturbing,seriously,evil,terrible,wrong,stupid,hate,sick,bad,negative,dangerous,illegal,crazy,scary,shit,uncomfortable,rounded,unfortunately,fucking,creepy,worst,terrifying
false,what,serious,disturbing,seriously,evil,terrible,wrong,stupid,hate,sick,bad,negative,dangerous,illegal,crazy,scary,shit,uncomfortable,rounded,unfortunately,fucking,creepy,worst,terrifying
false,what,serious,disturbing,seriously,evil,terrible,wrong,stupid,hate,sick,bad,negative,dangerous,illegal,crazy,scary,shit,uncomfortable,rounded,unfortunately,fucking,creepy,worst,terrifying
false,what,serious,disturbing,seriously,evil,terrible,wrong,stupid,hate,sick,bad,negative,dangerous,illegal,crazy,scary,shit,uncomfortable,rounded,unfortunately,fucking,creepy,worst,terrifying
false,what,serious,disturbing,seriously,evil,terrible,wrong,stupid,hate,sick,bad,negative,dangerous,illegal,crazy,scary,shit,uncomfortable,rounded,unfortunately,fucking,creepy,worst,terrifying
false,what,serious,disturbing,seriously,evil,terrible,wrong,stupid,hate,sick,bad,negative,dangerous,illegal,crazy,scary,shit,uncomfortable,rounded,unfortunately,fucking,creepy,worst,terrifying
false,what,serious,disturbing,seriously,evil,terrible,wrong,stupid,hate,sick,bad,negative,dangerous,illegal,crazy,scary,shit,uncomfortable,rounded,unfortunately,fucking,creepy,worst,terrifying
false,what,serious,disturbing,seriously,evil,terrible,wrong,stupid,hate,sick,bad,negative,dangerous,illegal,crazy,scary,shit,uncomfortable,rounded,unfortunately,fucking,creepy,worst,terrifying
false,what,serious,disturbing,seriously,evil,terrible,wrong,stupid,hate,sick,bad,negative,dangerous,illegal,crazy,scary,shit,uncomfortable,rounded,unfortunately,fucking,creepy,worst,terrifying
false,what,serious,disturbing,seriously,evil,terrible,wrong,stupid,hate,sick,bad,negative,dangerous,illegal,crazy,scary,shit,uncomfortable,rounded,unfortunately,fucking,creepy,worst,terrifying
false,what,serious,disturbing,seriously,evil,terrible,wrong,stupid,hate,sick,bad,negative,dangerous,illegal,crazy,scary,shit,uncomfortable,rounded,unfortunately,fucking,creepy,worst,terrifying
false,what,serious,disturbing,seriously,evil,terrible,wrong,stupid,hate,sick,bad,negative,dangerous,illegal,crazy,scary,shit,uncomfortable,rounded,unfortunately,fucking,creepy,worst,terrifying
false,what,serious,disturbing,seriously,evil,terrible,wrong,stupid,hate,sick,bad,negative,dangerous,illegal,crazy,scary,shit,uncomfortable,rounded,unfortunately,fucking,creepy,worst,terrifying
false,what,serious,disturbing,seriously,evil,terrible,wrong,stupid,hate,sick,bad,negative,dangerous,illegal,crazy,scary,shit,uncomfortable,rounded,unfortunately,fucking,creepy,worst,terrifying
false,what,serious,disturbing,seriously,evil,terrible,wrong,stupid,hate,sick,bad,negative,dangerous,illegal,crazy,scary,shit,uncomfortable,rounded,unfortunately,fucking,creepy,worst,terrifying
false,what,serious,disturbing,seriously,evil,terrible,wrong,stupid,hate,sick,bad,negative,dangerous,illegal,crazy,scary,shit,uncomfortable,rounded,unfortunately,fucking,creepy,worst,terrifying
false,what,serious,disturbing,seriously,evil,terrible,wrong,stupid,hate,sick,bad,negative,dangerous,illegal,crazy,scary,shit,uncomfortable,rounded,unfortunately,fucking,creepy,worst,terrifying
false,what,serious,disturbing,seriously,evil,terrible,wrong,stupid,hate,sick,bad,negative,dangerous,illegal,crazy,scary,shit,uncomfortable,rounded,unfortunately,fucking,creepy,worst,terrifying
false,what,serious,disturbing,seriously,evil,terrible,wrong,stupid,hate,sick,bad,negative,dangerous,illegal,crazy,scary,shit,uncomfortable,rounded,unfortunately,fucking,creepy,worst,terrifying
false,what,serious,disturbing,seriously,evil,terrible,wrong,stupid,hate,sick,bad,negative,dangerous,illegal,crazy,scary,shit,uncomfortable,rounded,unfortunately,fucking,creepy,worst,terrifying
false,what,serious,disturbing,seriously,evil,terrible,wrong,stupid,hate,sick,bad,negative,dangerous,illegal,crazy,scary,shit,uncomfortable,rounded,unfortunately,fucking,creepy,worst,terrifying
false,what,serious,disturbing,seriously,evil,terrible,wrong,stupid,hate,sick,bad,negative,dangerous,illegal,crazy,scary,shit,uncomfortable,rounded,unfortunately,fucking,creepy,worst,terrifying
false,what,serious,disturbing,seriously,evil,terrible,wrong,stupid,hate,sick,bad,negative,dangerous,illegal,crazy,scary,shit,uncomfortable,rounded,unfortunately,fucking,creepy,worst,terrifying
false,what,serious,disturbing,seriously,evil,terrible,wrong,stupid,hate,sick,bad,negative,dangerous,illegal,crazy,scary,shit,uncomfortable,rounded,unfortunately,fucking,creepy,worst,terrifying
false,what,serious,disturbing,seriously,evil,terrible,wrong,stupid,hate,sick,bad,negative,dangerous,illegal,crazy,scary,shit,uncomfortable,rounded,unfortunately,fucking,creepy,worst,terrifying
false,what,serious,disturbing,seriously,evil,terrible,wrong,stupid,hate,sick,bad,negative,dangerous,illegal,crazy,scary,shit,uncomfortable,rounded,unfortunately,fucking,creepy,worst,terrifying
false,what,serious,disturbing,seriously,evil,terrible,wrong,stupid,hate,sick,bad,negative,dangerous,illegal,crazy,scary,shit,uncomfortable,rounded,unfortunately,fucking,creepy,worst,terrifying
false,what,serious,disturbing,seriously,evil,terrible,wrong,stupid,hate,sick,bad,negative,dangerous,illegal,crazy,scary,shit,uncomfortable,rounded,unfortunately,fucking,creepy,worst,terrifying
false,what,serious,disturbing,seriously,evil,terrible,wrong,stupid,hate,sick,bad,negative,dangerous,illegal,crazy,scary,shit,uncomfortable,rounded,unfortunately,fucking,creepy,worst,terrifying
false,what,serious,disturbing,seriously,evil,terrible,wrong,stupid,hate,sick,bad,negative,dangerous,illegal,crazy,scary,shit,uncomfortable,rounded,unfortunately,fucking,creepy,worst,terrifying
false,what,serious,disturbing,seriously,evil,terrible,wrong,stupid,hate,sick,bad,negative,dangerous,illegal,crazy,scary,shit,uncomfortable,rounded,unfortunately,fucking,creepy,worst,terrifying
false,what,serious,disturbing,seriously,evil,terrible,wrong,stupid,hate,sick,bad,negative,dangerous,illegal,crazy,scary,shit,uncomfortable,rounded,unfortunately,fucking,creepy,worst,terrifying
false,what,serious,disturbing,seriously,evil,terrible,wrong,stupid,hate,sick,bad,negative,dangerous,illegal,crazy,scary,shit,uncomfortable,rounded,unfortunately,fucking,creepy,worst,terrifying
false,what,serious,disturbing,seriously,evil,terrible,wrong,stupid,hate,sick,bad,negative,dangerous,illegal,crazy,scary,shit,uncomfortable,rounded,unfortunately,fucking,creepy,worst,terrifying
false,what,serious,disturbing,seriously,evil,terrible,wrong,stupid,hate,sick,bad,negative,dangerous,illegal,crazy,scary,shit,uncomfortable,rounded,unfortunately,fucking,creepy,worst,terrifying
false,what,serious,disturbing,seriously,evil,terrible,wrong,stupid,hate,sick,bad,negative,dangerous,illegal,crazy,scary,shit,uncomfortable,rounded,unfortunately,fucking,creepy,worst,terrifying
false,what,serious,disturbing,seriously,evil,terrible,wrong,stupid,hate,sick,bad,negative,dangerous,illegal,crazy,scary,shit,uncomfortable,rounded,unfortunately,fucking,creepy,worst,terrifying
false,what,serious,disturbing,seriously,evil,terrible,wrong,stupid,hate,sick,bad,negative,dangerous,illegal,crazy,scary,shit,uncomfortable,rounded,unfortunately,fucking,creepy,worst,terrifying
false,what,serious,disturbing,seriously,evil,terrible,wrong,stupid,hate,sick,bad,negative,dangerous,illegal,crazy,scary,shit,uncomfortable,rounded,unfortunately,fucking,creepy,worst,terrifying
false,what,serious,disturbing,seriously,evil,terrible,wrong,stupid,hate,sick,bad,negative,dangerous,illegal,crazy,scary,shit,uncomfortable,rounded,unfortunately,fucking,creepy,worst,terrifying
false,what,serious,disturbing,seriously,evil,terrible,wrong,stupid,hate,sick,bad,negative,dangerous,illegal,crazy,scary,shit,uncomfortable,rounded,unfortunately,fucking,creepy,worst,terrifying
false,what,serious,disturbing,seriously,evil,terrible,wrong,stupid,hate,sick,bad,negative,dangerous,illegal,crazy,scary,shit,uncomfortable,rounded,unfortunately,fucking,creepy,worst,terrifying
false,what,serious,disturbing,seriously,evil,terrible,wrong,stupid,hate,sick,bad,negative,dangerous,illegal,crazy,scary,shit,uncomfortable,rounded,unfortunately,fucking,creepy,worst,terrifying
false,what,serious,disturbing,seriously,evil,terrible,wrong,stupid,hate,sick,bad,negative,dangerous,illegal,crazy,scary,shit,uncomfortable,rounded,unfortunately,fucking,creepy,worst,terrifying
false,what,serious,disturbing,seriously,evil,terrible,wrong,stupid,hate,sick,bad,negative,dangerous,illegal,crazy,scary,shit,uncomfortable,rounded,unfortunately,fucking,creepy,worst,terrifying
false,what,serious,disturbing,seriously,evil,terrible,wrong,stupid,hate,sick,bad,negative,dangerous,illegal,crazy,scary,shit,uncomfortable,rounded,unfortunately,fucking,creepy,worst,terrifying
false,what,serious,disturbing,seriously,evil,terrible,wrong,stupid,hate,sick,bad,negative,dangerous,illegal,crazy,scary,shit,uncomfortable,rounded,unfortunately,fucking,creepy,worst,terrifying
false,what,serious,disturbing,seriously,evil,terrible,wrong,stupid,hate,sick,bad,negative,dangerous,illegal,crazy,scary,shit,uncomfortable,rounded,unfortunately,fucking,creepy,worst,terrifying
false,what,serious,disturbing,seriously,evil,terrible,wrong,stupid,hate,sick,bad,negative,dangerous,illegal,crazy,scary,shit,uncomfortable,rounded,unfortunately,fucking,creepy,worst,terrifying
false,what,serious,disturbing,seriously,evil,terrible,wrong,stupid,hate,sick,bad,negative,dangerous,illegal,crazy,scary,shit,uncomfortable,rounded,unfortunately,fucking,creepy,worst,terrifying
false,what,serious,disturbing,seriously,evil,terrible,wrong,stupid,hate,sick,bad,negative,dangerous,illegal,crazy,scary,shit,uncomfortable,rounded,unfortunately,fucking,creepy,worst,terrifying
false,what,serious,disturbing,seriously,evil,terrible,wrong,stupid,hate,sick,bad,negative,dangerous,illegal,crazy,scary,shit,uncomfortable,rounded,unfortunately,fucking,creepy,worst,terrifying
false,what,serious,disturbing,seriously,evil,terrible,wrong,stupid,hate,sick,bad,negative,dangerous,illegal,crazy,scary,shit,uncomfortable,rounded,unfortunately,fucking,creepy,worst,terrifying
false,what,serious,disturbing,seriously,evil,terrible,wrong,stupid,hate,sick,bad,negative,dangerous,illegal,crazy,scary,shit,uncomfortable,rounded,unfortunately,fucking,creepy,worst,terrifying
false,what,serious,disturbing,seriously,evil,terrible,wrong,stupid,hate,sick,bad,negative,dangerous,illegal,crazy,scary,shit,uncomfortable,rounded,unfortunately,fucking,creepy,worst,terrifying
false,what,serious,disturbing,seriously,evil,terrible,wrong,stupid,hate,sick,bad,negative,dangerous,illegal,crazy,scary,shit,uncomfortable,rounded,unfortunately,fucking,creepy,worst,terrifying
false,what,serious,disturbing,seriously,evil,terrible,wrong,stupid,hate,sick,bad,negative,dangerous,illegal,crazy,scary,shit,uncomfortable,rounded,unfortunately,fucking,creepy,worst,terrifying
false,what,serious,disturbing,seriously,evil,terrible,wrong,stupid,hate,sick,bad,negative,dangerous,illegal,crazy,scary,shit,uncomfortable,rounded,unfortunately,fucking,creepy,worst,terrifying
false,what,serious,disturbing,seriously,evil,terrible,wrong,stupid,hate,sick,bad,negative,dangerous,illegal,crazy,scary,shit,uncomfortable,rounded,unfortunately,fucking,creepy,worst,terrifying
false,what,serious,disturbing,seriously,evil,terrible,wrong,stupid,hate,sick,bad,negative,dangerous,illegal,crazy,scary,shit,uncomfortable,rounded,unfortunately,fucking,creepy,worst,terrifying
false,what,serious,disturbing,seriously,evil,terrible,wrong,stupid,hate,sick,bad,negative,dangerous,illegal,crazy,scary,shit,uncomfortable,rounded,unfortunately,fucking,creepy,worst,terrifying
false,what,serious,disturbing,seriously,evil,terrible,wrong,stupid,hate,sick,bad,negative,dangerous,illegal,crazy,scary,shit,uncomfortable,rounded,unfortunately,fucking,creepy,worst,terrifying
false,what,serious,disturbing,seriously,evil,terrible,wrong,stupid,hate,sick,bad,negative,dangerous,illegal,crazy,scary,shit,uncomfortable,rounded,unfortunately,fucking,creepy,worst,terrifying
false,what,serious,disturbing,seriously,evil,terrible,wrong,stupid,hate,sick,bad,negative,dangerous,illegal,crazy,scary,shit,uncomfortable,rounded,unfortunately,fucking,creepy,worst,terrifying
false,what,serious,disturbing,seriously,evil,terrible,wrong,stupid,hate,sick,bad,negative,dangerous,illegal,crazy,scary,shit,uncomfortable,rounded,unfortunately,fucking,creepy,worst,terrifying
false,what,serious,disturbing,seriously,evil,terrible,wrong,stupid,hate,sick,bad,negative,dangerous,illegal,crazy,scary,shit,uncomfortable,rounded,unfortunately,fucking,creepy,worst,terrifying
false,what,serious,disturbing,seriously,evil,terrible,wrong,stupid,hate,sick,bad,negative,dangerous,illegal,crazy,scary,shit,uncomfortable,rounded,unfortunately,fucking,creepy,worst,terrifying
false,what,serious,disturbing,seriously,evil,terrible,wrong,stupid,hate,sick,bad,negative,dangerous,illegal,crazy,scary,shit,uncomfortable,rounded,unfortunately,fucking,creepy,worst,terrifying
false,what,serious,disturbing,seriously,evil,terrible,wrong,stupid,hate,sick,bad,negative,dangerous,illegal,crazy,scary,shit,uncomfortable,rounded,unfortunately,fucking,creepy,worst,terrifying
false,what,serious,disturbing,seriously,evil,terrible,wrong,stupid,hate,sick,bad,negative,dangerous,illegal,crazy,scary,shit,uncomfortable,rounded,unfortunately,fucking,creepy,worst,terrifying
false,what,serious,disturbing,seriously,evil,terrible,wrong,stupid,hate,sick,bad,negative,dangerous,illegal,crazy,scary,shit,uncomfortable,rounded,unfortunately,fucking,creepy,worst,terrifying
false,what,serious,disturbing,seriously,evil,terrible,wrong,stupid,hate,sick,bad,negative,dangerous,illegal,crazy,scary,shit,uncomfortable,rounded,unfortunately,fucking,creepy,worst,terrifying
false,what,serious,disturbing,seriously,evil,terrible,wrong,stupid,hate,sick,bad,negative,dangerous,illegal,crazy,scary,shit,uncomfortable,rounded,unfortunately,fucking,creepy,worst,terrifying
false,what,serious,disturbing,seriously,evil,terrible,wrong,stupid,hate,sick,bad,negative,dangerous,illegal,crazy,scary,shit,uncomfortable,rounded,unfortunately,fucking,creepy,worst,terrifying
false,what,serious,disturbing,seriously,evil,terrible,wrong,stupid,hate,sick,bad,negative,dangerous,illegal,crazy,scary,shit,uncomfortable,rounded,unfortunately,fucking,creepy,worst,terrifying
false,what,serious,disturbing,seriously,evil,terrible,wrong,stupid,hate,sick,bad,negative,dangerous,illegal,crazy,scary,shit,uncomfortable,rounded,unfortunately,fucking,creepy,worst,terrifying
false,what,serious,disturbing,seriously,evil,terrible,wrong,stupid,hate,sick,bad,negative,dangerous,illegal,crazy,scary,shit,uncomfortable,rounded,unfortunately,fucking,creepy,worst,terrifying
false,what,serious,disturbing,seriously,evil,terrible,wrong,stupid,hate,sick,bad,negative,dangerous,illegal,crazy,scary,shit,uncomfortable,rounded,unfortunately,fucking,creepy,worst,terrifying
false,what,serious,disturbing,seriously,evil,terrible,wrong,stupid,hate,sick,bad,negative,dangerous,illegal,crazy,scary,shit,uncomfortable,rounded,unfortunately,fucking,creepy,worst,terrifying
false,what,serious,disturbing,seriously,evil,terrible,wrong,stupid,hate,sick,bad,negative,dangerous,illegal,crazy,scary,shit,uncomfortable,rounded,unfortunately,fucking,creepy,worst,terrifying
false,what,serious,disturbing,seriously,evil,terrible,wrong,stupid,hate,sick,bad,negative,dangerous,illegal,crazy,scary,shit,uncomfortable,rounded,unfortunately,fucking,creepy,worst,terrifying
false,what,serious,disturbing,seriously,evil,terrible,wrong,stupid,hate,sick,bad,negative,dangerous,illegal,crazy,scary,shit,uncomfortable,rounded,unfortunately,fucking,creepy,worst,terrifying
false,what,serious,disturbing,seriously,evil,terrible,wrong,stupid,hate,sick,bad,negative,dangerous,illegal,crazy,scary,shit,uncomfortable,rounded,unfortunately,fucking,creepy,worst,terrifying
false,what,serious,disturbing,seriously,evil,terrible,wrong,stupid,hate,sick,bad,negative,dangerous,illegal,crazy,scary,shit,uncomfortable,rounded,unfortunately,fucking,creepy,worst,terrifying
false,what,serious,disturbing,seriously,evil,terrible,wrong,stupid,hate,sick,bad,negative,dangerous,illegal,crazy,scary,shit,uncomfortable,rounded,unfortunately,fucking,creepy,worst,terrifying
false,what,serious,disturbing,seriously,evil,terrible,wrong,stupid,hate,sick,bad,negative,dangerous,illegal,crazy,scary,shit,uncomfortable,rounded,unfortunately,fucking,creepy,worst,terrifying
false,what,serious,disturbing,seriously,evil,terrible,wrong,stupid,hate,sick,bad,negative,dangerous,illegal,crazy,scary,shit,uncomfortable,rounded,unfortunately,fucking,creepy,worst,terrifying
false,what,serious,disturbing,seriously,evil,terrible,wrong,stupid,hate,sick,bad,negative,dangerous,illegal,crazy,scary,shit,uncomfortable,rounded,unfortunately,fucking,creepy,worst,terrifying
false,what,serious,disturbing,seriously,evil,terrible,wrong,stupid,hate,sick,bad,negative,dangerous,illegal,crazy,scary,shit,uncomfortable,rounded,unfortunately,fucking,creepy,worst,terrifying
false,what,serious,disturbing,seriously,evil,terrible,wrong,stupid,hate,sick,bad,negative,dangerous,illegal,crazy,scary,shit,uncomfortable,rounded,unfortunately,fucking,creepy,worst,terrifying
false,what,serious,disturbing,seriously,evil,terrible,wrong,stupid,hate,sick,bad,negative,dangerous,illegal,crazy,scary,shit,uncomfortable,rounded,unfortunately,fucking,creepy,worst,terrifying
false,what,serious,disturbing,seriously,evil,terrible,wrong,stupid,hate,sick,bad,negative,dangerous,illegal,crazy,scary,shit,uncomfortable,rounded,unfortunately,fucking,creepy,worst,terrifying
false,what,serious,disturbing,seriously,evil,terrible,wrong,stupid,hate,sick,bad,negative,dangerous,illegal,crazy,scary,shit,uncomfortable,rounded,unfortunately,fucking,creepy,worst,terrifying
false,what,serious,disturbing,seriously,evil,terrible,wrong,stupid,hate,sick,bad,negative,dangerous,illegal,crazy,scary,shit,uncomfortable,rounded,unfortunately,fucking,creepy,worst,terrifying
false,what,serious,disturbing,seriously,evil,terrible,wrong,stupid,hate,sick,bad,negative,dangerous,illegal,crazy,scary,shit,uncomfortable,rounded,unfortunately,fucking,creepy,worst,terrifying
false,what,serious,disturbing,seriously,evil,terrible,wrong,stupid,hate,sick,bad,negative,dangerous,illegal,crazy,scary,shit,uncomfortable,rounded,unfortunately,fucking,creepy,worst,terrifying
false,what,serious,disturbing,seriously,evil,terrible,wrong,stupid,hate,sick,bad,negative,dangerous,illegal,crazy,scary,shit,uncomfortable,rounded,unfortunately,fucking,creepy,worst,terrifying
false,what,serious,disturbing,seriously,evil,terrible,wrong,stupid,hate,sick,bad,negative,dangerous,illegal,crazy,scary,shit,uncomfortable,rounded,unfortunately,fucking,creepy,worst,terrifying
false,what,serious,disturbing,seriously,evil,terrible,wrong,stupid,hate,sick,bad,negative,dangerous,illegal,crazy,scary,shit,uncomfortable,rounded,unfortunately,fucking,creepy,worst,terrifying
false,what,serious,disturbing,seriously,evil,terrible,wrong,stupid,hate,sick,bad,negative,dangerous,illegal,crazy,scary,shit,uncomfortable,rounded,unfortunately,fucking,creepy,worst,terrifying
false,what,serious,disturbing,seriously,evil,terrible,wrong,stupid,hate,sick,bad,negative,dangerous,illegal,crazy,scary,shit,uncomfortable,rounded,unfortunately,fucking,creepy,worst,terrifying
false,what,serious,disturbing,seriously,evil,terrible,wrong,stupid,hate,sick,bad,negative,dangerous,illegal,crazy,scary,shit,uncomfortable,rounded,unfortunately,fucking,creepy,worst,terrifying
false,what,serious,disturbing,seriously,evil,terrible,wrong,stupid,hate,sick,bad,negative,dangerous,illegal,crazy,scary,shit,uncomfortable,rounded,unfortunately,fucking,creepy,worst,terrifying
false,what,serious,disturbing,seriously,evil,terrible,wrong,stupid,hate,sick,bad,negative,dangerous,illegal,crazy,scary,shit,uncomfortable,rounded,unfortunately,fucking,creepy,worst,terrifying
false,what,serious,disturbing,seriously,evil,terrible,wrong,stupid,hate,sick,bad,negative,dangerous,illegal,crazy,scary,shit,uncomfortable,rounded,unfortunately,fucking,creepy,worst,terrifying
false,what,serious,disturbing,seriously,evil,terrible,wrong,stupid,hate,sick,bad,negative,dangerous,illegal,crazy,scary,shit,uncomfortable,rounded,unfortunately,fucking,creepy,worst,terrifying
false,what,serious,disturbing,seriously,evil,terrible,wrong,stupid,hate,sick,bad,negative,dangerous,illegal,crazy,scary,shit,uncomfortable,rounded,unfortunately,fucking,creepy,worst,terrifying
false,what,serious,disturbing,seriously,evil,terrible,wrong,stupid,hate,sick,bad,negative,dangerous,illegal,crazy,scary,shit,uncomfortable,rounded,unfortunately,fucking,creepy,worst,terrifying
false,what,serious,disturbing,seriously,evil,terrible,wrong,stupid,hate,sick,bad,negative,dangerous,illegal,crazy,scary,shit,uncomfortable,rounded,unfortunately,fucking,creepy,worst,terrifying
false,what,serious,disturbing,seriously,evil,terrible,wrong,stupid,hate,sick,bad,negative,dangerous,illegal,crazy,scary,shit,uncomfortable,rounded,unfortunately,fucking,creepy,worst,terrifying
false,what,serious,disturbing,seriously,evil,terrible,wrong,stupid,hate,sick,bad,negative,dangerous,illegal,crazy,scary,shit,uncomfortable,rounded,unfortunately,fucking,creepy,worst,terrifying
false,what,serious,disturbing,seriously,evil,terrible,wrong,stupid,hate,sick,bad,negative,dangerous,illegal,crazy,scary,shit,uncomfortable,rounded,unfortunately,fucking,creepy,worst,terrifying
false,what,serious,disturbing,seriously,evil,terrible,wrong,stupid,hate,sick,bad,negative,dangerous,illegal,crazy,scary,shit,uncomfortable,rounded,unfortunately,fucking,creepy,worst,terrifying
false,what,serious,disturbing,seriously,evil,terrible,wrong,stupid,hate,sick,bad,negative,dangerous,illegal,crazy,scary,shit,uncomfortable,rounded,unfortunately,fucking,creepy,worst,terrifying
false,what,serious,disturbing,seriously,evil,terrible,wrong,stupid,hate,sick,bad,negative,dangerous,illegal,crazy,scary,shit,uncomfortable,rounded,unfortunately,fucking,creepy,worst,terrifying
false,what,serious,disturbing,seriously,evil,terrible,wrong,stupid,hate,sick,bad,negative,dangerous,illegal,crazy,scary,shit,uncomfortable,rounded,unfortunately,fucking,creepy,worst,terrifying
false,what,serious,disturbing,seriously,evil,terrible,wrong,stupid,hate,sick,bad,negative,dangerous,illegal,crazy,scary,shit,uncomfortable,rounded,unfortunately,fucking,creepy,worst,terrifying
false,what,serious,disturbing,seriously,evil,terrible,wrong,stupid,hate,sick,bad,negative,dangerous,illegal,crazy,scary,shit,uncomfortable,rounded,unfortunately,fucking,creepy,worst,terrifying
false,what,serious,disturbing,seriously,evil,terrible,wrong,stupid,hate,sick,bad,negative,dangerous,illegal,crazy,scary,shit,uncomfortable,rounded,unfortunately,fucking,creepy,worst,terrifying
false,what,serious,disturbing,seriously,evil,terrible,wrong,stupid,hate,sick,bad,negative,dangerous,illegal,crazy,scary,shit,uncomfortable,rounded,unfortunately,fucking,creepy,worst,terrifying
false,what,serious,disturbing,seriously,evil,terrible,wrong,stupid,hate,sick,bad,negative,dangerous,illegal,crazy,scary,shit,uncomfortable,rounded,unfortunately,fucking,creepy,worst,terrifying
false,what,serious,disturbing,seriously,evil,terrible,wrong,stupid,hate,sick,bad,negative,dangerous,illegal,crazy,scary,shit,uncomfortable,rounded,unfortunately,fucking,creepy,worst,terrifying
false,what,serious,disturbing,seriously,evil,terrible,wrong,stupid,hate,sick,bad,negative,dangerous,illegal,crazy,scary,shit,uncomfortable,rounded,unfortunately,fucking,creepy,worst,terrifying
false,what,serious,disturbing,seriously,evil,terrible,wrong,stupid,hate,sick,bad,negative,dangerous,illegal,crazy,scary,shit,uncomfortable,rounded,unfortunately,fucking,creepy,worst,terrifying
false,what,serious,disturbing,seriously,evil,terrible,wrong,stupid,hate,sick,bad,negative,dangerous,illegal,crazy,scary,shit,uncomfortable,rounded,unfortunately,fucking,creepy,worst,terrifying
false,what,serious,disturbing,seriously,evil,terrible,wrong,stupid,hate,sick,bad,negative,dangerous,illegal,crazy,scary,shit,uncomfortable,rounded,unfortunately,fucking,creepy,worst,terrifying
false,what,serious,disturbing,seriously,evil,terrible,wrong,stupid,hate,sick,bad,negative,dangerous,illegal,crazy,scary,shit,uncomfortable,rounded,unfortunately,fucking,creepy,worst,terrifying
false,what,serious,disturbing,seriously,evil,terrible,wrong,stupid,hate,sick,bad,negative,dangerous,illegal,crazy,scary,shit,uncomfortable,rounded,unfortunately,fucking,creepy,worst,terrifying
false,what,serious,disturbing,seriously,evil,terrible,wrong,stupid,hate,sick,bad,negative,dangerous,illegal,crazy,scary,shit,uncomfortable,rounded,unfortunately,fucking,creepy,worst,terrifying
false,what,serious,disturbing,seriously,evil,terrible,wrong,stupid,hate,sick,bad,negative,dangerous,illegal,crazy,scary,shit,uncomfortable,rounded,unfortunately,fucking,creepy,worst,terrifying
false,what,serious,disturbing,seriously,evil,terrible,wrong,stupid,hate,sick,bad,negative,dangerous,illegal,crazy,scary,shit,uncomfortable,rounded,unfortunately,fucking,creepy,worst,terrifying
false,what,serious,disturbing,seriously,evil,terrible,wrong,stupid,hate,sick,bad,negative,dangerous,illegal,crazy,scary,shit,uncomfortable,rounded,unfortunately,fucking,creepy,worst,terrifying
false,what,serious,disturbing,seriously,evil,terrible,wrong,stupid,hate,sick,bad,negative,dangerous,illegal,crazy,scary,shit,uncomfortable,rounded,unfortunately,fucking,creepy,worst,terrifying
false,what,serious,disturbing,seriously,evil,terrible,wrong,stupid,hate,sick,bad,negative,dangerous,illegal,crazy,scary,shit,uncomfortable,rounded,unfortunately,fucking,creepy,worst,terrifying
false,what,serious,disturbing,seriously,evil,terrible,wrong,stupid,hate,sick,bad,negative,dangerous,illegal,crazy,scary,shit,uncomfortable,rounded,unfortunately,fucking,creepy,worst,terrifying
false,what,serious,disturbing,seriously,evil,terrible,wrong,stupid,hate,sick,bad,negative,dangerous,illegal,crazy,scary,shit,uncomfortable,rounded,unfortunately,fucking,creepy,worst,terrifying
false,what,serious,disturbing,seriously,evil,terrible,wrong,stupid,hate,sick,bad,negative,dangerous,illegal,crazy,scary,shit,uncomfortable,rounded,unfortunately,fucking,creepy,worst,terrifying
false,what,serious,disturbing,seriously,evil,terrible,wrong,stupid,hate,sick,bad,negative,dangerous,illegal,crazy,scary,shit,uncomfortable,rounded,unfortunately,fucking,creepy,worst,terrifying
false,what,serious,disturbing,seriously,evil,terrible,wrong,stupid,hate,sick,bad,negative,dangerous,illegal,crazy,scary,shit,uncomfortable,rounded,unfortunately,fucking,creepy,worst,terrifying
false,what,serious,disturbing,seriously,evil,terrible,wrong,stupid,hate,sick,bad,negative,dangerous,illegal,crazy,scary,shit,uncomfortable,rounded,unfortunately,fucking,creepy,worst,terrifying
false,what,serious,disturbing,seriously,evil,terrible,wrong,stupid,hate,sick,bad,negative,dangerous,illegal,crazy,scary,shit,uncomfortable,rounded,unfortunately,fucking,creepy,worst,terrifying
false,what,serious,disturbing,seriously,evil,terrible,wrong,stupid,hate,sick,bad,negative,dangerous,illegal,crazy,scary,shit,uncomfortable,rounded,unfortunately,fucking,creepy,worst,terrifying
false,what,serious,disturbing,seriously,evil,terrible,wrong,stupid,hate,sick,bad,negative,dangerous,illegal,crazy,scary,shit,uncomfortable,rounded,unfortunately,fucking,creepy,worst,terrifying
false,what,serious,disturbing,seriously,evil,terrible,wrong,stupid,hate,sick,bad,negative,dangerous,illegal,crazy,scary,shit,uncomfortable,rounded,unfortunately,fucking,creepy,worst,terrifying
false,what,serious,disturbing,seriously,evil,terrible,wrong,stupid,hate,sick,bad,negative,dangerous,illegal,crazy,scary,shit,uncomfortable,rounded,unfortunately,fucking,creepy,worst,terrifying
false,what,serious,disturbing,seriously,evil,terrible,wrong,stupid,hate,sick,bad,negative,dangerous,illegal,crazy,scary,shit,uncomfortable,rounded,unfortunately,fucking,creepy,worst,terrifying
false,serious,disturbing,seriously,evil,terrible,wrong,stupid,hate,sick,bad,negative,dangerous,illegal,crazy,scary,shit,uncomfortable,rounded,unfortunately,fucking,creepy,worst,horrible,terrifying
false,serious,disturbing,seriously,evil,terrible,wrong,stupid,hate,sick,bad,negative,dangerous,illegal,crazy,scary,shit,uncomfortable,rounded,unfortunately,fucking,creepy,worst,horrible,terrifying
false,serious,disturbing,seriously,evil,terrible,wrong,stupid,hate,sick,negative,dangerous,illegal,crazy,scary,shit,uncomfortable,rounded,unfortunately,fucking,creepy,worst,disgusting,horrible,terrifying
false,serious,disturbing,seriously,evil,terrible,wrong,stupid,hate,sick,negative,dangerous,illegal,crazy,scary,shit,uncomfortable,rounded,unfortunately,fucking,creepy,worst,disgusting,horrible,terrifying
false,serious,disturbing,seriously,evil,terrible,wrong,stupid,hate,sick,negative,dangerous,illegal,crazy,scary,shit,uncomfortable,rounded,unfortunately,fucking,creepy,worst,disgusting,horrible,terrifying
false,serious,disturbing,seriously,evil,terrible,wrong,stupid,hate,sick,negative,dangerous,illegal,crazy,scary,shit,uncomfortable,rounded,unfortunately,fucking,creepy,worst,disgusting,horrible,terrifying
false,serious,disturbing,seriously,evil,terrible,wrong,stupid,hate,sick,negative,dangerous,illegal,crazy,scary,shit,uncomfortable,rounded,unfortunately,fucking,creepy,worst,disgusting,horrible,terrifying
false,serious,disturbing,seriously,evil,terrible,wrong,stupid,hate,sick,negative,dangerous,illegal,crazy,scary,shit,uncomfortable,rounded,unfortunately,fucking,creepy,worst,disgusting,horrible,terrifying
false,serious,disturbing,seriously,evil,terrible,wrong,stupid,hate,sick,negative,dangerous,illegal,crazy,scary,shit,uncomfortable,rounded,unfortunately,fucking,creepy,worst,disgusting,horrible,terrifying
false,serious,disturbing,seriously,evil,terrible,wrong,stupid,hate,sick,negative,dangerous,illegal,crazy,scary,shit,uncomfortable,rounded,unfortunately,fucking,creepy,worst,disgusting,horrible,terrifying
false,serious,disturbing,seriously,evil,terrible,wrong,stupid,hate,sick,negative,dangerous,illegal,crazy,scary,shit,uncomfortable,rounded,unfortunately,fucking,creepy,worst,disgusting,horrible,terrifying
false,serious,disturbing,seriously,evil,terrible,wrong,stupid,hate,sick,negative,dangerous,illegal,crazy,scary,shit,uncomfortable,rounded,unfortunately,fucking,creepy,worst,disgusting,horrible,terrifying
false,serious,disturbing,seriously,evil,terrible,wrong,stupid,hate,sick,negative,dangerous,illegal,crazy,scary,shit,uncomfortable,rounded,unfortunately,fucking,creepy,worst,disgusting,horrible,terrifying
false,serious,disturbing,seriously,evil,terrible,wrong,stupid,hate,sick,negative,dangerous,illegal,crazy,scary,shit,uncomfortable,rounded,unfortunately,fucking,creepy,worst,disgusting,horrible,terrifying
false,serious,disturbing,seriously,evil,terrible,wrong,stupid,hate,sick,negative,dangerous,illegal,crazy,scary,shit,uncomfortable,rounded,unfortunately,fucking,creepy,worst,disgusting,horrible,terrifying
false,serious,disturbing,seriously,evil,terrible,wrong,stupid,hate,sick,negative,dangerous,illegal,crazy,scary,shit,uncomfortable,rounded,unfortunately,fucking,creepy,worst,disgusting,horrible,terrifying
false,serious,disturbing,seriously,evil,terrible,wrong,stupid,hate,sick,negative,dangerous,illegal,crazy,scary,shit,uncomfortable,rounded,unfortunately,fucking,creepy,worst,disgusting,horrible,terrifying
false,serious,disturbing,seriously,evil,terrible,wrong,stupid,hate,sick,negative,dangerous,illegal,crazy,scary,shit,uncomfortable,rounded,unfortunately,fucking,creepy,worst,disgusting,horrible,terrifying
false,serious,disturbing,seriously,evil,terrible,wrong,stupid,hate,sick,negative,dangerous,illegal,crazy,scary,shit,uncomfortable,rounded,unfortunately,fucking,creepy,worst,disgusting,horrible,terrifying
false,serious,disturbing,seriously,evil,terrible,wrong,stupid,hate,sick,negative,dangerous,illegal,crazy,scary,shit,uncomfortable,rounded,unfortunately,fucking,creepy,worst,disgusting,horrible,terrifying
false,serious,disturbing,seriously,evil,terrible,wrong,stupid,hate,sick,negative,dangerous,illegal,crazy,scary,shit,uncomfortable,rounded,unfortunately,fucking,creepy,worst,disgusting,horrible,terrifying
false,serious,disturbing,seriously,evil,terrible,wrong,stupid,hate,sick,negative,dangerous,illegal,crazy,scary,shit,uncomfortable,rounded,unfortunately,fucking,creepy,worst,disgusting,horrible,terrifying
false,serious,disturbing,seriously,evil,terrible,wrong,stupid,hate,sick,negative,dangerous,illegal,crazy,scary,shit,uncomfortable,rounded,unfortunately,fucking,creepy,worst,disgusting,horrible,terrifying
false,serious,disturbing,seriously,evil,terrible,wrong,stupid,hate,sick,negative,dangerous,illegal,crazy,scary,shit,uncomfortable,rounded,unfortunately,fucking,creepy,worst,disgusting,horrible,terrifying
false,serious,disturbing,seriously,evil,terrible,wrong,stupid,hate,sick,negative,dangerous,illegal,crazy,scary,shit,uncomfortable,rounded,unfortunately,fucking,creepy,worst,disgusting,horrible,terrifying
false,serious,disturbing,seriously,evil,terrible,wrong,stupid,hate,sick,negative,dangerous,illegal,crazy,scary,shit,uncomfortable,rounded,unfortunately,fucking,creepy,worst,disgusting,horrible,terrifying
false,serious,disturbing,seriously,evil,terrible,wrong,stupid,hate,sick,negative,dangerous,illegal,crazy,scary,shit,uncomfortable,rounded,unfortunately,fucking,creepy,worst,disgusting,horrible,terrifying
false,serious,disturbing,seriously,evil,terrible,wrong,stupid,hate,sick,negative,dangerous,illegal,crazy,scary,shit,uncomfortable,rounded,unfortunately,fucking,creepy,worst,disgusting,horrible,terrifying
false,serious,disturbing,seriously,evil,terrible,wrong,stupid,hate,sick,negative,dangerous,illegal,crazy,scary,shit,uncomfortable,rounded,unfortunately,fucking,creepy,worst,disgusting,horrible,terrifying
false,serious,disturbing,seriously,evil,terrible,wrong,stupid,hate,sick,negative,dangerous,illegal,crazy,scary,shit,uncomfortable,rounded,unfortunately,fucking,creepy,worst,disgusting,horrible,terrifying
false,serious,disturbing,seriously,evil,terrible,wrong,stupid,hate,sick,negative,dangerous,illegal,crazy,scary,shit,uncomfortable,rounded,unfortunately,fucking,creepy,worst,disgusting,horrible,terrifying
false,serious,disturbing,seriously,evil,terrible,wrong,stupid,hate,sick,negative,dangerous,illegal,crazy,scary,shit,uncomfortable,rounded,unfortunately,fucking,creepy,worst,disgusting,horrible,terrifying
false,serious,disturbing,seriously,evil,terrible,wrong,stupid,hate,sick,negative,dangerous,illegal,crazy,scary,shit,uncomfortable,rounded,unfortunately,fucking,creepy,worst,disgusting,horrible,terrifying
false,serious,disturbing,seriously,evil,terrible,wrong,stupid,hate,sick,negative,dangerous,illegal,crazy,scary,shit,uncomfortable,rounded,unfortunately,fucking,creepy,worst,disgusting,horrible,terrifying
false,serious,disturbing,seriously,evil,terrible,wrong,stupid,hate,sick,negative,dangerous,illegal,crazy,scary,shit,uncomfortable,rounded,unfortunately,fucking,creepy,worst,disgusting,horrible,terrifying
false,serious,disturbing,seriously,evil,terrible,wrong,stupid,hate,sick,negative,dangerous,illegal,crazy,scary,shit,uncomfortable,rounded,unfortunately,fucking,creepy,worst,disgusting,horrible,terrifying
false,serious,disturbing,seriously,evil,terrible,wrong,stupid,hate,sick,negative,dangerous,illegal,crazy,scary,shit,uncomfortable,rounded,unfortunately,fucking,creepy,worst,disgusting,horrible,terrifying
false,serious,disturbing,seriously,evil,terrible,wrong,stupid,hate,sick,negative,dangerous,illegal,crazy,scary,shit,uncomfortable,rounded,unfortunately,fucking,creepy,worst,disgusting,horrible,terrifying
false,serious,disturbing,seriously,evil,terrible,wrong,stupid,hate,sick,negative,dangerous,illegal,crazy,scary,shit,uncomfortable,rounded,unfortunately,fucking,creepy,worst,disgusting,horrible,terrifying
false,serious,disturbing,seriously,evil,terrible,wrong,stupid,hate,sick,negative,dangerous,illegal,crazy,scary,shit,uncomfortable,rounded,unfortunately,fucking,creepy,worst,disgusting,horrible,terrifying
false,serious,disturbing,seriously,evil,terrible,wrong,stupid,hate,sick,negative,dangerous,illegal,crazy,scary,shit,uncomfortable,rounded,unfortunately,fucking,creepy,worst,disgusting,horrible,terrifying
false,serious,disturbing,seriously,evil,terrible,wrong,stupid,hate,sick,negative,dangerous,illegal,crazy,scary,shit,uncomfortable,rounded,unfortunately,fucking,creepy,worst,disgusting,horrible,terrifying
false,serious,disturbing,seriously,evil,terrible,wrong,stupid,hate,sick,negative,dangerous,illegal,crazy,scary,shit,uncomfortable,rounded,unfortunately,fucking,creepy,worst,disgusting,horrible,terrifying
false,serious,disturbing,seriously,evil,terrible,wrong,stupid,hate,sick,negative,dangerous,illegal,crazy,scary,shit,uncomfortable,rounded,unfortunately,fucking,creepy,worst,disgusting,horrible,terrifying
false,serious,disturbing,seriously,evil,terrible,wrong,stupid,hate,sick,negative,dangerous,illegal,crazy,scary,shit,uncomfortable,rounded,unfortunately,fucking,creepy,worst,disgusting,horrible,terrifying
false,serious,disturbing,seriously,evil,terrible,wrong,stupid,hate,sick,negative,dangerous,illegal,crazy,scary,shit,uncomfortable,rounded,unfortunately,fucking,creepy,worst,disgusting,horrible,terrifying
false,serious,disturbing,seriously,evil,terrible,wrong,stupid,hate,sick,negative,dangerous,illegal,crazy,scary,shit,uncomfortable,rounded,unfortunately,fucking,creepy,worst,disgusting,horrible,terrifying
false,serious,disturbing,seriously,evil,terrible,wrong,stupid,hate,sick,negative,dangerous,illegal,crazy,scary,shit,uncomfortable,rounded,unfortunately,fucking,creepy,worst,disgusting,horrible,terrifying
false,serious,disturbing,seriously,evil,terrible,wrong,stupid,hate,sick,negative,dangerous,illegal,crazy,scary,shit,uncomfortable,rounded,unfortunately,fucking,creepy,worst,disgusting,horrible,terrifying
false,serious,disturbing,seriously,evil,terrible,wrong,stupid,hate,sick,negative,dangerous,illegal,crazy,scary,shit,uncomfortable,rounded,unfortunately,fucking,creepy,worst,disgusting,horrible,terrifying
false,serious,disturbing,seriously,evil,terrible,wrong,stupid,hate,sick,negative,dangerous,illegal,crazy,scary,shit,uncomfortable,rounded,unfortunately,fucking,creepy,worst,disgusting,horrible,terrifying
false,serious,disturbing,seriously,evil,terrible,wrong,stupid,hate,sick,negative,dangerous,illegal,crazy,scary,shit,uncomfortable,rounded,unfortunately,fucking,creepy,worst,disgusting,horrible,terrifying
false,serious,disturbing,seriously,evil,terrible,wrong,stupid,hate,sick,negative,dangerous,illegal,crazy,scary,shit,uncomfortable,rounded,unfortunately,fucking,creepy,worst,disgusting,horrible,terrifying
false,serious,disturbing,seriously,evil,terrible,wrong,stupid,hate,sick,negative,dangerous,illegal,crazy,scary,shit,uncomfortable,rounded,unfortunately,fucking,creepy,worst,disgusting,horrible,terrifying
false,serious,disturbing,seriously,evil,terrible,wrong,stupid,hate,sick,negative,dangerous,illegal,crazy,scary,shit,uncomfortable,rounded,unfortunately,fucking,creepy,worst,disgusting,horrible,terrifying
false,serious,disturbing,seriously,evil,terrible,wrong,stupid,hate,sick,negative,dangerous,illegal,crazy,scary,shit,uncomfortable,rounded,unfortunately,fucking,creepy,worst,disgusting,horrible,terrifying
false,serious,disturbing,seriously,evil,terrible,wrong,stupid,hate,sick,negative,dangerous,illegal,crazy,scary,shit,uncomfortable,rounded,unfortunately,fucking,creepy,worst,disgusting,horrible,terrifying
false,serious,disturbing,seriously,evil,terrible,wrong,stupid,hate,sick,negative,dangerous,illegal,crazy,scary,shit,uncomfortable,rounded,unfortunately,frightening,creepy,worst,disgusting,horrible,terrifying
false,serious,disturbing,seriously,evil,terrible,wrong,stupid,hate,sick,negative,dangerous,illegal,crazy,scary,shit,uncomfortable,rounded,unfortunately,frightening,creepy,worst,disgusting,horrible,terrifying
false,serious,disturbing,seriously,evil,terrible,wrong,stupid,hate,sick,negative,dangerous,illegal,crazy,scary,shit,uncomfortable,rounded,unfortunately,frightening,creepy,worst,disgusting,horrible,terrifying
false,serious,disturbing,seriously,evil,terrible,wrong,stupid,hate,sick,negative,dangerous,illegal,crazy,scary,shit,uncomfortable,rounded,unfortunately,frightening,creepy,worst,disgusting,horrible,terrifying
false,serious,disturbing,seriously,evil,terrible,wrong,stupid,hate,sick,negative,dangerous,illegal,crazy,scary,shit,uncomfortable,rounded,unfortunately,frightening,creepy,worst,disgusting,horrible,terrifying
false,serious,disturbing,seriously,evil,terrible,wrong,stupid,hate,sick,negative,dangerous,illegal,crazy,scary,shit,uncomfortable,rounded,unfortunately,frightening,creepy,worst,disgusting,horrible,terrifying
false,serious,disturbing,seriously,evil,terrible,wrong,stupid,hate,sick,negative,dangerous,illegal,crazy,scary,shit,uncomfortable,rounded,unfortunately,frightening,creepy,worst,disgusting,horrible,terrifying
false,serious,disturbing,seriously,evil,terrible,wrong,stupid,hate,sick,negative,dangerous,illegal,crazy,scary,shit,uncomfortable,rounded,unfortunately,frightening,creepy,worst,disgusting,horrible,terrifying
false,serious,disturbing,seriously,evil,terrible,wrong,stupid,hate,sick,negative,dangerous,illegal,crazy,scary,shit,uncomfortable,rounded,unfortunately,frightening,creepy,worst,disgusting,horrible,terrifying
false,serious,disturbing,seriously,evil,terrible,wrong,stupid,hate,sick,negative,dangerous,illegal,crazy,scary,shit,uncomfortable,rounded,unfortunately,frightening,creepy,worst,disgusting,horrible,terrifying
false,serious,disturbing,seriously,evil,terrible,wrong,stupid,hate,sick,negative,dangerous,illegal,crazy,scary,shit,uncomfortable,rounded,unfortunately,frightening,creepy,worst,disgusting,horrible,terrifying
false,serious,disturbing,seriously,evil,terrible,wrong,stupid,hate,sick,negative,dangerous,illegal,crazy,scary,shit,uncomfortable,rounded,unfortunately,frightening,creepy,worst,disgusting,horrible,terrifying
false,serious,disturbing,seriously,evil,terrible,wrong,stupid,hate,sick,negative,dangerous,illegal,crazy,scary,shit,uncomfortable,rounded,unfortunately,frightening,creepy,worst,disgusting,horrible,terrifying
false,serious,disturbing,seriously,evil,terrible,wrong,stupid,hate,sick,negative,dangerous,illegal,crazy,scary,shit,uncomfortable,rounded,unfortunately,frightening,creepy,worst,disgusting,horrible,terrifying
false,serious,disturbing,seriously,evil,terrible,wrong,stupid,hate,sick,negative,dangerous,illegal,crazy,scary,shit,uncomfortable,rounded,unfortunately,frightening,creepy,worst,disgusting,horrible,terrifying
false,serious,disturbing,seriously,evil,terrible,wrong,stupid,hate,sick,negative,dangerous,illegal,crazy,scary,shit,uncomfortable,rounded,unfortunately,frightening,creepy,worst,disgusting,horrible,terrifying
false,serious,disturbing,seriously,evil,terrible,wrong,stupid,hate,sick,negative,dangerous,illegal,crazy,scary,shit,uncomfortable,rounded,unfortunately,frightening,creepy,worst,disgusting,horrible,terrifying
false,serious,disturbing,seriously,evil,terrible,wrong,stupid,hate,sick,negative,dangerous,illegal,crazy,scary,shit,uncomfortable,rounded,unfortunately,frightening,creepy,worst,disgusting,horrible,terrifying
false,serious,disturbing,seriously,evil,terrible,wrong,stupid,hate,sick,negative,dangerous,illegal,crazy,scary,shit,uncomfortable,rounded,unfortunately,frightening,creepy,worst,disgusting,horrible,terrifying
false,serious,disturbing,seriously,evil,terrible,wrong,stupid,hate,sick,negative,dangerous,illegal,crazy,scary,shit,uncomfortable,rounded,unfortunately,frightening,creepy,worst,disgusting,horrible,terrifying
false,serious,disturbing,seriously,evil,terrible,wrong,stupid,hate,sick,negative,dangerous,illegal,crazy,scary,shit,uncomfortable,rounded,unfortunately,frightening,creepy,worst,disgusting,horrible,terrifying
false,serious,disturbing,seriously,evil,terrible,wrong,stupid,hate,sick,negative,dangerous,illegal,crazy,scary,shit,uncomfortable,rounded,unfortunately,frightening,creepy,worst,disgusting,horrible,terrifying
false,serious,disturbing,seriously,evil,terrible,wrong,stupid,hate,sick,negative,dangerous,illegal,crazy,scary,shit,uncomfortable,rounded,unfortunately,frightening,creepy,worst,disgusting,horrible,terrifying
false,serious,disturbing,seriously,evil,terrible,wrong,stupid,hate,sick,negative,dangerous,illegal,crazy,scary,shit,uncomfortable,rounded,unfortunately,frightening,creepy,worst,disgusting,horrible,terrifying
false,serious,disturbing,seriously,evil,terrible,wrong,stupid,hate,sick,negative,dangerous,illegal,crazy,scary,shit,uncomfortable,rounded,unfortunately,frightening,creepy,worst,disgusting,horrible,terrifying
false,serious,disturbing,seriously,evil,terrible,wrong,stupid,hate,sick,negative,dangerous,illegal,crazy,scary,shit,uncomfortable,rounded,unfortunately,frightening,creepy,worst,disgusting,horrible,terrifying
false,serious,disturbing,seriously,evil,terrible,wrong,stupid,hate,sick,negative,dangerous,illegal,crazy,scary,shit,uncomfortable,rounded,unfortunately,frightening,creepy,worst,disgusting,horrible,terrifying
false,serious,disturbing,seriously,evil,terrible,wrong,stupid,hate,sick,negative,dangerous,illegal,crazy,scary,shit,uncomfortable,rounded,unfortunately,frightening,creepy,worst,disgusting,horrible,terrifying
false,serious,disturbing,seriously,evil,terrible,wrong,stupid,hate,sick,negative,dangerous,illegal,crazy,scary,shit,uncomfortable,rounded,unfortunately,frightening,creepy,worst,disgusting,horrible,terrifying
false,serious,disturbing,seriously,evil,terrible,wrong,stupid,hate,sick,negative,dangerous,illegal,crazy,scary,shit,uncomfortable,rounded,unfortunately,frightening,creepy,worst,disgusting,horrible,terrifying
false,serious,disturbing,seriously,evil,terrible,wrong,stupid,hate,sick,negative,dangerous,illegal,crazy,scary,shit,uncomfortable,rounded,unfortunately,frightening,creepy,worst,disgusting,horrible,terrifying
false,serious,disturbing,seriously,evil,terrible,wrong,stupid,hate,sick,negative,dangerous,illegal,crazy,scary,shit,uncomfortable,rounded,unfortunately,frightening,creepy,worst,disgusting,horrible,terrifying
false,serious,disturbing,seriously,evil,terrible,wrong,stupid,hate,sick,negative,dangerous,illegal,crazy,scary,shit,uncomfortable,rounded,unfortunately,frightening,creepy,worst,disgusting,horrible,terrifying
false,serious,disturbing,seriously,evil,terrible,wrong,stupid,hate,sick,negative,dangerous,illegal,crazy,scary,shit,uncomfortable,rounded,unfortunately,frightening,creepy,worst,disgusting,horrible,terrifying
false,serious,disturbing,seriously,evil,terrible,wrong,stupid,hate,sick,negative,dangerous,illegal,crazy,scary,shit,uncomfortable,rounded,unfortunately,frightening,creepy,worst,disgusting,horrible,terrifying
false,serious,disturbing,seriously,evil,terrible,wrong,stupid,hate,sick,negative,dangerous,illegal,crazy,scary,shit,uncomfortable,rounded,unfortunately,frightening,creepy,worst,disgusting,horrible,terrifying
false,serious,disturbing,seriously,evil,terrible,wrong,stupid,hate,sick,negative,dangerous,illegal,crazy,scary,shit,uncomfortable,rounded,unfortunately,frightening,creepy,worst,disgusting,horrible,terrifying
false,serious,disturbing,seriously,evil,terrible,wrong,stupid,hate,sick,negative,dangerous,illegal,crazy,scary,shit,uncomfortable,rounded,unfortunately,frightening,creepy,worst,disgusting,horrible,terrifying
false,serious,disturbing,seriously,evil,terrible,wrong,stupid,hate,sick,negative,dangerous,illegal,crazy,scary,shit,uncomfortable,rounded,unfortunately,frightening,creepy,worst,disgusting,horrible,terrifying
false,serious,disturbing,seriously,evil,terrible,wrong,stupid,hate,sick,negative,dangerous,illegal,crazy,scary,shit,uncomfortable,rounded,unfortunately,frightening,creepy,worst,disgusting,horrible,terrifying
false,serious,disturbing,seriously,evil,terrible,wrong,stupid,hate,sick,negative,dangerous,illegal,crazy,scary,shit,uncomfortable,rounded,unfortunately,frightening,creepy,worst,disgusting,horrible,terrifying
false,serious,disturbing,seriously,evil,terrible,wrong,stupid,hate,sick,negative,dangerous,illegal,crazy,scary,shit,uncomfortable,rounded,unfortunately,frightening,creepy,worst,disgusting,horrible,terrifying
false,serious,disturbing,seriously,evil,terrible,wrong,stupid,hate,sick,negative,dangerous,illegal,crazy,scary,shit,uncomfortable,rounded,unfortunately,frightening,creepy,worst,disgusting,horrible,terrifying
false,serious,disturbing,seriously,evil,terrible,wrong,stupid,hate,sick,negative,dangerous,illegal,crazy,scary,shit,uncomfortable,rounded,unfortunately,frightening,creepy,worst,disgusting,horrible,terrifying
false,serious,disturbing,seriously,evil,terrible,wrong,stupid,hate,sick,negative,dangerous,illegal,crazy,scary,shit,uncomfortable,rounded,unfortunately,frightening,creepy,worst,disgusting,horrible,terrifying
false,serious,disturbing,seriously,evil,terrible,wrong,stupid,hate,sick,negative,dangerous,illegal,crazy,scary,shit,uncomfortable,rounded,unfortunately,frightening,creepy,worst,disgusting,horrible,terrifying
false,serious,disturbing,seriously,evil,terrible,wrong,stupid,hate,sick,negative,dangerous,illegal,crazy,scary,shit,uncomfortable,rounded,unfortunately,frightening,creepy,worst,disgusting,horrible,terrifying
false,serious,disturbing,seriously,evil,terrible,wrong,stupid,hate,sick,negative,dangerous,illegal,crazy,scary,shit,uncomfortable,rounded,unfortunately,frightening,creepy,worst,disgusting,horrible,terrifying
false,serious,disturbing,seriously,evil,terrible,wrong,stupid,hate,sick,negative,dangerous,illegal,crazy,scary,shit,uncomfortable,rounded,unfortunately,frightening,creepy,worst,disgusting,horrible,terrifying
false,serious,disturbing,seriously,evil,terrible,wrong,stupid,hate,sick,negative,dangerous,illegal,crazy,scary,shit,uncomfortable,rounded,unfortunately,frightening,creepy,worst,disgusting,horrible,terrifying
false,serious,disturbing,seriously,evil,terrible,wrong,stupid,hate,sick,negative,dangerous,illegal,crazy,scary,shit,uncomfortable,rounded,unfortunately,frightening,creepy,worst,disgusting,horrible,terrifying
false,serious,disturbing,seriously,evil,terrible,wrong,stupid,hate,sick,negative,dangerous,illegal,crazy,scary,shit,uncomfortable,rounded,unfortunately,frightening,creepy,worst,disgusting,horrible,terrifying
false,serious,disturbing,seriously,evil,terrible,wrong,stupid,hate,sick,negative,dangerous,illegal,crazy,scary,shit,uncomfortable,rounded,unfortunately,frightening,creepy,worst,disgusting,horrible,terrifying
false,serious,disturbing,seriously,evil,terrible,wrong,stupid,hate,sick,negative,dangerous,illegal,crazy,scary,shit,uncomfortable,rounded,unfortunately,frightening,creepy,worst,disgusting,horrible,terrifying
false,serious,disturbing,seriously,evil,terrible,wrong,stupid,hate,sick,negative,dangerous,illegal,crazy,scary,shit,uncomfortable,rounded,unfortunately,frightening,creepy,worst,disgusting,horrible,terrifying
false,serious,disturbing,seriously,evil,terrible,wrong,stupid,hate,sick,negative,dangerous,illegal,crazy,scary,shit,uncomfortable,rounded,unfortunately,frightening,creepy,worst,disgusting,horrible,terrifying
false,serious,disturbing,seriously,evil,terrible,wrong,stupid,hate,sick,negative,dangerous,illegal,crazy,scary,shit,uncomfortable,rounded,unfortunately,frightening,creepy,worst,disgusting,horrible,terrifying
false,serious,disturbing,seriously,evil,terrible,wrong,stupid,hate,sick,negative,dangerous,illegal,crazy,scary,shit,uncomfortable,rounded,unfortunately,frightening,creepy,worst,disgusting,horrible,terrifying
false,serious,disturbing,seriously,evil,terrible,wrong,stupid,hate,sick,negative,dangerous,illegal,crazy,scary,shit,uncomfortable,rounded,unfortunately,frightening,creepy,worst,disgusting,horrible,terrifying
false,serious,disturbing,seriously,evil,terrible,wrong,stupid,hate,sick,negative,dangerous,illegal,crazy,scary,shit,uncomfortable,rounded,unfortunately,frightening,creepy,worst,disgusting,horrible,terrifying
false,serious,disturbing,seriously,evil,terrible,wrong,stupid,hate,sick,negative,dangerous,illegal,crazy,scary,shit,uncomfortable,rounded,unfortunately,frightening,creepy,worst,disgusting,horrible,terrifying
false,serious,disturbing,seriously,evil,terrible,wrong,stupid,hate,sick,negative,dangerous,illegal,crazy,scary,shit,uncomfortable,rounded,unfortunately,frightening,creepy,worst,disgusting,horrible,terrifying
false,serious,disturbing,seriously,evil,terrible,wrong,stupid,hate,sick,negative,dangerous,illegal,crazy,scary,shit,uncomfortable,rounded,unfortunately,frightening,creepy,worst,disgusting,horrible,terrifying
false,serious,disturbing,seriously,evil,terrible,wrong,stupid,hate,sick,negative,dangerous,illegal,crazy,scary,shit,uncomfortable,rounded,unfortunately,frightening,creepy,worst,disgusting,horrible,terrifying
false,serious,disturbing,seriously,evil,terrible,wrong,stupid,hate,sick,negative,dangerous,illegal,crazy,scary,shit,uncomfortable,rounded,unfortunately,frightening,creepy,worst,disgusting,horrible,terrifying
false,serious,disturbing,seriously,evil,terrible,wrong,stupid,hate,sick,negative,dangerous,illegal,crazy,scary,shit,uncomfortable,rounded,unfortunately,frightening,creepy,worst,disgusting,horrible,terrifying
false,serious,disturbing,seriously,evil,terrible,wrong,stupid,hate,sick,negative,dangerous,illegal,crazy,scary,shit,uncomfortable,rounded,unfortunately,frightening,creepy,worst,disgusting,horrible,terrifying
false,serious,disturbing,seriously,evil,terrible,wrong,stupid,hate,sick,negative,dangerous,illegal,crazy,scary,shit,uncomfortable,rounded,unfortunately,frightening,creepy,worst,disgusting,horrible,terrifying
false,serious,disturbing,seriously,evil,terrible,wrong,stupid,hate,sick,negative,dangerous,illegal,crazy,scary,shit,uncomfortable,rounded,unfortunately,frightening,creepy,worst,disgusting,horrible,terrifying
false,serious,disturbing,seriously,evil,terrible,wrong,stupid,hate,sick,negative,dangerous,illegal,crazy,scary,shit,uncomfortable,rounded,unfortunately,frightening,creepy,worst,disgusting,horrible,terrifying
false,serious,disturbing,seriously,evil,terrible,wrong,stupid,hate,sick,negative,dangerous,illegal,crazy,scary,shit,uncomfortable,rounded,unfortunately,frightening,creepy,worst,disgusting,horrible,terrifying
false,serious,disturbing,seriously,evil,terrible,wrong,stupid,hate,sick,negative,dangerous,illegal,crazy,scary,shit,uncomfortable,rounded,unfortunately,frightening,creepy,worst,disgusting,horrible,terrifying
false,serious,disturbing,seriously,evil,terrible,wrong,stupid,hate,sick,negative,dangerous,illegal,crazy,scary,shit,uncomfortable,rounded,unfortunately,frightening,creepy,worst,disgusting,horrible,terrifying
false,serious,disturbing,seriously,evil,terrible,wrong,stupid,hate,sick,negative,dangerous,illegal,crazy,scary,shit,uncomfortable,rounded,unfortunately,frightening,creepy,worst,disgusting,horrible,terrifying
false,serious,disturbing,seriously,evil,terrible,wrong,stupid,hate,sick,negative,dangerous,illegal,crazy,scary,shit,uncomfortable,rounded,unfortunately,frightening,creepy,worst,disgusting,horrible,terrifying
false,serious,disturbing,seriously,evil,terrible,wrong,stupid,hate,sick,negative,dangerous,illegal,crazy,scary,shit,uncomfortable,rounded,unfortunately,frightening,creepy,worst,disgusting,horrible,terrifying
false,serious,disturbing,seriously,evil,terrible,wrong,stupid,hate,sick,negative,dangerous,illegal,crazy,scary,shit,uncomfortable,rounded,unfortunately,frightening,creepy,worst,disgusting,horrible,terrifying
false,serious,disturbing,seriously,evil,terrible,wrong,stupid,hate,sick,negative,dangerous,illegal,crazy,scary,shit,uncomfortable,rounded,unfortunately,frightening,creepy,worst,disgusting,horrible,terrifying
false,serious,disturbing,seriously,evil,terrible,wrong,stupid,hate,sick,negative,dangerous,illegal,crazy,scary,shit,uncomfortable,rounded,unfortunately,frightening,creepy,worst,disgusting,horrible,terrifying
false,serious,disturbing,seriously,evil,terrible,wrong,stupid,hate,sick,negative,dangerous,illegal,crazy,scary,shit,uncomfortable,rounded,unfortunately,frightening,creepy,worst,disgusting,horrible,terrifying
false,serious,disturbing,seriously,evil,terrible,wrong,stupid,hate,sick,negative,dangerous,illegal,crazy,scary,shit,uncomfortable,rounded,unfortunately,frightening,creepy,worst,disgusting,horrible,terrifying
false,serious,disturbing,seriously,evil,terrible,wrong,stupid,hate,sick,negative,dangerous,illegal,crazy,scary,shit,uncomfortable,rounded,unfortunately,frightening,creepy,worst,disgusting,horrible,terrifying
false,serious,disturbing,seriously,evil,terrible,wrong,stupid,hate,sick,negative,dangerous,illegal,crazy,scary,shit,uncomfortable,rounded,unfortunately,frightening,creepy,worst,disgusting,horrible,terrifying
false,serious,disturbing,seriously,evil,terrible,wrong,stupid,hate,sick,negative,dangerous,illegal,crazy,scary,shit,uncomfortable,rounded,unfortunately,frightening,creepy,worst,disgusting,horrible,terrifying
false,serious,disturbing,seriously,evil,terrible,wrong,stupid,hate,sick,negative,dangerous,illegal,crazy,scary,shit,uncomfortable,rounded,unfortunately,frightening,creepy,worst,disgusting,horrible,terrifying
false,serious,disturbing,seriously,evil,terrible,wrong,stupid,hate,sick,negative,dangerous,illegal,crazy,scary,shit,uncomfortable,rounded,unfortunately,frightening,creepy,worst,disgusting,horrible,terrifying
false,serious,disturbing,seriously,evil,terrible,wrong,stupid,hate,sick,negative,dangerous,illegal,crazy,scary,shit,uncomfortable,rounded,unfortunately,frightening,creepy,worst,disgusting,horrible,terrifying
false,serious,disturbing,seriously,evil,terrible,wrong,stupid,hate,sick,negative,dangerous,illegal,crazy,scary,shit,uncomfortable,rounded,unfortunately,frightening,creepy,worst,disgusting,horrible,terrifying
false,serious,disturbing,seriously,evil,terrible,wrong,stupid,hate,sick,negative,dangerous,illegal,crazy,scary,shit,uncomfortable,rounded,unfortunately,frightening,creepy,worst,disgusting,horrible,terrifying
false,serious,disturbing,seriously,evil,terrible,wrong,stupid,hate,sick,negative,dangerous,illegal,crazy,scary,shit,uncomfortable,rounded,unfortunately,frightening,creepy,worst,disgusting,horrible,terrifying
false,serious,disturbing,seriously,evil,terrible,wrong,stupid,hate,sick,negative,dangerous,illegal,crazy,scary,shit,uncomfortable,rounded,unfortunately,frightening,creepy,worst,disgusting,horrible,terrifying
false,serious,disturbing,seriously,evil,terrible,wrong,stupid,hate,sick,negative,dangerous,illegal,crazy,scary,shit,uncomfortable,rounded,unfortunately,frightening,creepy,worst,disgusting,horrible,terrifying
false,serious,disturbing,seriously,evil,terrible,wrong,stupid,hate,sick,negative,dangerous,illegal,crazy,scary,shit,uncomfortable,rounded,unfortunately,frightening,creepy,worst,disgusting,horrible,terrifying
false,serious,disturbing,seriously,evil,terrible,wrong,stupid,hate,sick,negative,dangerous,illegal,crazy,scary,shit,uncomfortable,rounded,unfortunately,frightening,creepy,worst,disgusting,horrible,terrifying
false,serious,disturbing,seriously,evil,terrible,wrong,stupid,hate,sick,negative,dangerous,illegal,crazy,scary,shit,uncomfortable,rounded,unfortunately,frightening,creepy,worst,disgusting,horrible,terrifying
false,serious,disturbing,seriously,evil,terrible,wrong,stupid,hate,sick,negative,dangerous,illegal,crazy,scary,shit,uncomfortable,rounded,unfortunately,frightening,creepy,worst,disgusting,horrible,terrifying
false,serious,disturbing,seriously,evil,terrible,wrong,stupid,hate,sick,negative,dangerous,illegal,crazy,scary,shit,uncomfortable,rounded,unfortunately,frightening,creepy,worst,disgusting,horrible,terrifying
false,serious,disturbing,seriously,evil,terrible,wrong,stupid,hate,sick,negative,dangerous,illegal,crazy,scary,shit,uncomfortable,rounded,unfortunately,frightening,creepy,worst,disgusting,horrible,terrifying
false,serious,disturbing,seriously,evil,terrible,wrong,stupid,hate,sick,negative,dangerous,illegal,crazy,scary,shit,uncomfortable,rounded,unfortunately,frightening,creepy,worst,disgusting,horrible,terrifying
false,serious,disturbing,seriously,evil,terrible,wrong,stupid,hate,sick,negative,dangerous,illegal,crazy,scary,shit,uncomfortable,rounded,unfortunately,frightening,creepy,worst,disgusting,horrible,terrifying
false,serious,disturbing,seriously,evil,terrible,wrong,stupid,hate,sick,negative,dangerous,illegal,crazy,scary,shit,uncomfortable,rounded,unfortunately,frightening,creepy,worst,disgusting,horrible,terrifying
false,serious,disturbing,seriously,evil,terrible,wrong,stupid,hate,sick,negative,dangerous,illegal,crazy,scary,shit,uncomfortable,rounded,unfortunately,frightening,creepy,worst,disgusting,horrible,terrifying
false,serious,disturbing,seriously,evil,terrible,wrong,stupid,hate,sick,negative,dangerous,illegal,crazy,scary,shit,uncomfortable,rounded,unfortunately,frightening,creepy,worst,disgusting,horrible,terrifying
false,serious,disturbing,seriously,evil,terrible,wrong,stupid,hate,sick,negative,dangerous,illegal,crazy,scary,shit,uncomfortable,rounded,unfortunately,frightening,creepy,worst,disgusting,horrible,terrifying
false,serious,disturbing,seriously,evil,terrible,wrong,stupid,hate,sick,negative,dangerous,illegal,crazy,scary,shit,uncomfortable,rounded,unfortunately,frightening,creepy,worst,disgusting,horrible,terrifying
false,serious,disturbing,seriously,evil,terrible,wrong,stupid,hate,sick,negative,dangerous,illegal,crazy,scary,shit,uncomfortable,rounded,unfortunately,frightening,creepy,worst,disgusting,horrible,terrifying
false,serious,disturbing,seriously,evil,terrible,wrong,stupid,hate,sick,negative,dangerous,illegal,crazy,scary,shit,uncomfortable,rounded,unfortunately,frightening,creepy,worst,disgusting,horrible,terrifying
false,serious,disturbing,seriously,evil,terrible,wrong,stupid,hate,sick,negative,dangerous,illegal,crazy,scary,shit,uncomfortable,rounded,unfortunately,frightening,creepy,worst,disgusting,horrible,terrifying
false,serious,disturbing,seriously,evil,terrible,wrong,stupid,hate,sick,negative,dangerous,illegal,crazy,scary,shit,uncomfortable,rounded,unfortunately,frightening,creepy,worst,disgusting,horrible,terrifying
false,serious,disturbing,seriously,evil,terrible,wrong,stupid,hate,sick,negative,dangerous,illegal,crazy,scary,shit,uncomfortable,rounded,unfortunately,frightening,creepy,worst,disgusting,horrible,terrifying
false,serious,disturbing,seriously,evil,terrible,wrong,stupid,hate,sick,negative,dangerous,illegal,crazy,scary,shit,uncomfortable,rounded,unfortunately,frightening,creepy,worst,disgusting,horrible,terrifying
false,serious,disturbing,seriously,evil,terrible,wrong,stupid,hate,sick,negative,dangerous,illegal,crazy,scary,shit,uncomfortable,rounded,unfortunately,frightening,creepy,worst,disgusting,horrible,terrifying
false,serious,disturbing,seriously,evil,terrible,wrong,stupid,hate,sick,negative,dangerous,illegal,crazy,scary,shit,uncomfortable,rounded,unfortunately,frightening,creepy,worst,disgusting,horrible,terrifying
false,serious,disturbing,seriously,evil,terrible,wrong,stupid,hate,sick,negative,dangerous,illegal,crazy,scary,shit,uncomfortable,rounded,unfortunately,frightening,creepy,worst,disgusting,horrible,terrifying
false,serious,disturbing,seriously,evil,terrible,wrong,stupid,hate,sick,negative,dangerous,illegal,crazy,scary,shit,uncomfortable,rounded,unfortunately,frightening,creepy,worst,disgusting,horrible,terrifying
false,serious,disturbing,seriously,evil,terrible,wrong,stupid,hate,sick,negative,dangerous,illegal,crazy,scary,shit,uncomfortable,rounded,unfortunately,frightening,creepy,worst,disgusting,horrible,terrifying
false,serious,disturbing,seriously,evil,terrible,wrong,stupid,hate,sick,negative,dangerous,illegal,crazy,scary,shit,uncomfortable,rounded,unfortunately,frightening,creepy,worst,disgusting,horrible,terrifying
false,serious,disturbing,seriously,evil,terrible,wrong,stupid,hate,sick,negative,dangerous,illegal,crazy,scary,shit,uncomfortable,rounded,unfortunately,frightening,creepy,worst,disgusting,horrible,terrifying
false,serious,disturbing,seriously,evil,terrible,wrong,stupid,hate,sick,negative,dangerous,illegal,crazy,scary,shit,uncomfortable,rounded,awful,unfortunately,creepy,worst,disgusting,horrible,terrifying
false,serious,disturbing,seriously,evil,terrible,wrong,stupid,hate,sick,negative,dangerous,illegal,crazy,scary,shit,uncomfortable,rounded,awful,unfortunately,creepy,worst,disgusting,horrible,terrifying
false,serious,disturbing,seriously,evil,terrible,wrong,stupid,hate,sick,negative,dangerous,illegal,crazy,scary,shit,uncomfortable,rounded,awful,unfortunately,creepy,worst,disgusting,horrible,terrifying
false,serious,disturbing,seriously,evil,terrible,wrong,stupid,hate,sick,negative,dangerous,illegal,crazy,scary,shit,uncomfortable,rounded,awful,unfortunately,creepy,worst,disgusting,horrible,terrifying
false,serious,disturbing,seriously,evil,terrible,wrong,stupid,hate,sick,negative,dangerous,illegal,crazy,scary,shit,uncomfortable,rounded,awful,unfortunately,creepy,worst,disgusting,horrible,terrifying
false,serious,disturbing,seriously,evil,terrible,wrong,stupid,hate,sick,negative,dangerous,illegal,crazy,scary,shit,uncomfortable,rounded,awful,unfortunately,creepy,worst,disgusting,horrible,terrifying
false,serious,disturbing,seriously,evil,terrible,wrong,stupid,hate,sick,negative,dangerous,illegal,crazy,scary,shit,uncomfortable,rounded,awful,unfortunately,creepy,worst,disgusting,horrible,terrifying
false,serious,disturbing,seriously,evil,terrible,wrong,stupid,hate,sick,negative,dangerous,illegal,crazy,scary,shit,uncomfortable,rounded,awful,unfortunately,creepy,worst,disgusting,horrible,terrifying
false,serious,disturbing,seriously,evil,terrible,wrong,stupid,hate,sick,negative,dangerous,illegal,crazy,scary,shit,uncomfortable,rounded,awful,unfortunately,creepy,worst,disgusting,horrible,terrifying
false,serious,disturbing,seriously,evil,terrible,wrong,stupid,hate,sick,negative,dangerous,illegal,crazy,scary,shit,uncomfortable,rounded,awful,unfortunately,creepy,worst,disgusting,horrible,terrifying
false,serious,disturbing,seriously,evil,terrible,wrong,stupid,hate,sick,negative,dangerous,illegal,crazy,scary,shit,uncomfortable,rounded,awful,unfortunately,creepy,worst,disgusting,horrible,terrifying
false,serious,disturbing,seriously,evil,terrible,wrong,stupid,hate,sick,negative,dangerous,illegal,crazy,scary,shit,uncomfortable,rounded,awful,unfortunately,creepy,worst,disgusting,horrible,terrifying
false,serious,disturbing,seriously,evil,terrible,wrong,stupid,hate,sick,negative,dangerous,illegal,crazy,scary,shit,uncomfortable,rounded,awful,unfortunately,creepy,worst,disgusting,horrible,terrifying
false,serious,disturbing,seriously,evil,terrible,wrong,stupid,hate,sick,negative,dangerous,illegal,crazy,scary,shit,uncomfortable,rounded,awful,unfortunately,creepy,worst,disgusting,horrible,terrifying
false,serious,disturbing,seriously,evil,terrible,wrong,stupid,hate,sick,negative,dangerous,illegal,crazy,scary,shit,uncomfortable,rounded,awful,unfortunately,creepy,worst,disgusting,horrible,terrifying
false,serious,disturbing,seriously,evil,terrible,wrong,stupid,hate,sick,negative,dangerous,illegal,crazy,scary,shit,uncomfortable,rounded,awful,unfortunately,creepy,worst,disgusting,horrible,terrifying
false,serious,disturbing,seriously,evil,terrible,wrong,stupid,hate,sick,negative,dangerous,illegal,crazy,scary,shit,uncomfortable,rounded,awful,unfortunately,creepy,worst,disgusting,horrible,terrifying
false,serious,disturbing,seriously,evil,terrible,wrong,stupid,hate,sick,negative,dangerous,illegal,crazy,scary,shit,uncomfortable,rounded,awful,unfortunately,creepy,worst,disgusting,horrible,terrifying
false,serious,disturbing,seriously,evil,terrible,wrong,stupid,hate,sick,negative,dangerous,illegal,crazy,scary,shit,uncomfortable,rounded,awful,unfortunately,creepy,worst,disgusting,horrible,terrifying
false,serious,disturbing,seriously,evil,terrible,wrong,stupid,hate,sick,negative,dangerous,illegal,crazy,scary,shit,uncomfortable,rounded,awful,unfortunately,creepy,worst,disgusting,horrible,terrifying
false,serious,disturbing,seriously,evil,terrible,wrong,stupid,hate,sick,negative,dangerous,illegal,crazy,scary,shit,uncomfortable,rounded,awful,unfortunately,creepy,worst,disgusting,horrible,terrifying
false,serious,disturbing,seriously,evil,terrible,wrong,stupid,hate,sick,negative,dangerous,illegal,crazy,scary,shit,uncomfortable,rounded,awful,unfortunately,creepy,worst,disgusting,horrible,terrifying
false,serious,disturbing,seriously,evil,terrible,wrong,stupid,hate,sick,negative,dangerous,illegal,crazy,scary,shit,uncomfortable,rounded,awful,unfortunately,creepy,worst,disgusting,horrible,terrifying
false,serious,disturbing,seriously,evil,terrible,wrong,stupid,hate,sick,negative,dangerous,illegal,crazy,scary,shit,uncomfortable,rounded,awful,unfortunately,creepy,worst,disgusting,horrible,terrifying
false,serious,disturbing,seriously,evil,terrible,wrong,stupid,hate,sick,negative,dangerous,illegal,crazy,scary,shit,uncomfortable,rounded,awful,unfortunately,creepy,worst,disgusting,horrible,terrifying
false,serious,disturbing,seriously,evil,terrible,wrong,stupid,hate,sick,negative,dangerous,illegal,crazy,scary,shit,uncomfortable,rounded,awful,unfortunately,creepy,worst,disgusting,horrible,terrifying
false,serious,disturbing,seriously,evil,terrible,wrong,stupid,hate,sick,negative,dangerous,illegal,crazy,scary,shit,uncomfortable,rounded,awful,unfortunately,creepy,worst,disgusting,horrible,terrifying
false,serious,disturbing,seriously,evil,terrible,wrong,stupid,hate,sick,negative,dangerous,illegal,crazy,scary,shit,uncomfortable,rounded,awful,unfortunately,creepy,worst,disgusting,horrible,terrifying
false,serious,disturbing,seriously,evil,terrible,wrong,stupid,hate,sick,negative,dangerous,illegal,crazy,scary,shit,uncomfortable,rounded,awful,unfortunately,creepy,worst,disgusting,horrible,terrifying
false,serious,disturbing,seriously,evil,terrible,wrong,stupid,hate,sick,negative,dangerous,illegal,crazy,scary,shit,uncomfortable,rounded,awful,unfortunately,creepy,worst,disgusting,horrible,terrifying
false,serious,disturbing,seriously,evil,terrible,wrong,stupid,hate,sick,negative,dangerous,illegal,crazy,scary,shit,uncomfortable,rounded,awful,unfortunately,creepy,worst,disgusting,horrible,terrifying
false,serious,disturbing,seriously,evil,terrible,wrong,stupid,hate,sick,negative,dangerous,illegal,crazy,scary,shit,uncomfortable,rounded,awful,unfortunately,creepy,worst,disgusting,horrible,terrifying
false,serious,disturbing,seriously,evil,terrible,wrong,stupid,hate,sick,negative,dangerous,illegal,crazy,scary,shit,uncomfortable,rounded,awful,unfortunately,creepy,worst,disgusting,horrible,terrifying
false,serious,disturbing,seriously,evil,terrible,wrong,stupid,hate,sick,negative,dangerous,illegal,crazy,scary,shit,uncomfortable,rounded,awful,unfortunately,creepy,worst,disgusting,horrible,terrifying
false,serious,disturbing,seriously,evil,terrible,wrong,stupid,hate,sick,negative,dangerous,illegal,crazy,scary,shit,uncomfortable,rounded,awful,unfortunately,creepy,worst,disgusting,horrible,terrifying
false,serious,disturbing,seriously,evil,terrible,wrong,stupid,hate,sick,negative,dangerous,illegal,crazy,scary,shit,uncomfortable,rounded,awful,unfortunately,creepy,worst,disgusting,horrible,terrifying
false,serious,disturbing,seriously,evil,terrible,wrong,stupid,hate,sick,negative,dangerous,illegal,crazy,scary,shit,uncomfortable,rounded,awful,unfortunately,creepy,worst,disgusting,horrible,terrifying
false,serious,disturbing,seriously,evil,terrible,wrong,stupid,hate,sick,negative,dangerous,illegal,crazy,scary,shit,uncomfortable,rounded,awful,unfortunately,creepy,worst,disgusting,horrible,terrifying
false,serious,disturbing,seriously,evil,terrible,wrong,stupid,hate,sick,negative,dangerous,illegal,crazy,scary,shit,uncomfortable,rounded,awful,unfortunately,creepy,worst,disgusting,horrible,terrifying
false,serious,disturbing,seriously,evil,terrible,wrong,stupid,hate,sick,negative,dangerous,illegal,crazy,scary,shit,uncomfortable,rounded,awful,unfortunately,creepy,worst,disgusting,horrible,terrifying
false,serious,disturbing,seriously,evil,terrible,wrong,stupid,hate,sick,negative,dangerous,illegal,crazy,scary,shit,uncomfortable,rounded,awful,unfortunately,creepy,worst,disgusting,horrible,terrifying
false,serious,disturbing,seriously,evil,terrible,wrong,stupid,hate,sick,negative,dangerous,illegal,crazy,scary,shit,uncomfortable,rounded,awful,unfortunately,creepy,worst,disgusting,horrible,terrifying
false,serious,disturbing,seriously,evil,terrible,wrong,stupid,hate,sick,negative,dangerous,illegal,crazy,scary,shit,uncomfortable,rounded,awful,unfortunately,creepy,worst,disgusting,horrible,terrifying
false,serious,disturbing,seriously,evil,terrible,wrong,stupid,hate,sick,negative,dangerous,illegal,crazy,scary,shit,uncomfortable,rounded,awful,unfortunately,creepy,worst,disgusting,horrible,terrifying
false,serious,disturbing,seriously,evil,terrible,wrong,stupid,hate,sick,negative,dangerous,illegal,crazy,scary,shit,uncomfortable,rounded,awful,unfortunately,creepy,worst,disgusting,horrible,terrifying
false,serious,disturbing,seriously,evil,terrible,wrong,stupid,hate,sick,negative,dangerous,illegal,crazy,scary,shit,uncomfortable,rounded,awful,unfortunately,creepy,worst,disgusting,horrible,terrifying
false,serious,disturbing,seriously,evil,terrible,wrong,stupid,hate,sick,negative,dangerous,illegal,crazy,scary,shit,uncomfortable,rounded,awful,unfortunately,creepy,worst,disgusting,horrible,terrifying
false,serious,disturbing,seriously,evil,terrible,wrong,stupid,hate,sick,negative,dangerous,illegal,crazy,scary,shit,uncomfortable,rounded,awful,unfortunately,creepy,worst,disgusting,horrible,terrifying
false,serious,disturbing,seriously,evil,terrible,wrong,stupid,hate,sick,negative,dangerous,illegal,crazy,scary,shit,uncomfortable,rounded,awful,unfortunately,creepy,worst,disgusting,horrible,terrifying
false,serious,disturbing,seriously,evil,terrible,wrong,stupid,hate,sick,negative,dangerous,illegal,crazy,scary,shit,uncomfortable,rounded,awful,unfortunately,creepy,worst,disgusting,horrible,terrifying
false,serious,disturbing,seriously,evil,terrible,wrong,stupid,hate,sick,negative,dangerous,illegal,crazy,scary,shit,uncomfortable,rounded,awful,unfortunately,creepy,worst,disgusting,horrible,terrifying
false,serious,disturbing,seriously,evil,terrible,wrong,stupid,hate,sick,negative,dangerous,illegal,crazy,scary,shit,uncomfortable,rounded,awful,unfortunately,creepy,worst,disgusting,horrible,terrifying
false,serious,disturbing,seriously,evil,terrible,wrong,stupid,hate,sick,negative,dangerous,illegal,crazy,scary,shit,uncomfortable,rounded,awful,unfortunately,creepy,worst,disgusting,horrible,terrifying
false,serious,disturbing,seriously,evil,terrible,wrong,stupid,hate,sick,negative,dangerous,illegal,crazy,scary,shit,uncomfortable,rounded,awful,unfortunately,creepy,worst,disgusting,horrible,terrifying
false,serious,disturbing,seriously,evil,terrible,wrong,stupid,hate,sick,negative,dangerous,illegal,crazy,scary,shit,uncomfortable,rounded,awful,unfortunately,creepy,worst,disgusting,horrible,terrifying
false,serious,disturbing,seriously,evil,terrible,wrong,stupid,hate,sick,negative,dangerous,illegal,crazy,scary,shit,uncomfortable,rounded,awful,unfortunately,creepy,worst,disgusting,horrible,terrifying
false,serious,disturbing,seriously,evil,terrible,wrong,stupid,hate,sick,negative,dangerous,illegal,crazy,scary,shit,uncomfortable,rounded,awful,unfortunately,creepy,worst,disgusting,horrible,terrifying
false,serious,disturbing,seriously,evil,terrible,wrong,stupid,hate,sick,negative,dangerous,illegal,crazy,scary,shit,uncomfortable,rounded,awful,unfortunately,creepy,worst,disgusting,horrible,terrifying
false,serious,disturbing,seriously,evil,terrible,wrong,stupid,hate,sick,negative,dangerous,illegal,crazy,scary,shit,uncomfortable,rounded,awful,unfortunately,creepy,worst,disgusting,horrible,terrifying
false,serious,disturbing,seriously,evil,terrible,wrong,stupid,hate,sick,negative,dangerous,illegal,crazy,scary,shit,uncomfortable,rounded,awful,unfortunately,creepy,worst,disgusting,horrible,terrifying
false,serious,disturbing,seriously,evil,terrible,wrong,stupid,hate,sick,negative,dangerous,illegal,crazy,scary,shit,uncomfortable,rounded,awful,unfortunately,creepy,worst,disgusting,horrible,terrifying
false,serious,disturbing,seriously,evil,terrible,wrong,stupid,hate,sick,negative,dangerous,illegal,crazy,scary,shit,uncomfortable,rounded,awful,unfortunately,creepy,worst,disgusting,horrible,terrifying
false,serious,disturbing,seriously,evil,terrible,wrong,stupid,hate,sick,negative,dangerous,illegal,crazy,scary,shit,uncomfortable,rounded,awful,unfortunately,creepy,worst,disgusting,horrible,terrifying
false,serious,disturbing,seriously,evil,terrible,wrong,stupid,hate,sick,negative,dangerous,illegal,crazy,scary,shit,uncomfortable,rounded,awful,unfortunately,creepy,worst,disgusting,horrible,terrifying
false,serious,disturbing,seriously,evil,terrible,wrong,stupid,hate,sick,negative,dangerous,illegal,crazy,scary,shit,uncomfortable,rounded,awful,unfortunately,creepy,worst,disgusting,horrible,terrifying
false,serious,disturbing,seriously,evil,terrible,wrong,stupid,hate,sick,negative,dangerous,illegal,crazy,scary,shit,uncomfortable,rounded,awful,unfortunately,creepy,worst,disgusting,horrible,terrifying
false,serious,disturbing,seriously,evil,terrible,wrong,stupid,hate,sick,negative,dangerous,illegal,crazy,scary,shit,uncomfortable,rounded,awful,unfortunately,creepy,worst,disgusting,horrible,terrifying
false,serious,disturbing,seriously,evil,terrible,wrong,stupid,hate,sick,negative,dangerous,illegal,crazy,scary,shit,uncomfortable,rounded,awful,unfortunately,creepy,worst,disgusting,horrible,terrifying
false,serious,disturbing,seriously,evil,terrible,wrong,stupid,hate,sick,negative,dangerous,illegal,crazy,scary,shit,uncomfortable,rounded,awful,unfortunately,creepy,worst,disgusting,horrible,terrifying
false,serious,disturbing,seriously,evil,terrible,wrong,stupid,hate,sick,negative,dangerous,illegal,crazy,scary,shit,uncomfortable,rounded,awful,unfortunately,creepy,worst,disgusting,horrible,terrifying
false,serious,disturbing,seriously,evil,terrible,wrong,stupid,hate,sick,negative,dangerous,illegal,crazy,scary,shit,uncomfortable,rounded,awful,unfortunately,creepy,worst,disgusting,horrible,terrifying
false,serious,disturbing,seriously,evil,terrible,wrong,stupid,hate,sick,negative,dangerous,illegal,crazy,scary,shit,uncomfortable,rounded,awful,unfortunately,creepy,worst,disgusting,horrible,terrifying
false,serious,disturbing,seriously,evil,terrible,wrong,stupid,hate,sick,negative,dangerous,illegal,crazy,scary,shit,uncomfortable,rounded,awful,unfortunately,creepy,worst,disgusting,horrible,terrifying
false,serious,disturbing,seriously,evil,terrible,wrong,stupid,hate,sick,negative,dangerous,illegal,crazy,scary,shit,uncomfortable,rounded,awful,unfortunately,creepy,worst,disgusting,horrible,terrifying
false,serious,disturbing,seriously,evil,terrible,wrong,stupid,hate,sick,negative,dangerous,illegal,crazy,scary,shit,uncomfortable,rounded,awful,unfortunately,creepy,worst,disgusting,horrible,terrifying
false,serious,disturbing,seriously,evil,terrible,wrong,stupid,hate,sick,negative,dangerous,illegal,crazy,scary,shit,uncomfortable,rounded,awful,unfortunately,creepy,worst,disgusting,horrible,terrifying
false,serious,disturbing,seriously,evil,terrible,wrong,stupid,hate,sick,negative,dangerous,illegal,crazy,scary,shit,uncomfortable,rounded,awful,unfortunately,creepy,worst,disgusting,horrible,terrifying
false,serious,disturbing,seriously,evil,terrible,wrong,stupid,hate,sick,negative,dangerous,illegal,crazy,scary,shit,uncomfortable,rounded,awful,unfortunately,creepy,worst,disgusting,horrible,terrifying
false,serious,disturbing,seriously,evil,terrible,wrong,stupid,hate,sick,negative,dangerous,illegal,crazy,scary,shit,uncomfortable,rounded,awful,unfortunately,creepy,worst,disgusting,horrible,terrifying
false,serious,disturbing,seriously,evil,terrible,wrong,stupid,hate,sick,negative,dangerous,illegal,crazy,scary,shit,uncomfortable,rounded,awful,unfortunately,creepy,worst,disgusting,horrible,terrifying
false,serious,disturbing,seriously,evil,terrible,wrong,stupid,hate,sick,negative,dangerous,illegal,crazy,scary,shit,uncomfortable,rounded,awful,unfortunately,creepy,worst,disgusting,horrible,terrifying
false,serious,disturbing,seriously,evil,terrible,wrong,stupid,hate,sick,negative,dangerous,illegal,crazy,scary,shit,uncomfortable,rounded,awful,unfortunately,creepy,worst,disgusting,horrible,terrifying
false,serious,disturbing,seriously,evil,terrible,wrong,stupid,hate,sick,negative,dangerous,illegal,crazy,scary,shit,uncomfortable,rounded,awful,unfortunately,creepy,worst,disgusting,horrible,terrifying
false,serious,disturbing,seriously,evil,terrible,wrong,stupid,hate,sick,negative,dangerous,illegal,crazy,scary,shit,uncomfortable,rounded,awful,unfortunately,creepy,worst,disgusting,horrible,terrifying
false,serious,disturbing,seriously,evil,terrible,wrong,stupid,hate,sick,negative,dangerous,illegal,crazy,scary,shit,uncomfortable,rounded,awful,unfortunately,creepy,worst,disgusting,horrible,terrifying
false,serious,disturbing,seriously,evil,terrible,wrong,stupid,hate,sick,negative,dangerous,illegal,crazy,scary,shit,uncomfortable,rounded,awful,unfortunately,creepy,worst,disgusting,horrible,terrifying
false,serious,disturbing,seriously,evil,terrible,wrong,stupid,hate,sick,negative,dangerous,illegal,crazy,scary,shit,uncomfortable,rounded,awful,unfortunately,creepy,worst,disgusting,horrible,terrifying
false,serious,disturbing,seriously,evil,terrible,wrong,stupid,hate,sick,negative,dangerous,illegal,crazy,scary,shit,uncomfortable,rounded,awful,unfortunately,creepy,worst,disgusting,horrible,terrifying
false,serious,disturbing,seriously,evil,terrible,wrong,stupid,hate,sick,negative,dangerous,illegal,crazy,scary,shit,uncomfortable,rounded,awful,unfortunately,creepy,worst,disgusting,horrible,terrifying
false,serious,disturbing,seriously,evil,terrible,wrong,stupid,hate,sick,negative,dangerous,illegal,crazy,scary,shit,uncomfortable,rounded,awful,unfortunately,creepy,worst,disgusting,horrible,terrifying
false,serious,disturbing,seriously,evil,terrible,wrong,stupid,hate,sick,negative,dangerous,illegal,crazy,scary,shit,uncomfortable,rounded,awful,unfortunately,creepy,worst,disgusting,horrible,terrifying
false,serious,disturbing,seriously,evil,terrible,wrong,stupid,hate,sick,negative,dangerous,illegal,crazy,scary,shit,uncomfortable,rounded,awful,unfortunately,creepy,worst,disgusting,horrible,terrifying
false,serious,disturbing,seriously,evil,terrible,wrong,stupid,hate,sick,negative,dangerous,illegal,crazy,scary,shit,uncomfortable,rounded,awful,unfortunately,creepy,worst,disgusting,horrible,terrifying
false,serious,disturbing,seriously,evil,terrible,wrong,stupid,hate,sick,negative,dangerous,illegal,crazy,scary,shit,uncomfortable,rounded,awful,unfortunately,creepy,worst,disgusting,horrible,terrifying
false,serious,disturbing,seriously,evil,terrible,wrong,stupid,hate,sick,negative,dangerous,illegal,crazy,scary,shit,uncomfortable,rounded,awful,unfortunately,creepy,worst,disgusting,horrible,terrifying
false,serious,disturbing,seriously,evil,terrible,wrong,stupid,hate,sick,negative,dangerous,illegal,crazy,scary,shit,uncomfortable,rounded,awful,unfortunately,creepy,worst,disgusting,horrible,terrifying
false,serious,disturbing,seriously,evil,terrible,wrong,stupid,hate,sick,negative,dangerous,illegal,crazy,scary,shit,uncomfortable,rounded,awful,unfortunately,creepy,worst,disgusting,horrible,terrifying
false,serious,disturbing,seriously,evil,terrible,wrong,stupid,hate,sick,negative,dangerous,illegal,crazy,scary,shit,uncomfortable,rounded,awful,unfortunately,creepy,worst,disgusting,horrible,terrifying
false,serious,disturbing,seriously,evil,terrible,wrong,stupid,hate,sick,negative,dangerous,illegal,crazy,scary,shit,uncomfortable,rounded,awful,unfortunately,creepy,worst,disgusting,horrible,terrifying
false,serious,disturbing,seriously,evil,terrible,wrong,stupid,hate,sick,negative,dangerous,illegal,crazy,scary,shit,uncomfortable,rounded,awful,unfortunately,creepy,worst,disgusting,horrible,terrifying
false,serious,disturbing,seriously,evil,terrible,wrong,stupid,hate,sick,negative,dangerous,illegal,crazy,scary,shit,uncomfortable,rounded,awful,unfortunately,creepy,worst,disgusting,horrible,terrifying
false,serious,disturbing,seriously,evil,terrible,wrong,stupid,hate,sick,negative,dangerous,illegal,crazy,scary,shit,uncomfortable,rounded,awful,unfortunately,creepy,worst,disgusting,horrible,terrifying
false,serious,disturbing,seriously,evil,terrible,wrong,stupid,hate,sick,negative,dangerous,illegal,crazy,scary,shit,uncomfortable,rounded,awful,unfortunately,creepy,worst,disgusting,horrible,terrifying
false,serious,disturbing,seriously,evil,terrible,wrong,stupid,hate,sick,negative,dangerous,illegal,crazy,scary,shit,uncomfortable,rounded,awful,unfortunately,creepy,worst,disgusting,horrible,terrifying
false,serious,disturbing,seriously,evil,terrible,wrong,stupid,hate,sick,negative,dangerous,illegal,crazy,scary,shit,uncomfortable,rounded,awful,unfortunately,creepy,worst,disgusting,horrible,terrifying
false,serious,disturbing,seriously,evil,terrible,wrong,stupid,hate,sick,negative,dangerous,illegal,crazy,scary,shit,uncomfortable,rounded,awful,unfortunately,creepy,worst,disgusting,horrible,terrifying
false,serious,disturbing,seriously,evil,terrible,wrong,stupid,hate,sick,negative,dangerous,illegal,crazy,scary,shit,uncomfortable,rounded,awful,unfortunately,creepy,worst,disgusting,horrible,terrifying
false,serious,disturbing,seriously,evil,terrible,wrong,stupid,hate,sick,negative,dangerous,illegal,crazy,scary,shit,uncomfortable,rounded,awful,unfortunately,creepy,worst,disgusting,horrible,terrifying
false,serious,disturbing,seriously,evil,terrible,wrong,stupid,hate,sick,negative,dangerous,illegal,crazy,scary,shit,uncomfortable,rounded,awful,unfortunately,creepy,worst,disgusting,horrible,terrifying
false,serious,disturbing,seriously,evil,terrible,wrong,stupid,hate,sick,negative,dangerous,illegal,crazy,scary,shit,uncomfortable,rounded,awful,unfortunately,creepy,worst,disgusting,horrible,terrifying
false,serious,disturbing,seriously,evil,terrible,wrong,stupid,hate,sick,negative,dangerous,illegal,crazy,scary,shit,uncomfortable,rounded,awful,unfortunately,creepy,worst,disgusting,horrible,terrifying
false,serious,disturbing,seriously,evil,terrible,wrong,stupid,hate,sick,negative,dangerous,illegal,crazy,scary,shit,uncomfortable,rounded,awful,unfortunately,creepy,worst,disgusting,horrible,terrifying
false,serious,disturbing,seriously,evil,terrible,wrong,stupid,hate,sick,negative,dangerous,illegal,crazy,scary,shit,uncomfortable,rounded,awful,unfortunately,creepy,worst,disgusting,horrible,terrifying
false,serious,disturbing,seriously,evil,terrible,wrong,stupid,hate,sick,negative,dangerous,illegal,crazy,scary,shit,uncomfortable,rounded,awful,unfortunately,creepy,worst,disgusting,horrible,terrifying
false,serious,disturbing,seriously,evil,terrible,wrong,stupid,hate,sick,negative,dangerous,illegal,crazy,scary,shit,uncomfortable,rounded,awful,unfortunately,creepy,worst,disgusting,horrible,terrifying
false,serious,disturbing,seriously,evil,terrible,wrong,stupid,hate,sick,negative,dangerous,illegal,crazy,scary,shit,uncomfortable,rounded,awful,unfortunately,creepy,worst,disgusting,horrible,terrifying
false,serious,disturbing,seriously,evil,terrible,wrong,stupid,hate,sick,negative,dangerous,illegal,crazy,scary,shit,uncomfortable,rounded,awful,unfortunately,creepy,worst,disgusting,horrible,terrifying
false,serious,disturbing,seriously,evil,terrible,wrong,stupid,hate,sick,negative,dangerous,illegal,crazy,scary,shit,uncomfortable,rounded,awful,unfortunately,creepy,worst,disgusting,horrible,terrifying
false,serious,disturbing,seriously,evil,terrible,wrong,stupid,hate,sick,negative,dangerous,illegal,crazy,scary,shit,uncomfortable,rounded,awful,unfortunately,creepy,worst,disgusting,horrible,terrifying
false,serious,disturbing,seriously,evil,terrible,wrong,stupid,hate,sick,negative,dangerous,illegal,crazy,scary,shit,uncomfortable,rounded,awful,unfortunately,creepy,worst,disgusting,horrible,terrifying
false,serious,disturbing,seriously,evil,terrible,wrong,stupid,hate,sick,negative,dangerous,illegal,crazy,scary,shit,uncomfortable,rounded,awful,unfortunately,creepy,worst,disgusting,horrible,terrifying
false,serious,disturbing,seriously,evil,terrible,wrong,stupid,hate,sick,negative,dangerous,illegal,crazy,scary,shit,uncomfortable,rounded,awful,unfortunately,creepy,worst,disgusting,horrible,terrifying
false,serious,disturbing,seriously,evil,terrible,wrong,stupid,hate,sick,negative,dangerous,illegal,crazy,scary,shit,uncomfortable,rounded,awful,unfortunately,creepy,worst,disgusting,horrible,terrifying
false,serious,disturbing,seriously,evil,terrible,wrong,stupid,hate,sick,negative,dangerous,illegal,crazy,scary,shit,uncomfortable,rounded,awful,unfortunately,creepy,worst,disgusting,horrible,terrifying
false,serious,disturbing,seriously,evil,terrible,wrong,stupid,hate,sick,negative,dangerous,illegal,crazy,scary,shit,uncomfortable,rounded,awful,unfortunately,creepy,worst,disgusting,horrible,terrifying
false,serious,disturbing,seriously,evil,terrible,wrong,stupid,hate,sick,negative,dangerous,illegal,crazy,scary,shit,uncomfortable,rounded,awful,unfortunately,creepy,worst,disgusting,horrible,terrifying
false,serious,disturbing,seriously,evil,terrible,wrong,stupid,hate,sick,negative,dangerous,illegal,crazy,scary,shit,uncomfortable,rounded,awful,unfortunately,creepy,worst,disgusting,horrible,terrifying
false,serious,disturbing,seriously,evil,terrible,wrong,stupid,hate,sick,negative,dangerous,illegal,crazy,scary,shit,uncomfortable,rounded,awful,unfortunately,creepy,worst,disgusting,horrible,terrifying
false,serious,disturbing,seriously,evil,terrible,wrong,stupid,hate,sick,negative,dangerous,illegal,crazy,scary,shit,uncomfortable,rounded,awful,unfortunately,creepy,worst,disgusting,horrible,terrifying
false,serious,disturbing,seriously,evil,terrible,wrong,stupid,hate,sick,negative,dangerous,illegal,crazy,scary,shit,uncomfortable,rounded,awful,unfortunately,creepy,worst,disgusting,horrible,terrifying
false,serious,disturbing,seriously,evil,terrible,wrong,stupid,hate,sick,negative,dangerous,illegal,crazy,scary,shit,uncomfortable,rounded,awful,unfortunately,creepy,worst,disgusting,horrible,terrifying
false,serious,disturbing,seriously,evil,terrible,wrong,stupid,hate,sick,negative,dangerous,illegal,crazy,scary,shit,uncomfortable,rounded,awful,unfortunately,creepy,worst,disgusting,horrible,terrifying
false,serious,disturbing,seriously,evil,terrible,wrong,stupid,hate,sick,negative,dangerous,illegal,crazy,scary,shit,uncomfortable,rounded,awful,unfortunately,creepy,worst,disgusting,horrible,terrifying
false,serious,disturbing,seriously,evil,terrible,wrong,stupid,hate,sick,negative,dangerous,illegal,crazy,scary,shit,uncomfortable,rounded,awful,unfortunately,creepy,worst,disgusting,horrible,terrifying
false,serious,disturbing,seriously,evil,terrible,wrong,stupid,hate,sick,negative,dangerous,illegal,crazy,scary,shit,uncomfortable,rounded,awful,unfortunately,creepy,worst,disgusting,horrible,terrifying
false,serious,disturbing,seriously,evil,terrible,wrong,stupid,hate,sick,negative,dangerous,illegal,crazy,scary,shit,uncomfortable,rounded,awful,unfortunately,creepy,worst,disgusting,horrible,terrifying
false,serious,disturbing,seriously,evil,terrible,wrong,stupid,hate,sick,negative,dangerous,illegal,crazy,scary,shit,uncomfortable,rounded,awful,unfortunately,creepy,worst,disgusting,horrible,terrifying
false,serious,disturbing,seriously,evil,terrible,wrong,stupid,hate,sick,negative,dangerous,illegal,crazy,scary,shit,uncomfortable,rounded,awful,unfortunately,creepy,worst,disgusting,horrible,terrifying
false,serious,disturbing,seriously,evil,terrible,wrong,stupid,hate,sick,negative,dangerous,illegal,crazy,scary,shit,uncomfortable,rounded,awful,unfortunately,creepy,worst,disgusting,horrible,terrifying
false,serious,disturbing,seriously,evil,terrible,wrong,stupid,hate,sick,negative,dangerous,illegal,crazy,scary,shit,uncomfortable,rounded,awful,unfortunately,creepy,worst,disgusting,horrible,terrifying
false,serious,disturbing,seriously,evil,terrible,wrong,stupid,hate,sick,negative,dangerous,illegal,crazy,scary,shit,uncomfortable,rounded,awful,unfortunately,creepy,worst,disgusting,horrible,terrifying
false,serious,disturbing,seriously,evil,terrible,wrong,stupid,hate,sick,negative,dangerous,illegal,crazy,scary,shit,uncomfortable,rounded,awful,unfortunately,creepy,worst,disgusting,horrible,terrifying
false,serious,disturbing,seriously,evil,terrible,wrong,stupid,hate,sick,negative,dangerous,illegal,crazy,scary,shit,uncomfortable,rounded,awful,unfortunately,creepy,worst,disgusting,horrible,terrifying
false,serious,disturbing,seriously,evil,terrible,wrong,stupid,hate,sick,negative,dangerous,illegal,crazy,scary,shit,uncomfortable,rounded,awful,unfortunately,creepy,worst,disgusting,horrible,terrifying
false,serious,disturbing,seriously,evil,terrible,wrong,stupid,hate,sick,negative,dangerous,illegal,crazy,scary,shit,uncomfortable,rounded,awful,unfortunately,creepy,worst,disgusting,horrible,terrifying
false,serious,disturbing,seriously,evil,terrible,wrong,stupid,hate,sick,negative,dangerous,illegal,crazy,scary,shit,uncomfortable,rounded,awful,unfortunately,creepy,worst,disgusting,horrible,terrifying
false,serious,disturbing,seriously,evil,terrible,wrong,stupid,hate,sick,negative,dangerous,illegal,crazy,scary,shit,uncomfortable,rounded,awful,unfortunately,creepy,worst,disgusting,horrible,terrifying
false,serious,disturbing,seriously,evil,terrible,wrong,stupid,hate,sick,negative,dangerous,illegal,crazy,scary,shit,uncomfortable,rounded,awful,unfortunately,creepy,worst,disgusting,horrible,terrifying
false,serious,disturbing,seriously,evil,terrible,wrong,stupid,hate,sick,negative,dangerous,illegal,crazy,scary,shit,uncomfortable,rounded,awful,unfortunately,creepy,worst,disgusting,horrible,terrifying
false,serious,disturbing,seriously,evil,terrible,wrong,stupid,hate,sick,negative,dangerous,illegal,crazy,scary,shit,uncomfortable,rounded,awful,unfortunately,creepy,worst,disgusting,horrible,terrifying
false,serious,disturbing,seriously,evil,terrible,wrong,stupid,hate,sick,negative,dangerous,illegal,crazy,scary,shit,uncomfortable,rounded,awful,unfortunately,creepy,worst,disgusting,horrible,terrifying
false,serious,disturbing,seriously,evil,terrible,wrong,stupid,hate,sick,negative,dangerous,illegal,crazy,scary,shit,uncomfortable,rounded,awful,unfortunately,creepy,worst,disgusting,horrible,terrifying
false,serious,disturbing,seriously,evil,terrible,wrong,stupid,hate,sick,negative,dangerous,illegal,crazy,scary,shit,uncomfortable,rounded,awful,unfortunately,creepy,worst,disgusting,horrible,terrifying
false,serious,disturbing,seriously,evil,terrible,wrong,stupid,hate,sick,negative,dangerous,illegal,crazy,scary,shit,uncomfortable,rounded,awful,unfortunately,creepy,worst,disgusting,horrible,terrifying
false,serious,disturbing,seriously,evil,terrible,wrong,stupid,hate,sick,negative,dangerous,illegal,crazy,scary,shit,uncomfortable,rounded,awful,unfortunately,creepy,worst,disgusting,horrible,terrifying
false,serious,disturbing,seriously,evil,terrible,wrong,stupid,hate,sick,negative,dangerous,illegal,crazy,scary,shit,uncomfortable,rounded,awful,unfortunately,creepy,worst,disgusting,horrible,terrifying
false,serious,disturbing,seriously,evil,terrible,wrong,stupid,hate,sick,negative,dangerous,illegal,crazy,scary,shit,uncomfortable,rounded,awful,unfortunately,creepy,worst,disgusting,horrible,terrifying
false,serious,disturbing,seriously,evil,terrible,wrong,stupid,hate,sick,negative,dangerous,illegal,crazy,scary,shit,uncomfortable,rounded,awful,unfortunately,creepy,worst,disgusting,horrible,terrifying
false,serious,disturbing,seriously,evil,terrible,wrong,stupid,hate,sick,negative,dangerous,illegal,crazy,scary,shit,uncomfortable,rounded,awful,unfortunately,creepy,worst,disgusting,horrible,terrifying
false,serious,disturbing,seriously,evil,terrible,wrong,stupid,hate,sick,negative,dangerous,illegal,crazy,scary,shit,uncomfortable,rounded,awful,unfortunately,creepy,worst,disgusting,horrible,terrifying
false,serious,disturbing,seriously,evil,terrible,wrong,stupid,hate,sick,negative,dangerous,illegal,crazy,scary,shit,uncomfortable,rounded,awful,unfortunately,creepy,worst,disgusting,horrible,terrifying
false,serious,disturbing,seriously,evil,terrible,wrong,stupid,hate,sick,negative,dangerous,illegal,crazy,scary,shit,uncomfortable,rounded,awful,unfortunately,creepy,worst,disgusting,horrible,terrifying
false,serious,disturbing,seriously,evil,terrible,wrong,stupid,hate,sick,negative,dangerous,illegal,crazy,scary,shit,uncomfortable,rounded,awful,unfortunately,creepy,worst,disgusting,horrible,terrifying
false,serious,disturbing,seriously,evil,terrible,wrong,stupid,hate,sick,negative,dangerous,illegal,crazy,scary,shit,uncomfortable,rounded,awful,unfortunately,creepy,worst,disgusting,horrible,terrifying
false,serious,disturbing,seriously,evil,terrible,wrong,stupid,hate,sick,negative,dangerous,illegal,crazy,scary,shit,uncomfortable,rounded,awful,unfortunately,creepy,worst,disgusting,horrible,terrifying
false,serious,disturbing,seriously,evil,terrible,wrong,stupid,hate,sick,negative,dangerous,illegal,crazy,scary,shit,uncomfortable,rounded,awful,unfortunately,creepy,worst,disgusting,horrible,terrifying
false,serious,disturbing,seriously,evil,terrible,wrong,stupid,hate,sick,negative,dangerous,illegal,crazy,scary,shit,uncomfortable,rounded,awful,unfortunately,creepy,worst,disgusting,horrible,terrifying
false,serious,disturbing,seriously,evil,terrible,wrong,stupid,hate,sick,negative,dangerous,illegal,crazy,scary,shit,uncomfortable,rounded,awful,unfortunately,creepy,worst,disgusting,horrible,terrifying
false,serious,disturbing,seriously,evil,terrible,wrong,stupid,hate,sick,negative,dangerous,illegal,crazy,scary,shit,uncomfortable,rounded,awful,unfortunately,creepy,worst,disgusting,horrible,terrifying
false,serious,disturbing,seriously,evil,terrible,wrong,stupid,hate,sick,negative,dangerous,illegal,crazy,scary,shit,uncomfortable,rounded,awful,unfortunately,creepy,worst,disgusting,horrible,terrifying
false,serious,disturbing,seriously,evil,terrible,wrong,stupid,hate,sick,negative,dangerous,illegal,crazy,scary,shit,uncomfortable,rounded,awful,unfortunately,creepy,worst,disgusting,horrible,terrifying
false,serious,disturbing,seriously,evil,terrible,wrong,stupid,hate,sick,negative,dangerous,illegal,crazy,scary,shit,uncomfortable,rounded,awful,unfortunately,creepy,worst,disgusting,horrible,terrifying
false,serious,disturbing,seriously,evil,terrible,wrong,stupid,hate,sick,negative,dangerous,illegal,crazy,scary,shit,uncomfortable,rounded,awful,unfortunately,creepy,worst,disgusting,horrible,terrifying
false,serious,disturbing,seriously,evil,terrible,wrong,stupid,hate,sick,negative,dangerous,illegal,crazy,scary,shit,uncomfortable,rounded,awful,unfortunately,creepy,worst,disgusting,horrible,terrifying
false,serious,disturbing,seriously,evil,terrible,wrong,stupid,hate,sick,negative,dangerous,illegal,crazy,scary,shit,uncomfortable,rounded,awful,unfortunately,creepy,worst,disgusting,horrible,terrifying
false,serious,disturbing,seriously,evil,terrible,wrong,stupid,hate,sick,negative,dangerous,illegal,crazy,scary,shit,uncomfortable,rounded,awful,unfortunately,creepy,worst,disgusting,horrible,terrifying
false,serious,disturbing,seriously,evil,terrible,wrong,stupid,hate,sick,negative,dangerous,illegal,crazy,scary,shit,uncomfortable,rounded,awful,unfortunately,creepy,worst,disgusting,horrible,terrifying
false,serious,disturbing,seriously,evil,terrible,wrong,stupid,hate,sick,negative,dangerous,illegal,crazy,scary,shit,uncomfortable,rounded,awful,unfortunately,creepy,worst,disgusting,horrible,terrifying
false,serious,disturbing,seriously,evil,terrible,wrong,stupid,hate,sick,negative,dangerous,illegal,crazy,scary,shit,uncomfortable,rounded,awful,unfortunately,creepy,worst,disgusting,horrible,terrifying
false,serious,disturbing,seriously,evil,terrible,wrong,stupid,hate,sick,negative,dangerous,illegal,crazy,scary,shit,uncomfortable,rounded,awful,unfortunately,creepy,worst,disgusting,horrible,terrifying
false,serious,disturbing,seriously,evil,terrible,wrong,stupid,hate,sick,negative,dangerous,illegal,crazy,scary,shit,uncomfortable,rounded,awful,unfortunately,creepy,worst,disgusting,horrible,terrifying
false,serious,disturbing,seriously,evil,terrible,wrong,stupid,hate,sick,negative,dangerous,illegal,crazy,scary,shit,uncomfortable,rounded,awful,unfortunately,creepy,worst,disgusting,horrible,terrifying
false,serious,disturbing,seriously,evil,terrible,wrong,stupid,hate,sick,negative,dangerous,illegal,crazy,scary,shit,uncomfortable,rounded,awful,unfortunately,creepy,worst,disgusting,horrible,terrifying
false,serious,disturbing,seriously,evil,terrible,wrong,stupid,hate,sick,negative,dangerous,illegal,crazy,scary,shit,uncomfortable,rounded,awful,unfortunately,creepy,worst,disgusting,horrible,terrifying
false,serious,disturbing,seriously,evil,terrible,wrong,stupid,hate,sick,negative,dangerous,illegal,crazy,scary,shit,uncomfortable,rounded,awful,unfortunately,creepy,worst,disgusting,horrible,terrifying
false,serious,disturbing,seriously,evil,terrible,wrong,stupid,hate,sick,negative,dangerous,illegal,crazy,scary,shit,uncomfortable,rounded,awful,unfortunately,creepy,worst,disgusting,horrible,terrifying
false,serious,disturbing,seriously,evil,terrible,wrong,stupid,hate,sick,negative,dangerous,illegal,crazy,scary,shit,uncomfortable,rounded,awful,unfortunately,creepy,worst,disgusting,horrible,terrifying
false,serious,disturbing,seriously,evil,terrible,wrong,stupid,hate,sick,negative,dangerous,illegal,crazy,scary,shit,uncomfortable,rounded,awful,unfortunately,creepy,worst,disgusting,horrible,terrifying
false,serious,disturbing,seriously,evil,terrible,wrong,stupid,hate,sick,negative,dangerous,illegal,crazy,scary,shit,uncomfortable,rounded,awful,unfortunately,creepy,worst,disgusting,horrible,terrifying
false,serious,disturbing,seriously,evil,terrible,wrong,stupid,hate,sick,negative,dangerous,illegal,crazy,scary,shit,uncomfortable,rounded,awful,unfortunately,creepy,worst,disgusting,horrible,terrifying
false,serious,disturbing,seriously,evil,terrible,wrong,stupid,hate,sick,negative,dangerous,illegal,crazy,scary,shit,uncomfortable,rounded,awful,unfortunately,creepy,worst,disgusting,horrible,terrifying
false,serious,disturbing,seriously,evil,terrible,wrong,stupid,hate,sick,negative,dangerous,illegal,crazy,scary,shit,uncomfortable,rounded,awful,unfortunately,creepy,worst,disgusting,horrible,terrifying
false,serious,disturbing,seriously,evil,terrible,wrong,stupid,hate,sick,negative,dangerous,illegal,crazy,scary,shit,uncomfortable,rounded,awful,unfortunately,creepy,worst,disgusting,horrible,terrifying
false,serious,disturbing,seriously,evil,terrible,wrong,stupid,hate,sick,negative,dangerous,illegal,crazy,scary,shit,uncomfortable,rounded,awful,unfortunately,creepy,worst,disgusting,horrible,terrifying
false,serious,disturbing,seriously,evil,terrible,wrong,stupid,hate,sick,negative,dangerous,illegal,crazy,scary,shit,uncomfortable,rounded,awful,unfortunately,creepy,worst,disgusting,horrible,terrifying
false,serious,disturbing,seriously,evil,terrible,wrong,stupid,hate,sick,negative,dangerous,illegal,crazy,scary,shit,uncomfortable,rounded,awful,unfortunately,creepy,worst,disgusting,horrible,terrifying
false,serious,disturbing,seriously,evil,terrible,wrong,stupid,hate,sick,negative,dangerous,illegal,crazy,scary,shit,uncomfortable,rounded,awful,unfortunately,creepy,worst,disgusting,horrible,terrifying
false,serious,disturbing,seriously,evil,terrible,wrong,stupid,hate,sick,negative,dangerous,illegal,crazy,scary,shit,uncomfortable,rounded,awful,unfortunately,creepy,worst,disgusting,horrible,terrifying
false,serious,disturbing,seriously,evil,terrible,wrong,stupid,hate,sick,negative,dangerous,illegal,crazy,scary,shit,uncomfortable,rounded,awful,unfortunately,creepy,worst,disgusting,horrible,terrifying
false,serious,disturbing,seriously,evil,terrible,wrong,stupid,hate,sick,negative,dangerous,illegal,crazy,scary,shit,uncomfortable,rounded,awful,unfortunately,creepy,worst,disgusting,horrible,terrifying
false,serious,disturbing,seriously,evil,terrible,wrong,stupid,hate,sick,negative,dangerous,illegal,crazy,scary,shit,uncomfortable,rounded,awful,unfortunately,creepy,worst,disgusting,horrible,terrifying
false,serious,disturbing,seriously,evil,terrible,wrong,stupid,hate,sick,negative,dangerous,illegal,crazy,scary,shit,uncomfortable,rounded,awful,unfortunately,creepy,worst,disgusting,horrible,terrifying
false,serious,disturbing,seriously,evil,terrible,wrong,stupid,hate,sick,negative,dangerous,illegal,crazy,scary,shit,uncomfortable,rounded,awful,unfortunately,creepy,worst,disgusting,horrible,terrifying
false,serious,disturbing,seriously,evil,terrible,wrong,stupid,hate,sick,negative,dangerous,illegal,crazy,scary,shit,uncomfortable,rounded,awful,unfortunately,creepy,worst,disgusting,horrible,terrifying
false,serious,disturbing,seriously,evil,terrible,wrong,stupid,hate,sick,negative,dangerous,illegal,crazy,scary,shit,uncomfortable,rounded,awful,unfortunately,creepy,worst,disgusting,horrible,terrifying
false,serious,disturbing,seriously,evil,terrible,wrong,stupid,hate,sick,negative,dangerous,illegal,crazy,scary,shit,uncomfortable,rounded,awful,unfortunately,creepy,worst,disgusting,horrible,terrifying
false,serious,disturbing,seriously,evil,terrible,wrong,stupid,hate,sick,negative,dangerous,illegal,crazy,scary,shit,uncomfortable,rounded,awful,unfortunately,creepy,worst,disgusting,horrible,terrifying
false,serious,disturbing,seriously,evil,terrible,wrong,stupid,hate,sick,negative,dangerous,illegal,crazy,scary,shit,uncomfortable,rounded,awful,unfortunately,creepy,worst,disgusting,horrible,terrifying
false,serious,disturbing,seriously,evil,terrible,wrong,stupid,hate,sick,negative,dangerous,illegal,crazy,scary,shit,uncomfortable,rounded,awful,unfortunately,creepy,worst,disgusting,horrible,terrifying
false,serious,disturbing,seriously,evil,terrible,wrong,stupid,hate,sick,negative,dangerous,illegal,crazy,scary,shit,uncomfortable,rounded,awful,unfortunately,creepy,worst,disgusting,horrible,terrifying
false,serious,disturbing,seriously,evil,terrible,wrong,stupid,hate,sick,negative,dangerous,illegal,crazy,scary,shit,uncomfortable,rounded,awful,unfortunately,creepy,worst,disgusting,horrible,terrifying
false,serious,disturbing,seriously,evil,terrible,wrong,stupid,hate,sick,negative,dangerous,illegal,crazy,scary,shit,uncomfortable,rounded,awful,unfortunately,creepy,worst,disgusting,horrible,terrifying
false,serious,disturbing,seriously,evil,terrible,wrong,stupid,hate,sick,negative,dangerous,illegal,crazy,scary,shit,uncomfortable,rounded,awful,unfortunately,creepy,worst,disgusting,horrible,terrifying
false,serious,disturbing,seriously,evil,terrible,wrong,stupid,hate,sick,negative,dangerous,illegal,crazy,scary,shit,uncomfortable,rounded,awful,unfortunately,creepy,worst,disgusting,horrible,terrifying
false,serious,disturbing,seriously,evil,terrible,wrong,stupid,hate,sick,negative,dangerous,illegal,crazy,scary,shit,uncomfortable,rounded,awful,unfortunately,creepy,worst,disgusting,horrible,terrifying
false,serious,disturbing,seriously,evil,terrible,wrong,stupid,hate,sick,negative,dangerous,illegal,crazy,scary,shit,uncomfortable,rounded,awful,unfortunately,creepy,worst,disgusting,horrible,terrifying
false,serious,disturbing,seriously,evil,terrible,wrong,stupid,hate,sick,negative,dangerous,illegal,crazy,scary,shit,uncomfortable,rounded,awful,unfortunately,creepy,worst,disgusting,horrible,terrifying
false,serious,disturbing,seriously,evil,terrible,wrong,stupid,hate,sick,negative,dangerous,illegal,crazy,scary,shit,uncomfortable,rounded,awful,unfortunately,creepy,worst,disgusting,horrible,terrifying
false,serious,disturbing,seriously,evil,terrible,wrong,stupid,hate,sick,negative,dangerous,illegal,crazy,scary,shit,uncomfortable,rounded,awful,unfortunately,creepy,worst,disgusting,horrible,terrifying
false,serious,disturbing,seriously,evil,terrible,wrong,stupid,hate,sick,negative,dangerous,illegal,crazy,scary,shit,uncomfortable,rounded,awful,unfortunately,creepy,worst,disgusting,horrible,terrifying
false,serious,disturbing,seriously,evil,terrible,wrong,stupid,hate,sick,negative,dangerous,illegal,crazy,scary,shit,uncomfortable,rounded,awful,unfortunately,creepy,worst,disgusting,horrible,terrifying
false,serious,disturbing,seriously,evil,terrible,wrong,stupid,hate,sick,negative,dangerous,illegal,crazy,scary,shit,uncomfortable,rounded,awful,unfortunately,creepy,worst,disgusting,horrible,terrifying
false,serious,disturbing,seriously,evil,terrible,wrong,stupid,hate,sick,negative,dangerous,illegal,crazy,scary,shit,uncomfortable,rounded,awful,unfortunately,creepy,worst,disgusting,horrible,terrifying
false,serious,disturbing,seriously,evil,terrible,wrong,stupid,hate,sick,negative,dangerous,illegal,crazy,scary,shit,uncomfortable,rounded,awful,unfortunately,creepy,worst,disgusting,horrible,terrifying
false,serious,disturbing,seriously,evil,terrible,wrong,stupid,hate,sick,negative,dangerous,illegal,crazy,scary,shit,uncomfortable,rounded,awful,unfortunately,creepy,worst,disgusting,horrible,terrifying
false,serious,disturbing,seriously,evil,terrible,wrong,stupid,hate,sick,negative,dangerous,illegal,crazy,scary,shit,uncomfortable,rounded,awful,unfortunately,creepy,worst,disgusting,horrible,terrifying
false,serious,disturbing,seriously,evil,terrible,wrong,stupid,hate,sick,negative,dangerous,illegal,crazy,scary,shit,uncomfortable,rounded,awful,unfortunately,creepy,worst,disgusting,horrible,terrifying
false,serious,disturbing,seriously,evil,terrible,wrong,stupid,hate,sick,negative,dangerous,illegal,crazy,scary,shit,uncomfortable,rounded,awful,unfortunately,creepy,worst,disgusting,horrible,terrifying
false,serious,disturbing,seriously,evil,terrible,wrong,stupid,hate,sick,negative,dangerous,illegal,crazy,scary,shit,uncomfortable,rounded,awful,unfortunately,creepy,worst,disgusting,horrible,terrifying
false,serious,disturbing,seriously,evil,terrible,wrong,stupid,hate,sick,negative,dangerous,illegal,crazy,scary,shit,uncomfortable,rounded,awful,unfortunately,creepy,worst,disgusting,horrible,terrifying
false,serious,disturbing,seriously,evil,terrible,wrong,stupid,hate,sick,negative,dangerous,illegal,crazy,scary,shit,uncomfortable,rounded,awful,unfortunately,creepy,worst,disgusting,horrible,terrifying
false,serious,disturbing,seriously,evil,terrible,wrong,stupid,hate,sick,negative,dangerous,illegal,crazy,scary,shit,uncomfortable,rounded,awful,unfortunately,creepy,worst,disgusting,horrible,terrifying
false,serious,disturbing,seriously,evil,terrible,wrong,stupid,hate,sick,negative,dangerous,illegal,crazy,scary,shit,uncomfortable,rounded,awful,unfortunately,creepy,worst,disgusting,horrible,terrifying
false,serious,disturbing,seriously,evil,terrible,wrong,stupid,hate,sick,negative,dangerous,illegal,crazy,scary,shit,uncomfortable,rounded,awful,unfortunately,creepy,worst,disgusting,horrible,terrifying
false,serious,disturbing,seriously,evil,terrible,wrong,stupid,hate,sick,negative,dangerous,illegal,crazy,scary,shit,uncomfortable,rounded,awful,unfortunately,creepy,worst,disgusting,horrible,terrifying
false,serious,disturbing,seriously,evil,terrible,wrong,stupid,hate,sick,negative,dangerous,illegal,crazy,scary,shit,uncomfortable,rounded,awful,unfortunately,creepy,worst,disgusting,horrible,terrifying
false,serious,disturbing,seriously,evil,terrible,wrong,stupid,hate,sick,negative,dangerous,illegal,crazy,scary,shit,uncomfortable,rounded,awful,unfortunately,creepy,worst,disgusting,horrible,terrifying
false,serious,disturbing,seriously,evil,terrible,wrong,stupid,hate,sick,negative,dangerous,illegal,crazy,scary,shit,uncomfortable,rounded,awful,unfortunately,creepy,worst,disgusting,horrible,terrifying
false,serious,disturbing,seriously,evil,terrible,wrong,stupid,hate,sick,negative,dangerous,illegal,crazy,scary,shit,uncomfortable,rounded,awful,unfortunately,creepy,worst,disgusting,horrible,terrifying
false,serious,disturbing,seriously,evil,terrible,wrong,stupid,hate,sick,negative,dangerous,illegal,crazy,scary,shit,uncomfortable,rounded,awful,unfortunately,creepy,worst,disgusting,horrible,terrifying
false,serious,disturbing,seriously,evil,terrible,wrong,stupid,hate,sick,negative,dangerous,illegal,crazy,scary,shit,uncomfortable,rounded,awful,unfortunately,creepy,worst,disgusting,horrible,terrifying
false,serious,disturbing,seriously,evil,terrible,wrong,stupid,hate,sick,negative,dangerous,illegal,crazy,scary,shit,uncomfortable,rounded,awful,unfortunately,creepy,worst,disgusting,horrible,terrifying
false,serious,disturbing,seriously,evil,terrible,wrong,stupid,hate,sick,negative,dangerous,illegal,crazy,scary,shit,uncomfortable,rounded,awful,unfortunately,creepy,worst,disgusting,horrible,terrifying
false,serious,disturbing,seriously,evil,terrible,wrong,stupid,hate,sick,negative,dangerous,illegal,crazy,scary,shit,uncomfortable,rounded,awful,unfortunately,creepy,worst,disgusting,horrible,terrifying
false,serious,disturbing,seriously,evil,terrible,wrong,stupid,hate,sick,negative,dangerous,illegal,crazy,scary,shit,uncomfortable,rounded,awful,unfortunately,creepy,worst,disgusting,horrible,terrifying
false,serious,disturbing,seriously,evil,terrible,wrong,stupid,hate,sick,negative,dangerous,illegal,crazy,scary,shit,uncomfortable,rounded,awful,unfortunately,creepy,worst,disgusting,horrible,terrifying
false,serious,disturbing,seriously,evil,terrible,wrong,stupid,hate,sick,negative,dangerous,illegal,crazy,scary,shit,uncomfortable,rounded,awful,unfortunately,creepy,worst,disgusting,horrible,terrifying
false,serious,disturbing,seriously,evil,terrible,wrong,stupid,hate,sick,negative,dangerous,illegal,crazy,scary,shit,uncomfortable,rounded,awful,unfortunately,creepy,worst,disgusting,horrible,terrifying
false,serious,disturbing,seriously,evil,terrible,wrong,stupid,hate,sick,negative,dangerous,illegal,crazy,scary,shit,uncomfortable,rounded,awful,unfortunately,creepy,worst,disgusting,horrible,terrifying
false,serious,disturbing,seriously,evil,terrible,wrong,stupid,hate,sick,negative,dangerous,illegal,crazy,scary,shit,uncomfortable,rounded,awful,unfortunately,creepy,worst,disgusting,horrible,terrifying
false,serious,disturbing,seriously,evil,terrible,wrong,stupid,hate,sick,negative,dangerous,illegal,crazy,scary,shit,uncomfortable,rounded,awful,unfortunately,creepy,worst,disgusting,horrible,terrifying
false,serious,disturbing,seriously,evil,terrible,wrong,stupid,hate,sick,negative,dangerous,illegal,crazy,scary,shit,uncomfortable,rounded,awful,unfortunately,creepy,worst,disgusting,horrible,terrifying
false,serious,disturbing,seriously,evil,terrible,wrong,stupid,hate,sick,negative,dangerous,illegal,crazy,scary,shit,uncomfortable,rounded,awful,unfortunately,creepy,worst,disgusting,horrible,terrifying
false,serious,disturbing,seriously,evil,terrible,wrong,stupid,hate,sick,negative,dangerous,illegal,crazy,scary,shit,uncomfortable,rounded,awful,unfortunately,creepy,worst,disgusting,horrible,terrifying
false,serious,disturbing,seriously,evil,terrible,wrong,stupid,hate,sick,negative,dangerous,illegal,crazy,scary,shit,uncomfortable,rounded,awful,unfortunately,creepy,worst,disgusting,horrible,terrifying
false,serious,disturbing,seriously,evil,terrible,wrong,stupid,hate,sick,negative,dangerous,illegal,crazy,scary,shit,uncomfortable,rounded,awful,unfortunately,creepy,worst,disgusting,horrible,terrifying
false,serious,disturbing,seriously,evil,terrible,wrong,stupid,hate,sick,negative,dangerous,illegal,crazy,scary,shit,uncomfortable,rounded,awful,unfortunately,creepy,worst,disgusting,horrible,terrifying
false,serious,disturbing,seriously,evil,terrible,wrong,stupid,hate,sick,negative,dangerous,illegal,crazy,scary,shit,uncomfortable,rounded,awful,unfortunately,creepy,worst,disgusting,horrible,terrifying
false,serious,disturbing,seriously,evil,terrible,wrong,stupid,hate,sick,negative,dangerous,illegal,crazy,scary,shit,uncomfortable,rounded,awful,unfortunately,creepy,worst,disgusting,horrible,terrifying
false,serious,disturbing,seriously,evil,terrible,wrong,stupid,hate,sick,negative,dangerous,illegal,crazy,scary,shit,uncomfortable,rounded,awful,unfortunately,creepy,worst,disgusting,horrible,terrifying
false,serious,disturbing,seriously,evil,terrible,wrong,stupid,hate,sick,negative,dangerous,illegal,crazy,scary,shit,uncomfortable,rounded,awful,unfortunately,creepy,worst,disgusting,horrible,terrifying
false,serious,disturbing,seriously,evil,terrible,wrong,stupid,hate,sick,negative,dangerous,illegal,crazy,scary,shit,uncomfortable,rounded,awful,unfortunately,creepy,worst,disgusting,horrible,terrifying
false,serious,disturbing,seriously,evil,terrible,wrong,stupid,hate,sick,negative,dangerous,illegal,crazy,scary,shit,uncomfortable,rounded,awful,unfortunately,creepy,worst,disgusting,horrible,terrifying
false,serious,disturbing,seriously,evil,terrible,wrong,stupid,hate,sick,negative,dangerous,illegal,crazy,scary,shit,uncomfortable,rounded,awful,unfortunately,creepy,worst,disgusting,horrible,terrifying
false,serious,disturbing,seriously,evil,terrible,wrong,stupid,hate,sick,negative,dangerous,illegal,crazy,scary,shit,uncomfortable,rounded,awful,unfortunately,creepy,worst,disgusting,horrible,terrifying
false,serious,disturbing,seriously,evil,terrible,wrong,stupid,hate,sick,negative,dangerous,illegal,crazy,scary,shit,uncomfortable,rounded,awful,unfortunately,creepy,worst,disgusting,horrible,terrifying
false,serious,disturbing,seriously,evil,terrible,wrong,stupid,hate,sick,negative,dangerous,illegal,crazy,scary,shit,uncomfortable,rounded,awful,unfortunately,creepy,worst,disgusting,horrible,terrifying
false,serious,disturbing,seriously,evil,terrible,wrong,stupid,hate,sick,negative,dangerous,illegal,crazy,scary,shit,uncomfortable,rounded,awful,unfortunately,creepy,worst,disgusting,horrible,terrifying
false,serious,disturbing,seriously,evil,terrible,wrong,stupid,hate,sick,negative,dangerous,illegal,crazy,scary,shit,uncomfortable,rounded,awful,unfortunately,creepy,worst,disgusting,horrible,terrifying
false,serious,disturbing,seriously,evil,terrible,wrong,stupid,hate,sick,negative,dangerous,illegal,crazy,scary,shit,uncomfortable,rounded,awful,unfortunately,creepy,worst,disgusting,horrible,terrifying
false,serious,disturbing,seriously,evil,terrible,wrong,stupid,hate,sick,negative,dangerous,illegal,crazy,scary,shit,uncomfortable,rounded,awful,unfortunately,creepy,worst,disgusting,horrible,terrifying
false,serious,disturbing,seriously,evil,terrible,wrong,stupid,hate,sick,negative,dangerous,illegal,crazy,scary,shit,uncomfortable,rounded,awful,unfortunately,creepy,worst,disgusting,horrible,terrifying
false,serious,disturbing,seriously,evil,terrible,wrong,stupid,hate,sick,negative,dangerous,illegal,crazy,scary,shit,uncomfortable,rounded,awful,unfortunately,creepy,worst,disgusting,horrible,terrifying
false,serious,disturbing,seriously,evil,terrible,wrong,stupid,hate,sick,negative,dangerous,illegal,crazy,scary,shit,uncomfortable,rounded,awful,unfortunately,creepy,worst,disgusting,horrible,terrifying
false,serious,disturbing,seriously,evil,terrible,wrong,stupid,hate,sick,negative,dangerous,illegal,crazy,scary,shit,uncomfortable,rounded,awful,unfortunately,creepy,worst,disgusting,horrible,terrifying
false,serious,disturbing,seriously,evil,terrible,wrong,stupid,hate,sick,negative,dangerous,illegal,crazy,scary,shit,uncomfortable,rounded,awful,unfortunately,creepy,worst,disgusting,horrible,terrifying
false,serious,disturbing,seriously,evil,terrible,wrong,stupid,hate,sick,negative,dangerous,illegal,crazy,scary,shit,uncomfortable,rounded,awful,unfortunately,creepy,worst,disgusting,horrible,terrifying
false,serious,disturbing,seriously,evil,terrible,wrong,stupid,hate,sick,negative,dangerous,illegal,crazy,scary,shit,uncomfortable,rounded,awful,unfortunately,creepy,worst,disgusting,horrible,terrifying
false,serious,disturbing,seriously,evil,terrible,wrong,stupid,hate,sick,negative,dangerous,illegal,crazy,scary,shit,uncomfortable,rounded,awful,unfortunately,creepy,worst,disgusting,horrible,terrifying
false,serious,disturbing,seriously,evil,terrible,wrong,stupid,hate,sick,negative,dangerous,illegal,crazy,scary,shit,uncomfortable,rounded,awful,unfortunately,creepy,worst,disgusting,horrible,terrifying
false,serious,disturbing,seriously,evil,terrible,wrong,stupid,hate,sick,negative,dangerous,illegal,crazy,scary,shit,uncomfortable,rounded,awful,unfortunately,creepy,worst,disgusting,horrible,terrifying
false,serious,disturbing,seriously,evil,terrible,wrong,stupid,hate,sick,negative,dangerous,illegal,crazy,scary,shit,uncomfortable,rounded,awful,unfortunately,creepy,worst,disgusting,horrible,terrifying
false,serious,disturbing,seriously,evil,terrible,wrong,stupid,hate,sick,negative,dangerous,illegal,crazy,scary,shit,uncomfortable,rounded,awful,unfortunately,creepy,worst,disgusting,horrible,terrifying
false,serious,disturbing,seriously,evil,terrible,wrong,stupid,hate,sick,negative,dangerous,illegal,crazy,scary,shit,uncomfortable,rounded,awful,unfortunately,creepy,worst,disgusting,horrible,terrifying
false,serious,disturbing,seriously,evil,terrible,wrong,stupid,hate,sick,negative,dangerous,illegal,crazy,scary,shit,uncomfortable,rounded,awful,unfortunately,creepy,worst,disgusting,horrible,terrifying
false,serious,disturbing,seriously,evil,terrible,wrong,stupid,hate,sick,negative,dangerous,illegal,crazy,scary,shit,uncomfortable,rounded,awful,unfortunately,creepy,worst,disgusting,horrible,terrifying
false,serious,disturbing,seriously,evil,terrible,wrong,stupid,hate,sick,negative,dangerous,illegal,crazy,scary,shit,uncomfortable,rounded,awful,unfortunately,creepy,worst,disgusting,horrible,terrifying
false,serious,disturbing,seriously,evil,terrible,wrong,stupid,hate,sick,negative,dangerous,illegal,crazy,scary,shit,uncomfortable,rounded,awful,unfortunately,creepy,worst,disgusting,horrible,terrifying
false,serious,disturbing,seriously,evil,terrible,wrong,stupid,hate,sick,negative,dangerous,illegal,crazy,scary,shit,uncomfortable,rounded,awful,unfortunately,creepy,worst,disgusting,horrible,terrifying
false,serious,disturbing,seriously,evil,terrible,wrong,stupid,hate,sick,negative,dangerous,illegal,crazy,scary,shit,uncomfortable,rounded,awful,unfortunately,creepy,worst,disgusting,horrible,terrifying
false,serious,disturbing,seriously,evil,terrible,wrong,stupid,hate,sick,negative,dangerous,illegal,crazy,scary,shit,uncomfortable,rounded,awful,unfortunately,creepy,worst,disgusting,horrible,terrifying
false,serious,disturbing,seriously,evil,terrible,wrong,stupid,hate,sick,negative,dangerous,illegal,crazy,scary,shit,uncomfortable,rounded,awful,unfortunately,creepy,worst,disgusting,horrible,terrifying
false,serious,disturbing,seriously,evil,terrible,wrong,stupid,hate,sick,negative,dangerous,illegal,crazy,scary,shit,uncomfortable,rounded,awful,unfortunately,creepy,worst,disgusting,horrible,terrifying
false,serious,disturbing,seriously,evil,terrible,wrong,stupid,hate,sick,negative,dangerous,illegal,crazy,scary,shit,uncomfortable,rounded,awful,unfortunately,creepy,worst,disgusting,horrible,terrifying
false,serious,disturbing,seriously,evil,terrible,wrong,stupid,hate,sick,negative,dangerous,illegal,crazy,scary,shit,uncomfortable,rounded,awful,unfortunately,creepy,worst,disgusting,horrible,terrifying
false,serious,disturbing,seriously,evil,terrible,wrong,stupid,hate,sick,negative,dangerous,illegal,crazy,scary,shit,uncomfortable,rounded,awful,unfortunately,creepy,worst,disgusting,horrible,terrifying
false,serious,disturbing,seriously,evil,terrible,wrong,stupid,hate,sick,negative,dangerous,illegal,crazy,scary,shit,uncomfortable,rounded,awful,unfortunately,creepy,worst,disgusting,horrible,terrifying
false,serious,disturbing,seriously,evil,terrible,wrong,stupid,hate,sick,negative,dangerous,illegal,crazy,scary,shit,uncomfortable,rounded,awful,unfortunately,creepy,worst,disgusting,horrible,terrifying
false,serious,disturbing,seriously,evil,terrible,wrong,stupid,hate,sick,negative,dangerous,illegal,crazy,scary,shit,uncomfortable,rounded,awful,unfortunately,creepy,worst,disgusting,horrible,terrifying
false,serious,disturbing,seriously,evil,terrible,wrong,stupid,hate,sick,negative,dangerous,illegal,crazy,scary,shit,uncomfortable,rounded,awful,unfortunately,creepy,worst,disgusting,horrible,terrifying
false,serious,disturbing,seriously,evil,terrible,wrong,stupid,hate,sick,negative,dangerous,illegal,crazy,scary,shit,uncomfortable,rounded,awful,unfortunately,creepy,worst,disgusting,horrible,terrifying
false,serious,disturbing,seriously,evil,terrible,wrong,stupid,hate,sick,negative,dangerous,illegal,crazy,scary,shit,uncomfortable,rounded,awful,unfortunately,creepy,worst,disgusting,horrible,terrifying
false,serious,disturbing,seriously,evil,terrible,wrong,stupid,hate,sick,negative,dangerous,illegal,crazy,scary,shit,uncomfortable,rounded,awful,unfortunately,creepy,worst,disgusting,horrible,terrifying
false,serious,disturbing,seriously,evil,terrible,wrong,stupid,hate,sick,negative,dangerous,illegal,crazy,scary,shit,uncomfortable,rounded,awful,unfortunately,creepy,worst,disgusting,horrible,terrifying
false,serious,disturbing,seriously,evil,terrible,wrong,stupid,hate,sick,negative,dangerous,illegal,crazy,scary,shit,uncomfortable,rounded,awful,unfortunately,creepy,worst,disgusting,horrible,terrifying
false,serious,disturbing,seriously,evil,terrible,wrong,stupid,hate,sick,negative,dangerous,illegal,crazy,scary,shit,uncomfortable,rounded,awful,unfortunately,creepy,worst,disgusting,horrible,terrifying
false,serious,disturbing,seriously,evil,terrible,wrong,stupid,hate,sick,negative,dangerous,illegal,crazy,scary,shit,uncomfortable,rounded,awful,unfortunately,creepy,worst,disgusting,horrible,terrifying
false,serious,disturbing,seriously,evil,terrible,wrong,stupid,hate,sick,negative,dangerous,illegal,crazy,scary,shit,uncomfortable,rounded,awful,unfortunately,creepy,worst,disgusting,horrible,terrifying
false,serious,disturbing,seriously,evil,terrible,wrong,stupid,hate,sick,negative,dangerous,illegal,crazy,scary,shit,uncomfortable,rounded,awful,unfortunately,creepy,worst,disgusting,horrible,terrifying
false,serious,disturbing,seriously,evil,terrible,wrong,stupid,hate,sick,negative,dangerous,illegal,crazy,scary,shit,uncomfortable,rounded,awful,unfortunately,creepy,worst,disgusting,horrible,terrifying
false,serious,disturbing,seriously,evil,terrible,wrong,stupid,hate,sick,negative,dangerous,illegal,crazy,scary,shit,uncomfortable,rounded,awful,unfortunately,creepy,worst,disgusting,horrible,terrifying
false,serious,disturbing,seriously,evil,terrible,wrong,stupid,hate,sick,negative,dangerous,illegal,crazy,scary,shit,uncomfortable,rounded,awful,unfortunately,creepy,worst,disgusting,horrible,terrifying
false,serious,disturbing,seriously,evil,terrible,wrong,stupid,hate,sick,negative,dangerous,illegal,crazy,scary,shit,uncomfortable,rounded,awful,unfortunately,creepy,worst,disgusting,horrible,terrifying
false,serious,disturbing,seriously,evil,terrible,wrong,stupid,hate,sick,negative,dangerous,illegal,crazy,scary,shit,uncomfortable,rounded,awful,unfortunately,creepy,worst,disgusting,horrible,terrifying
false,serious,disturbing,seriously,evil,terrible,wrong,stupid,hate,sick,negative,dangerous,illegal,crazy,scary,shit,uncomfortable,rounded,awful,unfortunately,creepy,worst,disgusting,horrible,terrifying
false,serious,disturbing,seriously,evil,terrible,wrong,stupid,hate,sick,negative,dangerous,illegal,crazy,scary,shit,uncomfortable,rounded,awful,unfortunately,creepy,worst,disgusting,horrible,terrifying
false,serious,disturbing,seriously,evil,terrible,wrong,stupid,hate,sick,negative,dangerous,illegal,crazy,scary,shit,uncomfortable,rounded,awful,unfortunately,creepy,worst,disgusting,horrible,terrifying
false,serious,disturbing,seriously,evil,terrible,wrong,stupid,hate,sick,negative,dangerous,illegal,crazy,scary,shit,uncomfortable,rounded,awful,unfortunately,creepy,worst,disgusting,horrible,terrifying
false,serious,disturbing,seriously,evil,terrible,wrong,stupid,hate,sick,negative,dangerous,illegal,crazy,scary,shit,uncomfortable,rounded,awful,unfortunately,creepy,worst,disgusting,horrible,terrifying
false,serious,disturbing,seriously,evil,terrible,wrong,stupid,hate,sick,negative,dangerous,illegal,crazy,scary,shit,uncomfortable,rounded,awful,unfortunately,creepy,worst,disgusting,horrible,terrifying
false,serious,disturbing,seriously,evil,terrible,wrong,stupid,hate,sick,negative,dangerous,illegal,crazy,scary,shit,uncomfortable,rounded,awful,unfortunately,creepy,worst,disgusting,horrible,terrifying
false,serious,disturbing,seriously,evil,terrible,wrong,stupid,hate,sick,negative,dangerous,illegal,crazy,scary,shit,uncomfortable,rounded,awful,unfortunately,creepy,worst,disgusting,horrible,terrifying
false,serious,disturbing,seriously,evil,terrible,wrong,stupid,hate,sick,negative,dangerous,illegal,crazy,scary,shit,uncomfortable,rounded,awful,unfortunately,creepy,worst,disgusting,horrible,terrifying
false,serious,disturbing,seriously,evil,terrible,wrong,stupid,hate,sick,negative,dangerous,illegal,crazy,scary,shit,uncomfortable,rounded,awful,unfortunately,creepy,worst,disgusting,horrible,terrifying
false,serious,disturbing,seriously,evil,terrible,wrong,stupid,hate,sick,negative,dangerous,illegal,crazy,scary,shit,uncomfortable,rounded,awful,unfortunately,creepy,worst,disgusting,horrible,terrifying
false,serious,disturbing,seriously,evil,terrible,wrong,stupid,hate,sick,negative,dangerous,illegal,crazy,scary,shit,uncomfortable,rounded,awful,unfortunately,creepy,worst,disgusting,horrible,terrifying
false,serious,disturbing,seriously,evil,terrible,wrong,stupid,hate,sick,negative,dangerous,illegal,crazy,scary,shit,uncomfortable,rounded,awful,unfortunately,creepy,worst,disgusting,horrible,terrifying
false,serious,disturbing,seriously,evil,terrible,wrong,stupid,hate,sick,negative,dangerous,illegal,crazy,scary,shit,uncomfortable,rounded,awful,unfortunately,creepy,worst,disgusting,horrible,terrifying
false,serious,disturbing,seriously,evil,terrible,wrong,stupid,hate,sick,negative,dangerous,illegal,crazy,scary,shit,uncomfortable,rounded,awful,unfortunately,creepy,worst,disgusting,horrible,terrifying
false,serious,disturbing,seriously,evil,terrible,wrong,stupid,hate,sick,negative,dangerous,illegal,crazy,scary,shit,uncomfortable,rounded,awful,unfortunately,creepy,worst,disgusting,horrible,terrifying
false,serious,disturbing,seriously,evil,terrible,wrong,stupid,hate,sick,negative,dangerous,illegal,crazy,scary,shit,uncomfortable,rounded,awful,unfortunately,creepy,worst,disgusting,horrible,terrifying
false,serious,disturbing,seriously,evil,terrible,wrong,stupid,hate,sick,negative,dangerous,illegal,crazy,scary,shit,uncomfortable,rounded,awful,unfortunately,creepy,worst,disgusting,horrible,terrifying
false,serious,disturbing,seriously,evil,terrible,wrong,stupid,hate,sick,negative,dangerous,illegal,crazy,scary,shit,uncomfortable,rounded,awful,unfortunately,creepy,worst,disgusting,horrible,terrifying
false,serious,disturbing,seriously,evil,terrible,wrong,stupid,hate,sick,negative,dangerous,illegal,crazy,scary,shit,uncomfortable,rounded,awful,unfortunately,creepy,worst,disgusting,horrible,terrifying
false,serious,disturbing,seriously,evil,terrible,wrong,stupid,hate,sick,negative,dangerous,illegal,crazy,scary,shit,uncomfortable,rounded,awful,unfortunately,creepy,worst,disgusting,horrible,terrifying
false,serious,disturbing,seriously,evil,terrible,wrong,stupid,hate,sick,negative,dangerous,illegal,crazy,scary,shit,uncomfortable,rounded,awful,unfortunately,creepy,worst,disgusting,horrible,terrifying
false,serious,disturbing,seriously,evil,terrible,wrong,stupid,hate,sick,negative,dangerous,illegal,crazy,scary,shit,uncomfortable,rounded,awful,unfortunately,creepy,worst,disgusting,horrible,terrifying
false,serious,disturbing,seriously,evil,terrible,wrong,stupid,hate,sick,negative,dangerous,illegal,crazy,scary,shit,uncomfortable,rounded,awful,unfortunately,creepy,worst,disgusting,horrible,terrifying
false,serious,disturbing,seriously,evil,terrible,wrong,stupid,hate,sick,negative,dangerous,illegal,crazy,scary,shit,uncomfortable,rounded,awful,unfortunately,creepy,worst,disgusting,horrible,terrifying
false,serious,disturbing,seriously,evil,terrible,wrong,stupid,hate,sick,negative,dangerous,illegal,crazy,scary,shit,uncomfortable,rounded,awful,unfortunately,creepy,worst,disgusting,horrible,terrifying
false,serious,disturbing,seriously,evil,terrible,wrong,stupid,hate,sick,negative,dangerous,illegal,crazy,scary,shit,uncomfortable,rounded,awful,unfortunately,creepy,worst,disgusting,horrible,terrifying
false,serious,disturbing,seriously,evil,terrible,wrong,stupid,hate,sick,negative,dangerous,illegal,crazy,scary,shit,uncomfortable,rounded,awful,unfortunately,creepy,worst,disgusting,horrible,terrifying
false,serious,disturbing,seriously,evil,terrible,wrong,stupid,hate,sick,negative,dangerous,illegal,crazy,scary,shit,uncomfortable,rounded,awful,unfortunately,creepy,worst,disgusting,horrible,terrifying
false,serious,disturbing,seriously,evil,terrible,wrong,stupid,hate,sick,negative,dangerous,illegal,crazy,scary,shit,uncomfortable,rounded,awful,unfortunately,creepy,worst,disgusting,horrible,terrifying
false,serious,disturbing,seriously,evil,terrible,wrong,stupid,hate,sick,negative,dangerous,illegal,crazy,scary,shit,uncomfortable,rounded,awful,unfortunately,creepy,worst,disgusting,horrible,terrifying
false,serious,disturbing,seriously,evil,terrible,wrong,stupid,hate,sick,negative,dangerous,illegal,crazy,scary,shit,uncomfortable,rounded,awful,unfortunately,creepy,worst,disgusting,horrible,terrifying
false,serious,disturbing,seriously,evil,terrible,wrong,stupid,hate,sick,negative,dangerous,illegal,crazy,scary,shit,uncomfortable,rounded,awful,unfortunately,creepy,worst,disgusting,horrible,terrifying
false,serious,disturbing,seriously,evil,terrible,wrong,stupid,hate,sick,negative,dangerous,illegal,crazy,scary,shit,uncomfortable,rounded,awful,unfortunately,creepy,worst,disgusting,horrible,terrifying
false,serious,disturbing,seriously,evil,terrible,wrong,stupid,hate,sick,negative,dangerous,illegal,crazy,scary,shit,uncomfortable,rounded,awful,unfortunately,creepy,worst,disgusting,horrible,terrifying
false,serious,disturbing,seriously,evil,terrible,wrong,stupid,hate,sick,negative,dangerous,illegal,crazy,scary,shit,uncomfortable,rounded,awful,unfortunately,creepy,worst,disgusting,horrible,terrifying
false,serious,disturbing,seriously,evil,terrible,wrong,stupid,hate,sick,negative,dangerous,illegal,crazy,scary,shit,uncomfortable,rounded,awful,unfortunately,creepy,worst,disgusting,horrible,terrifying
false,serious,disturbing,seriously,evil,terrible,wrong,stupid,hate,sick,negative,dangerous,illegal,crazy,scary,shit,uncomfortable,rounded,awful,unfortunately,creepy,worst,disgusting,horrible,terrifying
false,serious,disturbing,seriously,evil,terrible,wrong,stupid,hate,sick,negative,dangerous,illegal,crazy,scary,shit,uncomfortable,rounded,awful,unfortunately,creepy,worst,disgusting,horrible,terrifying
false,serious,disturbing,seriously,evil,terrible,wrong,stupid,hate,sick,negative,dangerous,illegal,crazy,scary,shit,uncomfortable,rounded,awful,unfortunately,creepy,worst,disgusting,horrible,terrifying
false,serious,disturbing,seriously,evil,terrible,wrong,stupid,hate,sick,negative,dangerous,illegal,crazy,scary,shit,uncomfortable,rounded,awful,unfortunately,creepy,worst,disgusting,horrible,terrifying
false,serious,disturbing,seriously,evil,terrible,wrong,stupid,hate,sick,negative,dangerous,illegal,crazy,scary,shit,uncomfortable,rounded,awful,unfortunately,creepy,worst,disgusting,horrible,terrifying
false,serious,disturbing,seriously,evil,terrible,wrong,stupid,hate,sick,negative,dangerous,illegal,crazy,scary,shit,uncomfortable,rounded,awful,unfortunately,creepy,worst,disgusting,horrible,terrifying
false,serious,disturbing,seriously,evil,terrible,wrong,stupid,hate,sick,negative,dangerous,illegal,crazy,scary,shit,uncomfortable,rounded,awful,unfortunately,creepy,worst,disgusting,horrible,terrifying
false,serious,disturbing,seriously,evil,terrible,wrong,stupid,hate,sick,negative,dangerous,illegal,crazy,scary,shit,uncomfortable,rounded,awful,unfortunately,creepy,worst,disgusting,horrible,terrifying
false,serious,disturbing,seriously,evil,terrible,wrong,stupid,hate,sick,negative,dangerous,illegal,crazy,scary,shit,uncomfortable,rounded,awful,unfortunately,creepy,worst,disgusting,horrible,terrifying
false,serious,disturbing,seriously,evil,terrible,wrong,stupid,hate,sick,negative,dangerous,illegal,crazy,scary,shit,uncomfortable,rounded,awful,unfortunately,creepy,worst,disgusting,horrible,terrifying
false,serious,disturbing,seriously,evil,terrible,wrong,stupid,hate,sick,negative,dangerous,illegal,crazy,scary,shit,uncomfortable,rounded,awful,unfortunately,creepy,worst,disgusting,horrible,terrifying
false,serious,disturbing,seriously,evil,terrible,wrong,stupid,hate,sick,negative,dangerous,illegal,crazy,scary,shit,uncomfortable,rounded,awful,unfortunately,creepy,worst,disgusting,horrible,terrifying
false,serious,disturbing,seriously,evil,terrible,wrong,stupid,hate,sick,negative,dangerous,illegal,crazy,scary,shit,uncomfortable,rounded,awful,unfortunately,creepy,worst,disgusting,horrible,terrifying
false,serious,disturbing,seriously,evil,terrible,wrong,stupid,hate,sick,negative,dangerous,illegal,crazy,scary,shit,uncomfortable,rounded,awful,unfortunately,creepy,worst,disgusting,horrible,terrifying
false,serious,disturbing,seriously,evil,terrible,wrong,stupid,hate,sick,negative,dangerous,illegal,crazy,scary,shit,uncomfortable,rounded,awful,unfortunately,creepy,worst,disgusting,horrible,terrifying
false,serious,disturbing,seriously,evil,terrible,wrong,stupid,hate,sick,negative,dangerous,illegal,crazy,scary,shit,uncomfortable,rounded,awful,unfortunately,creepy,worst,disgusting,horrible,terrifying
false,serious,disturbing,seriously,evil,terrible,wrong,stupid,hate,sick,negative,dangerous,illegal,crazy,scary,shit,uncomfortable,rounded,awful,unfortunately,creepy,worst,disgusting,horrible,terrifying
false,serious,disturbing,seriously,evil,terrible,wrong,stupid,hate,sick,negative,dangerous,illegal,crazy,scary,shit,uncomfortable,rounded,awful,unfortunately,creepy,worst,disgusting,horrible,terrifying
false,serious,disturbing,seriously,evil,terrible,wrong,stupid,hate,sick,negative,dangerous,illegal,crazy,scary,shit,uncomfortable,rounded,awful,unfortunately,creepy,worst,disgusting,horrible,terrifying
false,serious,disturbing,seriously,evil,terrible,wrong,stupid,hate,sick,negative,dangerous,illegal,crazy,scary,shit,uncomfortable,rounded,awful,unfortunately,creepy,worst,disgusting,horrible,terrifying
false,serious,disturbing,seriously,evil,terrible,wrong,stupid,hate,sick,negative,dangerous,illegal,crazy,scary,shit,uncomfortable,rounded,awful,unfortunately,creepy,worst,disgusting,horrible,terrifying
false,serious,disturbing,seriously,evil,terrible,wrong,stupid,hate,sick,negative,dangerous,illegal,crazy,scary,shit,uncomfortable,rounded,awful,unfortunately,creepy,worst,disgusting,horrible,terrifying
false,serious,disturbing,seriously,evil,terrible,wrong,stupid,hate,sick,negative,dangerous,illegal,crazy,scary,shit,uncomfortable,rounded,awful,unfortunately,creepy,worst,disgusting,horrible,terrifying
false,serious,disturbing,seriously,evil,terrible,wrong,stupid,hate,sick,negative,dangerous,illegal,crazy,scary,shit,uncomfortable,rounded,awful,unfortunately,creepy,worst,disgusting,horrible,terrifying
false,serious,disturbing,seriously,evil,terrible,wrong,stupid,hate,sick,negative,dangerous,illegal,crazy,scary,shit,uncomfortable,rounded,awful,unfortunately,creepy,worst,disgusting,horrible,terrifying
false,serious,disturbing,seriously,evil,terrible,wrong,stupid,hate,sick,negative,dangerous,illegal,crazy,scary,shit,uncomfortable,rounded,awful,unfortunately,creepy,worst,disgusting,horrible,terrifying
false,serious,disturbing,seriously,evil,terrible,wrong,stupid,hate,sick,negative,dangerous,illegal,crazy,scary,shit,uncomfortable,rounded,awful,unfortunately,creepy,worst,disgusting,horrible,terrifying
false,serious,disturbing,seriously,evil,terrible,wrong,stupid,hate,sick,negative,dangerous,illegal,crazy,scary,shit,uncomfortable,rounded,awful,unfortunately,creepy,worst,disgusting,horrible,terrifying
false,serious,disturbing,seriously,evil,terrible,wrong,stupid,hate,sick,negative,dangerous,illegal,crazy,scary,shit,uncomfortable,rounded,awful,unfortunately,creepy,worst,disgusting,horrible,terrifying
false,serious,disturbing,seriously,evil,terrible,wrong,stupid,hate,sick,negative,dangerous,illegal,crazy,scary,shit,uncomfortable,rounded,awful,unfortunately,creepy,worst,disgusting,horrible,terrifying
false,serious,disturbing,seriously,evil,terrible,wrong,stupid,hate,sick,negative,dangerous,illegal,crazy,scary,shit,uncomfortable,rounded,awful,unfortunately,creepy,worst,disgusting,horrible,terrifying
false,serious,disturbing,seriously,evil,terrible,wrong,stupid,hate,sick,negative,dangerous,illegal,crazy,scary,shit,uncomfortable,rounded,awful,unfortunately,creepy,worst,disgusting,horrible,terrifying
false,serious,disturbing,seriously,evil,terrible,wrong,stupid,hate,sick,negative,dangerous,illegal,crazy,scary,shit,uncomfortable,rounded,awful,unfortunately,creepy,worst,disgusting,horrible,terrifying
false,serious,disturbing,seriously,evil,terrible,wrong,stupid,hate,sick,negative,dangerous,illegal,crazy,scary,shit,uncomfortable,rounded,awful,unfortunately,creepy,worst,disgusting,horrible,terrifying
false,serious,disturbing,seriously,evil,terrible,wrong,stupid,hate,sick,negative,dangerous,illegal,crazy,scary,shit,uncomfortable,rounded,awful,unfortunately,creepy,worst,disgusting,horrible,terrifying
false,serious,disturbing,seriously,evil,terrible,wrong,stupid,hate,sick,negative,dangerous,illegal,crazy,scary,shit,uncomfortable,rounded,awful,unfortunately,creepy,worst,disgusting,horrible,terrifying
false,serious,disturbing,seriously,evil,terrible,wrong,stupid,hate,sick,negative,dangerous,illegal,crazy,scary,shit,uncomfortable,rounded,awful,unfortunately,creepy,worst,disgusting,horrible,terrifying
false,serious,disturbing,seriously,evil,terrible,wrong,stupid,hate,sick,negative,dangerous,illegal,crazy,scary,shit,uncomfortable,rounded,awful,unfortunately,creepy,worst,disgusting,horrible,terrifying
false,serious,disturbing,seriously,evil,terrible,wrong,stupid,hate,sick,negative,dangerous,illegal,crazy,scary,shit,uncomfortable,rounded,awful,unfortunately,creepy,worst,disgusting,horrible,terrifying
false,serious,disturbing,seriously,evil,terrible,wrong,stupid,hate,sick,negative,dangerous,illegal,crazy,scary,shit,uncomfortable,rounded,awful,unfortunately,creepy,worst,disgusting,horrible,terrifying
false,serious,disturbing,seriously,evil,terrible,wrong,stupid,hate,sick,negative,dangerous,illegal,crazy,scary,shit,uncomfortable,rounded,awful,unfortunately,creepy,worst,disgusting,horrible,terrifying
false,serious,disturbing,seriously,evil,terrible,wrong,stupid,hate,sick,negative,dangerous,illegal,crazy,scary,shit,uncomfortable,rounded,awful,unfortunately,creepy,worst,disgusting,horrible,terrifying
false,serious,disturbing,seriously,evil,terrible,wrong,stupid,hate,sick,negative,dangerous,illegal,crazy,scary,shit,uncomfortable,rounded,awful,unfortunately,creepy,worst,disgusting,horrible,terrifying
false,serious,disturbing,seriously,evil,terrible,wrong,stupid,hate,sick,negative,dangerous,illegal,crazy,scary,shit,uncomfortable,rounded,awful,unfortunately,creepy,worst,disgusting,horrible,terrifying
false,serious,disturbing,seriously,evil,terrible,wrong,stupid,hate,sick,negative,dangerous,illegal,crazy,scary,shit,uncomfortable,rounded,awful,unfortunately,creepy,worst,disgusting,horrible,terrifying
false,serious,disturbing,seriously,evil,terrible,wrong,stupid,hate,sick,negative,dangerous,illegal,crazy,scary,shit,uncomfortable,rounded,awful,unfortunately,creepy,worst,disgusting,horrible,terrifying
false,serious,disturbing,seriously,evil,terrible,wrong,stupid,hate,sick,negative,dangerous,illegal,crazy,scary,shit,uncomfortable,rounded,awful,unfortunately,creepy,worst,disgusting,horrible,terrifying
false,serious,disturbing,seriously,evil,terrible,wrong,stupid,hate,sick,negative,dangerous,illegal,crazy,scary,shit,uncomfortable,rounded,awful,unfortunately,creepy,worst,disgusting,horrible,terrifying
false,serious,disturbing,seriously,evil,terrible,wrong,stupid,hate,sick,negative,dangerous,illegal,crazy,scary,shit,uncomfortable,rounded,awful,unfortunately,creepy,worst,disgusting,horrible,terrifying
false,serious,disturbing,seriously,evil,terrible,wrong,stupid,hate,sick,negative,dangerous,illegal,crazy,scary,shit,uncomfortable,rounded,awful,unfortunately,creepy,worst,disgusting,horrible,terrifying
false,serious,disturbing,seriously,evil,terrible,wrong,stupid,hate,sick,negative,dangerous,illegal,crazy,scary,shit,uncomfortable,rounded,awful,unfortunately,creepy,worst,disgusting,horrible,terrifying
false,serious,disturbing,seriously,evil,terrible,wrong,stupid,hate,sick,negative,dangerous,illegal,crazy,scary,shit,uncomfortable,rounded,awful,unfortunately,creepy,worst,disgusting,horrible,terrifying
false,serious,disturbing,seriously,evil,terrible,wrong,stupid,hate,sick,negative,dangerous,illegal,crazy,scary,shit,uncomfortable,rounded,awful,unfortunately,creepy,worst,disgusting,horrible,terrifying
false,serious,disturbing,seriously,evil,terrible,wrong,stupid,hate,sick,negative,dangerous,illegal,crazy,scary,shit,uncomfortable,rounded,awful,unfortunately,creepy,worst,disgusting,horrible,terrifying
false,serious,disturbing,seriously,evil,terrible,wrong,stupid,hate,sick,negative,dangerous,illegal,crazy,scary,shit,uncomfortable,rounded,awful,unfortunately,creepy,worst,disgusting,horrible,terrifying
false,serious,disturbing,seriously,evil,terrible,wrong,stupid,hate,sick,negative,dangerous,illegal,crazy,scary,shit,uncomfortable,rounded,awful,unfortunately,creepy,worst,disgusting,horrible,terrifying
false,serious,disturbing,seriously,evil,terrible,wrong,stupid,hate,sick,negative,dangerous,illegal,crazy,scary,shit,uncomfortable,rounded,awful,unfortunately,creepy,worst,disgusting,horrible,terrifying
false,serious,disturbing,seriously,evil,terrible,wrong,stupid,hate,sick,negative,dangerous,illegal,crazy,scary,shit,uncomfortable,rounded,awful,unfortunately,creepy,worst,disgusting,horrible,terrifying
false,serious,disturbing,seriously,evil,terrible,wrong,stupid,hate,sick,negative,dangerous,illegal,crazy,scary,shit,uncomfortable,rounded,awful,unfortunately,creepy,worst,disgusting,horrible,terrifying
false,serious,disturbing,seriously,evil,terrible,wrong,stupid,hate,sick,negative,dangerous,illegal,crazy,scary,shit,uncomfortable,rounded,awful,unfortunately,creepy,worst,disgusting,horrible,terrifying
false,serious,disturbing,seriously,evil,terrible,wrong,stupid,hate,sick,negative,dangerous,illegal,crazy,scary,shit,uncomfortable,rounded,awful,unfortunately,creepy,worst,disgusting,horrible,terrifying
false,serious,disturbing,seriously,evil,terrible,wrong,stupid,hate,sick,negative,dangerous,illegal,crazy,scary,shit,uncomfortable,rounded,awful,unfortunately,creepy,worst,disgusting,horrible,terrifying
false,serious,disturbing,seriously,evil,terrible,wrong,stupid,hate,sick,negative,dangerous,illegal,crazy,scary,shit,uncomfortable,rounded,awful,unfortunately,creepy,worst,disgusting,horrible,terrifying
false,serious,disturbing,seriously,evil,terrible,wrong,stupid,hate,sick,negative,dangerous,illegal,crazy,scary,shit,uncomfortable,rounded,awful,unfortunately,creepy,worst,disgusting,horrible,terrifying
false,serious,disturbing,seriously,evil,terrible,wrong,stupid,hate,sick,negative,dangerous,illegal,crazy,scary,shit,uncomfortable,rounded,awful,unfortunately,creepy,worst,disgusting,horrible,terrifying
false,disturbing,ridiculous,seriously,evil,terrible,wrong,terribly,hate,sick,negative,dangerous,illegal,crazy,scary,shit,uncomfortable,rounded,awful,unfortunately,creepy,worst,disgusting,horrible,terrifying
false,disturbing,ridiculous,seriously,evil,terrible,wrong,terribly,hate,sick,negative,dangerous,illegal,crazy,scary,shit,uncomfortable,rounded,awful,unfortunately,creepy,worst,disgusting,horrible,terrifying
false,disturbing,ridiculous,seriously,evil,terrible,wrong,terribly,hate,sick,negative,dangerous,illegal,crazy,scary,shit,uncomfortable,rounded,awful,unfortunately,creepy,worst,disgusting,horrible,terrifying
false,disturbing,ridiculous,seriously,evil,terrible,wrong,terribly,hate,sick,negative,dangerous,illegal,crazy,scary,shit,uncomfortable,rounded,awful,unfortunately,creepy,worst,disgusting,horrible,terrifying
false,disturbing,ridiculous,seriously,evil,terrible,wrong,terribly,hate,sick,negative,dangerous,illegal,crazy,scary,shit,uncomfortable,rounded,awful,unfortunately,creepy,worst,disgusting,horrible,terrifying
false,disturbing,ridiculous,seriously,evil,terrible,wrong,terribly,hate,sick,negative,dangerous,illegal,crazy,scary,shit,uncomfortable,rounded,awful,unfortunately,creepy,worst,disgusting,horrible,terrifying
false,disturbing,ridiculous,seriously,evil,terrible,wrong,terribly,hate,sick,negative,dangerous,illegal,crazy,scary,shit,uncomfortable,rounded,awful,unfortunately,creepy,worst,disgusting,horrible,terrifying
false,disturbing,ridiculous,seriously,evil,terrible,wrong,terribly,hate,sick,negative,dangerous,illegal,crazy,scary,shit,uncomfortable,rounded,awful,unfortunately,creepy,worst,disgusting,horrible,terrifying
false,disturbing,ridiculous,seriously,evil,terrible,wrong,terribly,hate,sick,negative,dangerous,illegal,crazy,scary,shit,uncomfortable,rounded,awful,unfortunately,creepy,worst,disgusting,horrible,terrifying
false,disturbing,ridiculous,seriously,evil,terrible,wrong,terribly,hate,sick,negative,dangerous,illegal,crazy,scary,shit,uncomfortable,rounded,awful,unfortunately,creepy,worst,disgusting,horrible,terrifying
false,disturbing,ridiculous,seriously,evil,terrible,wrong,terribly,hate,sick,negative,dangerous,illegal,crazy,scary,shit,uncomfortable,rounded,awful,unfortunately,creepy,worst,disgusting,horrible,terrifying
false,disturbing,ridiculous,seriously,evil,terrible,wrong,terribly,hate,sick,negative,dangerous,illegal,crazy,scary,shit,uncomfortable,rounded,awful,unfortunately,creepy,worst,disgusting,horrible,terrifying
false,disturbing,ridiculous,seriously,evil,terrible,wrong,terribly,hate,sick,negative,dangerous,illegal,crazy,scary,shit,uncomfortable,rounded,awful,unfortunately,creepy,worst,disgusting,horrible,terrifying
false,disturbing,ridiculous,seriously,evil,terrible,wrong,terribly,hate,sick,negative,dangerous,illegal,crazy,scary,shit,uncomfortable,rounded,awful,unfortunately,creepy,worst,disgusting,horrible,terrifying
false,disturbing,ridiculous,seriously,evil,terrible,wrong,terribly,hate,sick,negative,dangerous,illegal,crazy,scary,shit,uncomfortable,rounded,awful,unfortunately,creepy,worst,disgusting,horrible,terrifying
false,disturbing,ridiculous,seriously,evil,terrible,wrong,terribly,hate,sick,negative,dangerous,illegal,crazy,scary,shit,uncomfortable,rounded,awful,unfortunately,creepy,worst,disgusting,horrible,terrifying
false,disturbing,ridiculous,seriously,evil,terrible,wrong,terribly,hate,sick,negative,dangerous,illegal,crazy,scary,shit,uncomfortable,rounded,awful,unfortunately,creepy,worst,disgusting,horrible,terrifying
false,disturbing,ridiculous,seriously,evil,terrible,wrong,terribly,hate,sick,negative,dangerous,illegal,crazy,scary,shit,uncomfortable,rounded,awful,unfortunately,creepy,worst,disgusting,horrible,terrifying
false,disturbing,ridiculous,seriously,evil,terrible,wrong,terribly,hate,sick,negative,dangerous,illegal,crazy,scary,shit,uncomfortable,rounded,awful,unfortunately,creepy,worst,disgusting,horrible,terrifying
false,disturbing,ridiculous,seriously,evil,terrible,wrong,terribly,hate,sick,negative,dangerous,illegal,crazy,scary,shit,uncomfortable,rounded,awful,unfortunately,creepy,worst,disgusting,horrible,terrifying
false,disturbing,ridiculous,seriously,evil,terrible,wrong,terribly,hate,sick,negative,dangerous,illegal,crazy,scary,shit,uncomfortable,rounded,awful,unfortunately,creepy,worst,disgusting,horrible,terrifying
false,disturbing,ridiculous,seriously,evil,terrible,wrong,terribly,hate,sick,negative,dangerous,illegal,crazy,scary,shit,uncomfortable,rounded,awful,unfortunately,creepy,worst,disgusting,horrible,terrifying
false,disturbing,ridiculous,seriously,evil,terrible,wrong,terribly,hate,sick,negative,dangerous,illegal,crazy,scary,shit,uncomfortable,rounded,awful,unfortunately,creepy,worst,disgusting,horrible,terrifying
false,disturbing,ridiculous,seriously,evil,terrible,wrong,terribly,hate,sick,negative,dangerous,illegal,crazy,scary,shit,uncomfortable,rounded,awful,unfortunately,creepy,worst,disgusting,horrible,terrifying
false,disturbing,ridiculous,seriously,evil,terrible,wrong,terribly,hate,sick,negative,dangerous,illegal,crazy,scary,shit,uncomfortable,rounded,awful,unfortunately,creepy,worst,disgusting,horrible,terrifying
false,disturbing,ridiculous,seriously,evil,terrible,wrong,terribly,hate,sick,negative,dangerous,illegal,crazy,scary,shit,uncomfortable,rounded,awful,unfortunately,creepy,worst,disgusting,horrible,terrifying
false,disturbing,ridiculous,seriously,evil,terrible,wrong,terribly,hate,sick,negative,dangerous,illegal,crazy,scary,shit,uncomfortable,rounded,awful,unfortunately,creepy,worst,disgusting,horrible,terrifying
false,disturbing,ridiculous,seriously,evil,terrible,wrong,terribly,hate,sick,negative,dangerous,illegal,crazy,scary,shit,uncomfortable,rounded,awful,unfortunately,creepy,worst,disgusting,horrible,terrifying
false,disturbing,ridiculous,seriously,evil,terrible,wrong,terribly,hate,sick,negative,dangerous,illegal,crazy,scary,shit,uncomfortable,rounded,awful,unfortunately,creepy,worst,disgusting,horrible,terrifying
false,disturbing,ridiculous,seriously,evil,terrible,wrong,terribly,hate,sick,negative,dangerous,illegal,crazy,scary,shit,uncomfortable,rounded,awful,unfortunately,creepy,worst,disgusting,horrible,terrifying
false,disturbing,ridiculous,seriously,evil,terrible,wrong,terribly,hate,sick,negative,dangerous,illegal,crazy,scary,shit,uncomfortable,rounded,awful,unfortunately,creepy,worst,disgusting,horrible,terrifying
false,disturbing,ridiculous,seriously,evil,terrible,wrong,terribly,hate,sick,negative,dangerous,illegal,crazy,scary,shit,uncomfortable,rounded,awful,unfortunately,creepy,worst,disgusting,horrible,terrifying
false,disturbing,ridiculous,seriously,evil,terrible,wrong,terribly,hate,sick,negative,dangerous,illegal,crazy,scary,shit,uncomfortable,rounded,awful,unfortunately,creepy,worst,disgusting,horrible,terrifying
false,disturbing,ridiculous,seriously,evil,terrible,wrong,terribly,hate,sick,negative,dangerous,illegal,crazy,scary,shit,uncomfortable,rounded,awful,unfortunately,creepy,worst,disgusting,horrible,terrifying
false,disturbing,ridiculous,seriously,evil,terrible,wrong,terribly,hate,sick,negative,dangerous,illegal,crazy,scary,shit,uncomfortable,rounded,awful,unfortunately,creepy,worst,disgusting,horrible,terrifying
false,disturbing,ridiculous,seriously,evil,terrible,wrong,terribly,hate,sick,negative,dangerous,illegal,crazy,scary,shit,uncomfortable,rounded,awful,unfortunately,creepy,worst,disgusting,horrible,terrifying
false,disturbing,ridiculous,seriously,evil,terrible,wrong,terribly,hate,sick,negative,dangerous,illegal,crazy,scary,shit,uncomfortable,rounded,awful,unfortunately,creepy,worst,disgusting,horrible,terrifying
false,disturbing,ridiculous,seriously,evil,terrible,wrong,terribly,hate,sick,negative,dangerous,illegal,crazy,scary,shit,uncomfortable,rounded,awful,unfortunately,creepy,worst,disgusting,horrible,terrifying
false,disturbing,ridiculous,seriously,evil,terrible,wrong,terribly,hate,sick,negative,dangerous,illegal,crazy,scary,shit,uncomfortable,rounded,awful,unfortunately,creepy,worst,disgusting,horrible,terrifying
false,disturbing,ridiculous,seriously,evil,terrible,wrong,terribly,hate,sick,negative,dangerous,illegal,crazy,scary,shit,uncomfortable,rounded,awful,unfortunately,creepy,worst,disgusting,horrible,terrifying
false,disturbing,ridiculous,seriously,evil,terrible,wrong,terribly,hate,sick,negative,dangerous,illegal,crazy,scary,shit,uncomfortable,rounded,awful,unfortunately,creepy,worst,disgusting,horrible,terrifying
false,disturbing,ridiculous,seriously,evil,terrible,wrong,terribly,hate,sick,negative,dangerous,illegal,crazy,scary,shit,uncomfortable,rounded,awful,unfortunately,creepy,worst,disgusting,horrible,terrifying
false,disturbing,ridiculous,seriously,evil,terrible,wrong,terribly,hate,sick,negative,dangerous,illegal,crazy,scary,shit,uncomfortable,rounded,awful,unfortunately,creepy,worst,disgusting,horrible,terrifying
false,disturbing,ridiculous,seriously,evil,terrible,wrong,terribly,hate,sick,negative,dangerous,illegal,crazy,scary,shit,uncomfortable,rounded,awful,unfortunately,creepy,worst,disgusting,horrible,terrifying
false,disturbing,ridiculous,seriously,evil,terrible,wrong,terribly,hate,sick,negative,dangerous,illegal,crazy,scary,shit,uncomfortable,rounded,awful,unfortunately,creepy,worst,disgusting,horrible,terrifying
false,disturbing,ridiculous,seriously,evil,terrible,wrong,terribly,hate,sick,negative,dangerous,illegal,crazy,scary,shit,uncomfortable,rounded,awful,unfortunately,creepy,worst,disgusting,horrible,terrifying
false,disturbing,ridiculous,seriously,evil,terrible,wrong,terribly,hate,sick,negative,dangerous,illegal,crazy,scary,shit,uncomfortable,rounded,awful,unfortunately,creepy,worst,disgusting,horrible,terrifying
false,disturbing,ridiculous,seriously,evil,terrible,wrong,terribly,hate,sick,negative,dangerous,illegal,crazy,scary,shit,uncomfortable,rounded,awful,unfortunately,creepy,worst,disgusting,horrible,terrifying
false,disturbing,ridiculous,seriously,evil,terrible,wrong,terribly,hate,sick,negative,dangerous,illegal,crazy,scary,shit,uncomfortable,rounded,awful,unfortunately,creepy,worst,disgusting,horrible,terrifying
false,disturbing,ridiculous,seriously,evil,terrible,wrong,terribly,hate,sick,negative,dangerous,illegal,crazy,scary,shit,uncomfortable,rounded,awful,unfortunately,creepy,worst,disgusting,horrible,terrifying
false,disturbing,ridiculous,seriously,evil,terrible,wrong,terribly,hate,sick,negative,dangerous,illegal,crazy,scary,shit,uncomfortable,rounded,awful,unfortunately,creepy,worst,disgusting,horrible,terrifying
false,disturbing,ridiculous,seriously,evil,terrible,wrong,terribly,hate,sick,negative,dangerous,illegal,crazy,scary,shit,uncomfortable,rounded,awful,unfortunately,creepy,worst,disgusting,horrible,terrifying
false,disturbing,ridiculous,seriously,evil,terrible,wrong,terribly,hate,sick,negative,dangerous,illegal,crazy,scary,shit,uncomfortable,rounded,awful,unfortunately,creepy,worst,disgusting,horrible,terrifying
false,disturbing,ridiculous,seriously,evil,terrible,wrong,terribly,hate,sick,negative,dangerous,illegal,crazy,scary,shit,uncomfortable,rounded,awful,unfortunately,creepy,worst,disgusting,horrible,terrifying
false,disturbing,ridiculous,seriously,evil,terrible,wrong,terribly,hate,sick,negative,dangerous,illegal,crazy,scary,shit,uncomfortable,rounded,awful,unfortunately,creepy,worst,disgusting,horrible,terrifying
false,disturbing,ridiculous,seriously,evil,terrible,wrong,terribly,hate,sick,negative,dangerous,illegal,crazy,scary,shit,uncomfortable,rounded,awful,unfortunately,creepy,worst,disgusting,horrible,terrifying
false,disturbing,ridiculous,seriously,evil,terrible,wrong,terribly,hate,sick,negative,dangerous,illegal,crazy,scary,shit,uncomfortable,rounded,awful,unfortunately,creepy,worst,disgusting,horrible,terrifying
false,disturbing,ridiculous,seriously,evil,terrible,wrong,terribly,hate,sick,negative,dangerous,illegal,crazy,scary,shit,uncomfortable,rounded,awful,unfortunately,creepy,worst,disgusting,horrible,terrifying
false,disturbing,ridiculous,seriously,evil,terrible,wrong,terribly,hate,sick,negative,dangerous,illegal,crazy,scary,shit,uncomfortable,rounded,awful,unfortunately,creepy,worst,disgusting,horrible,terrifying
false,disturbing,ridiculous,seriously,evil,terrible,wrong,terribly,hate,sick,negative,dangerous,illegal,crazy,scary,shit,uncomfortable,rounded,awful,unfortunately,creepy,worst,disgusting,horrible,terrifying
false,disturbing,ridiculous,seriously,evil,terrible,wrong,terribly,hate,sick,negative,dangerous,illegal,crazy,scary,shit,uncomfortable,rounded,awful,unfortunately,creepy,worst,disgusting,horrible,terrifying
false,disturbing,ridiculous,seriously,evil,terrible,wrong,terribly,hate,sick,negative,dangerous,illegal,crazy,scary,shit,uncomfortable,rounded,awful,unfortunately,creepy,worst,disgusting,horrible,terrifying
false,disturbing,ridiculous,seriously,evil,terrible,wrong,terribly,hate,sick,negative,dangerous,illegal,crazy,scary,shit,uncomfortable,rounded,awful,unfortunately,creepy,worst,disgusting,horrible,terrifying
false,disturbing,ridiculous,seriously,evil,terrible,wrong,terribly,hate,sick,negative,dangerous,illegal,crazy,scary,shit,uncomfortable,rounded,awful,unfortunately,creepy,worst,disgusting,horrible,terrifying
false,disturbing,ridiculous,seriously,evil,terrible,wrong,terribly,hate,sick,negative,dangerous,illegal,crazy,scary,shit,uncomfortable,rounded,awful,unfortunately,creepy,worst,disgusting,horrible,terrifying
false,disturbing,ridiculous,seriously,evil,terrible,wrong,terribly,hate,sick,negative,dangerous,illegal,crazy,scary,shit,uncomfortable,rounded,awful,unfortunately,creepy,worst,disgusting,horrible,terrifying
false,disturbing,ridiculous,seriously,evil,terrible,wrong,terribly,hate,sick,negative,dangerous,illegal,crazy,scary,shit,uncomfortable,rounded,awful,unfortunately,creepy,worst,disgusting,horrible,terrifying
false,disturbing,ridiculous,seriously,evil,terrible,wrong,terribly,hate,sick,negative,dangerous,illegal,crazy,scary,shit,uncomfortable,rounded,awful,unfortunately,creepy,worst,disgusting,horrible,terrifying
false,disturbing,ridiculous,seriously,evil,terrible,wrong,terribly,hate,sick,negative,dangerous,illegal,crazy,scary,shit,uncomfortable,rounded,awful,unfortunately,creepy,worst,disgusting,horrible,terrifying
false,disturbing,ridiculous,seriously,evil,terrible,wrong,terribly,hate,sick,negative,dangerous,illegal,crazy,scary,shit,uncomfortable,rounded,awful,unfortunately,creepy,worst,disgusting,horrible,terrifying
false,disturbing,ridiculous,seriously,terrible,wrong,terribly,hate,sick,negative,dangerous,illegal,crazy,scary,shit,uncomfortable,rounded,awful,unfortunately,crap,creepy,worst,disgusting,horrible,terrifying
false,disturbing,ridiculous,seriously,terrible,wrong,terribly,hate,sick,negative,dangerous,illegal,crazy,scary,shit,uncomfortable,rounded,awful,unfortunately,crap,creepy,worst,disgusting,horrible,terrifying
false,disturbing,ridiculous,seriously,terrible,wrong,terribly,hate,sick,negative,dangerous,illegal,crazy,scary,shit,uncomfortable,rounded,awful,unfortunately,crap,creepy,worst,disgusting,horrible,terrifying
false,disturbing,ridiculous,seriously,terrible,wrong,terribly,hate,sick,negative,dangerous,illegal,crazy,scary,shit,uncomfortable,rounded,awful,unfortunately,crap,creepy,worst,disgusting,horrible,terrifying
false,disturbing,ridiculous,seriously,terrible,wrong,terribly,hate,sick,negative,dangerous,illegal,crazy,scary,shit,uncomfortable,rounded,awful,unfortunately,crap,creepy,worst,disgusting,horrible,terrifying
false,disturbing,ridiculous,seriously,terrible,wrong,terribly,hate,sick,negative,dangerous,illegal,crazy,scary,shit,uncomfortable,rounded,awful,unfortunately,crap,creepy,worst,disgusting,horrible,terrifying
false,disturbing,ridiculous,seriously,terrible,wrong,terribly,hate,sick,negative,dangerous,illegal,crazy,scary,shit,uncomfortable,rounded,awful,unfortunately,crap,creepy,worst,disgusting,horrible,terrifying
false,disturbing,ridiculous,seriously,terrible,wrong,terribly,hate,sick,negative,dangerous,illegal,crazy,scary,shit,uncomfortable,rounded,awful,unfortunately,crap,creepy,worst,disgusting,horrible,terrifying
false,disturbing,ridiculous,seriously,terrible,wrong,terribly,hate,sick,negative,dangerous,illegal,crazy,scary,shit,uncomfortable,rounded,awful,unfortunately,crap,creepy,worst,disgusting,horrible,terrifying
false,disturbing,ridiculous,seriously,terrible,wrong,terribly,hate,sick,negative,dangerous,illegal,crazy,scary,shit,uncomfortable,rounded,awful,unfortunately,crap,creepy,worst,disgusting,horrible,terrifying
false,disturbing,ridiculous,seriously,terrible,wrong,terribly,hate,sick,negative,dangerous,illegal,crazy,scary,shit,uncomfortable,rounded,awful,unfortunately,crap,creepy,worst,disgusting,horrible,terrifying
false,disturbing,ridiculous,seriously,terrible,wrong,terribly,hate,sick,negative,dangerous,illegal,crazy,scary,shit,uncomfortable,rounded,awful,unfortunately,crap,creepy,worst,disgusting,horrible,terrifying
false,disturbing,ridiculous,seriously,terrible,wrong,terribly,hate,sick,negative,dangerous,illegal,crazy,scary,shit,uncomfortable,rounded,awful,unfortunately,crap,creepy,worst,disgusting,horrible,terrifying
false,disturbing,ridiculous,seriously,terrible,wrong,terribly,hate,sick,negative,dangerous,illegal,crazy,scary,shit,uncomfortable,rounded,awful,unfortunately,crap,creepy,worst,disgusting,horrible,terrifying
false,disturbing,ridiculous,seriously,terrible,wrong,terribly,hate,sick,negative,dangerous,illegal,crazy,scary,shit,uncomfortable,rounded,awful,unfortunately,crap,creepy,worst,disgusting,horrible,terrifying
false,disturbing,ridiculous,seriously,terrible,wrong,terribly,hate,sick,negative,dangerous,illegal,crazy,scary,shit,uncomfortable,rounded,awful,unfortunately,crap,creepy,worst,disgusting,horrible,terrifying
false,disturbing,ridiculous,seriously,terrible,wrong,terribly,hate,sick,negative,dangerous,illegal,crazy,scary,shit,uncomfortable,rounded,awful,unfortunately,crap,creepy,worst,disgusting,horrible,terrifying
false,disturbing,ridiculous,seriously,terrible,wrong,terribly,hate,sick,negative,dangerous,illegal,crazy,scary,shit,uncomfortable,rounded,awful,unfortunately,crap,creepy,worst,disgusting,horrible,terrifying
false,disturbing,ridiculous,seriously,terrible,wrong,terribly,hate,sick,negative,dangerous,illegal,crazy,scary,shit,uncomfortable,rounded,awful,unfortunately,crap,creepy,worst,disgusting,horrible,terrifying
false,disturbing,ridiculous,seriously,terrible,wrong,terribly,hate,sick,negative,dangerous,illegal,crazy,scary,shit,uncomfortable,rounded,awful,unfortunately,crap,creepy,worst,disgusting,horrible,terrifying
false,disturbing,ridiculous,seriously,terrible,wrong,terribly,hate,sick,negative,dangerous,illegal,crazy,scary,shit,uncomfortable,rounded,awful,unfortunately,crap,creepy,worst,disgusting,horrible,terrifying
false,disturbing,ridiculous,seriously,terrible,wrong,terribly,hate,sick,negative,dangerous,illegal,crazy,scary,shit,uncomfortable,rounded,awful,unfortunately,crap,creepy,worst,disgusting,horrible,terrifying
false,disturbing,ridiculous,seriously,terrible,wrong,terribly,hate,sick,negative,dangerous,illegal,crazy,scary,shit,uncomfortable,rounded,awful,unfortunately,crap,creepy,worst,disgusting,horrible,terrifying
false,disturbing,ridiculous,seriously,terrible,wrong,terribly,hate,sick,negative,dangerous,illegal,crazy,scary,shit,uncomfortable,rounded,awful,unfortunately,crap,creepy,worst,disgusting,horrible,terrifying
false,disturbing,ridiculous,seriously,terrible,wrong,terribly,hate,sick,negative,dangerous,illegal,crazy,scary,shit,uncomfortable,rounded,awful,unfortunately,crap,creepy,worst,disgusting,horrible,terrifying
false,disturbing,ridiculous,seriously,terrible,wrong,terribly,hate,sick,negative,dangerous,illegal,crazy,scary,shit,uncomfortable,rounded,awful,unfortunately,crap,creepy,worst,disgusting,horrible,terrifying
false,disturbing,ridiculous,seriously,terrible,wrong,terribly,hate,sick,negative,dangerous,illegal,crazy,scary,shit,uncomfortable,rounded,awful,unfortunately,crap,creepy,worst,disgusting,horrible,terrifying
false,disturbing,ridiculous,seriously,terrible,wrong,terribly,hate,sick,negative,dangerous,illegal,crazy,scary,shit,uncomfortable,rounded,awful,unfortunately,crap,creepy,worst,disgusting,horrible,terrifying
false,disturbing,ridiculous,seriously,terrible,wrong,terribly,hate,sick,negative,dangerous,illegal,crazy,scary,shit,uncomfortable,rounded,awful,unfortunately,crap,creepy,worst,disgusting,horrible,terrifying
false,disturbing,ridiculous,seriously,terrible,wrong,terribly,hate,sick,negative,dangerous,illegal,crazy,scary,shit,uncomfortable,rounded,awful,unfortunately,crap,creepy,worst,disgusting,horrible,terrifying
false,disturbing,ridiculous,seriously,terrible,wrong,terribly,hate,sick,negative,dangerous,illegal,crazy,scary,shit,uncomfortable,rounded,awful,unfortunately,crap,creepy,worst,disgusting,horrible,terrifying
false,disturbing,ridiculous,seriously,terrible,wrong,terribly,hate,sick,negative,dangerous,illegal,crazy,scary,shit,uncomfortable,rounded,awful,unfortunately,crap,creepy,worst,disgusting,horrible,terrifying
false,disturbing,ridiculous,seriously,terrible,wrong,terribly,hate,sick,negative,dangerous,illegal,crazy,scary,shit,uncomfortable,rounded,awful,unfortunately,crap,creepy,worst,disgusting,horrible,terrifying
false,disturbing,ridiculous,seriously,terrible,wrong,terribly,hate,sick,negative,dangerous,illegal,crazy,scary,shit,uncomfortable,rounded,awful,unfortunately,crap,creepy,worst,disgusting,horrible,terrifying
false,disturbing,ridiculous,seriously,terrible,wrong,terribly,hate,sick,negative,dangerous,illegal,crazy,scary,shit,uncomfortable,rounded,awful,unfortunately,crap,creepy,worst,disgusting,horrible,terrifying
false,disturbing,ridiculous,seriously,terrible,wrong,terribly,hate,sick,negative,dangerous,illegal,crazy,scary,shit,uncomfortable,rounded,awful,unfortunately,crap,creepy,worst,disgusting,horrible,terrifying
false,disturbing,ridiculous,seriously,terrible,wrong,terribly,hate,sick,negative,dangerous,illegal,crazy,scary,shit,uncomfortable,rounded,awful,unfortunately,crap,creepy,worst,disgusting,horrible,terrifying
false,disturbing,ridiculous,seriously,terrible,wrong,terribly,hate,sick,negative,dangerous,illegal,crazy,scary,shit,uncomfortable,rounded,awful,unfortunately,crap,creepy,worst,disgusting,horrible,terrifying
false,disturbing,ridiculous,seriously,terrible,wrong,terribly,hate,sick,negative,dangerous,illegal,crazy,scary,shit,uncomfortable,rounded,awful,unfortunately,crap,creepy,worst,disgusting,horrible,terrifying
false,disturbing,ridiculous,seriously,terrible,wrong,terribly,hate,sick,negative,dangerous,illegal,crazy,scary,shit,uncomfortable,rounded,awful,unfortunately,crap,creepy,worst,disgusting,horrible,terrifying
false,disturbing,ridiculous,seriously,terrible,wrong,terribly,hate,sick,negative,dangerous,illegal,crazy,scary,shit,uncomfortable,rounded,awful,unfortunately,crap,creepy,worst,disgusting,horrible,terrifying
false,disturbing,ridiculous,seriously,terrible,wrong,terribly,hate,sick,negative,dangerous,illegal,crazy,scary,shit,uncomfortable,rounded,awful,unfortunately,crap,creepy,worst,disgusting,horrible,terrifying
false,disturbing,ridiculous,seriously,terrible,wrong,terribly,hate,sick,negative,dangerous,illegal,crazy,scary,shit,uncomfortable,rounded,awful,unfortunately,crap,creepy,worst,disgusting,horrible,terrifying
false,disturbing,ridiculous,seriously,terrible,wrong,terribly,hate,sick,negative,dangerous,illegal,crazy,scary,shit,uncomfortable,rounded,awful,unfortunately,crap,creepy,worst,disgusting,horrible,terrifying
false,disturbing,ridiculous,seriously,terrible,wrong,terribly,hate,sick,negative,dangerous,illegal,crazy,scary,shit,uncomfortable,rounded,awful,unfortunately,crap,creepy,worst,disgusting,horrible,terrifying
false,disturbing,ridiculous,seriously,terrible,wrong,terribly,hate,sick,negative,dangerous,illegal,crazy,scary,shit,uncomfortable,rounded,awful,unfortunately,crap,creepy,worst,disgusting,horrible,terrifying
false,disturbing,ridiculous,seriously,terrible,wrong,terribly,hate,sick,negative,dangerous,illegal,crazy,scary,shit,uncomfortable,rounded,awful,unfortunately,crap,creepy,worst,disgusting,horrible,terrifying
false,disturbing,ridiculous,seriously,terrible,wrong,terribly,hate,sick,negative,dangerous,illegal,crazy,scary,shit,uncomfortable,rounded,awful,unfortunately,crap,creepy,worst,disgusting,horrible,terrifying
false,disturbing,ridiculous,seriously,terrible,wrong,terribly,hate,sick,negative,dangerous,illegal,crazy,scary,shit,uncomfortable,rounded,awful,unfortunately,crap,creepy,worst,disgusting,horrible,terrifying
false,disturbing,ridiculous,seriously,terrible,wrong,terribly,hate,sick,negative,dangerous,illegal,crazy,scary,shit,uncomfortable,rounded,awful,unfortunately,crap,creepy,worst,disgusting,horrible,terrifying
false,disturbing,ridiculous,seriously,terrible,wrong,terribly,hate,sick,negative,dangerous,illegal,crazy,scary,shit,uncomfortable,rounded,awful,unfortunately,crap,creepy,worst,disgusting,horrible,terrifying
false,disturbing,ridiculous,seriously,terrible,wrong,terribly,hate,sick,negative,dangerous,illegal,crazy,scary,shit,uncomfortable,rounded,awful,unfortunately,crap,creepy,worst,disgusting,horrible,terrifying
false,disturbing,ridiculous,seriously,terrible,wrong,terribly,hate,sick,negative,dangerous,illegal,crazy,scary,shit,uncomfortable,rounded,awful,unfortunately,crap,creepy,worst,disgusting,horrible,terrifying
false,disturbing,ridiculous,seriously,terrible,wrong,terribly,hate,sick,negative,dangerous,illegal,crazy,scary,shit,uncomfortable,rounded,awful,unfortunately,crap,creepy,worst,disgusting,horrible,terrifying
false,disturbing,ridiculous,seriously,terrible,wrong,terribly,hate,sick,negative,dangerous,illegal,crazy,scary,shit,uncomfortable,rounded,awful,unfortunately,crap,creepy,worst,disgusting,horrible,terrifying
false,disturbing,ridiculous,seriously,terrible,wrong,terribly,hate,sick,negative,dangerous,illegal,crazy,scary,shit,uncomfortable,rounded,awful,unfortunately,crap,creepy,worst,disgusting,horrible,terrifying
false,disturbing,ridiculous,seriously,terrible,wrong,terribly,hate,sick,negative,dangerous,illegal,crazy,scary,shit,uncomfortable,rounded,awful,unfortunately,crap,creepy,worst,disgusting,horrible,terrifying
false,disturbing,ridiculous,seriously,terrible,wrong,terribly,hate,sick,negative,dangerous,illegal,crazy,scary,shit,uncomfortable,rounded,awful,unfortunately,crap,creepy,worst,disgusting,horrible,terrifying
false,disturbing,ridiculous,seriously,terrible,wrong,terribly,hate,sick,negative,dangerous,illegal,crazy,scary,shit,uncomfortable,rounded,awful,unfortunately,crap,creepy,worst,disgusting,horrible,terrifying
false,disturbing,ridiculous,seriously,terrible,wrong,terribly,hate,sick,negative,dangerous,illegal,crazy,scary,shit,uncomfortable,rounded,awful,unfortunately,crap,creepy,worst,disgusting,horrible,terrifying
false,disturbing,ridiculous,seriously,terrible,wrong,terribly,hate,sick,negative,dangerous,illegal,crazy,scary,shit,uncomfortable,rounded,awful,unfortunately,crap,creepy,worst,disgusting,horrible,terrifying
false,disturbing,ridiculous,seriously,terrible,wrong,terribly,hate,sick,negative,dangerous,illegal,crazy,scary,shit,uncomfortable,rounded,awful,unfortunately,crap,creepy,worst,disgusting,horrible,terrifying
false,disturbing,ridiculous,seriously,terrible,wrong,terribly,hate,sick,negative,dangerous,illegal,crazy,scary,shit,uncomfortable,rounded,awful,unfortunately,crap,creepy,worst,disgusting,horrible,terrifying
false,disturbing,ridiculous,seriously,terrible,wrong,terribly,hate,sick,negative,dangerous,illegal,crazy,scary,shit,uncomfortable,rounded,awful,unfortunately,crap,creepy,worst,disgusting,horrible,terrifying
false,disturbing,ridiculous,seriously,terrible,wrong,terribly,hate,sick,negative,dangerous,illegal,crazy,scary,shit,uncomfortable,rounded,awful,unfortunately,crap,creepy,worst,disgusting,horrible,terrifying
false,disturbing,ridiculous,seriously,terrible,wrong,terribly,hate,sick,negative,dangerous,illegal,crazy,scary,shit,uncomfortable,rounded,awful,unfortunately,crap,creepy,worst,disgusting,horrible,terrifying
false,disturbing,ridiculous,seriously,terrible,wrong,terribly,hate,sick,negative,dangerous,illegal,crazy,scary,shit,uncomfortable,rounded,awful,unfortunately,crap,creepy,worst,disgusting,horrible,terrifying
false,disturbing,ridiculous,seriously,terrible,wrong,terribly,hate,sick,negative,dangerous,illegal,crazy,scary,shit,uncomfortable,rounded,awful,unfortunately,crap,creepy,worst,disgusting,horrible,terrifying
false,disturbing,ridiculous,seriously,terrible,wrong,terribly,hate,sick,negative,dangerous,illegal,crazy,scary,shit,uncomfortable,rounded,awful,unfortunately,crap,creepy,worst,disgusting,horrible,terrifying
false,disturbing,ridiculous,seriously,terrible,wrong,terribly,hate,sick,negative,dangerous,illegal,crazy,scary,shit,uncomfortable,rounded,awful,unfortunately,crap,creepy,worst,disgusting,horrible,terrifying
false,disturbing,ridiculous,seriously,terrible,wrong,terribly,hate,sick,negative,dangerous,illegal,crazy,scary,shit,uncomfortable,rounded,awful,unfortunately,crap,creepy,worst,disgusting,horrible,terrifying
false,disturbing,ridiculous,seriously,terrible,wrong,terribly,hate,sick,negative,dangerous,illegal,crazy,scary,shit,uncomfortable,rounded,awful,unfortunately,crap,creepy,worst,disgusting,horrible,terrifying
false,disturbing,ridiculous,seriously,terrible,wrong,terribly,hate,sick,negative,dangerous,illegal,crazy,scary,shit,uncomfortable,rounded,awful,unfortunately,crap,creepy,worst,disgusting,horrible,terrifying
false,disturbing,ridiculous,seriously,terrible,wrong,terribly,hate,sick,negative,dangerous,illegal,crazy,scary,shit,uncomfortable,rounded,awful,unfortunately,crap,creepy,worst,disgusting,horrible,terrifying
false,disturbing,ridiculous,seriously,terrible,wrong,terribly,hate,sick,negative,dangerous,illegal,crazy,scary,shit,uncomfortable,rounded,awful,unfortunately,crap,creepy,worst,disgusting,horrible,terrifying
false,disturbing,ridiculous,seriously,terrible,wrong,terribly,hate,sick,negative,dangerous,illegal,crazy,scary,shit,uncomfortable,rounded,awful,unfortunately,crap,creepy,worst,disgusting,horrible,terrifying
false,disturbing,ridiculous,seriously,terrible,wrong,terribly,hate,sick,negative,dangerous,illegal,crazy,scary,shit,uncomfortable,rounded,awful,unfortunately,crap,creepy,worst,disgusting,horrible,terrifying
false,disturbing,ridiculous,seriously,terrible,wrong,terribly,hate,sick,negative,dangerous,illegal,crazy,scary,shit,uncomfortable,rounded,awful,unfortunately,crap,creepy,worst,disgusting,horrible,terrifying
false,disturbing,ridiculous,seriously,terrible,wrong,terribly,hate,sick,negative,dangerous,illegal,crazy,scary,shit,uncomfortable,rounded,awful,unfortunately,crap,creepy,worst,disgusting,horrible,terrifying
false,disturbing,ridiculous,seriously,terrible,wrong,terribly,hate,sick,negative,dangerous,illegal,crazy,scary,shit,uncomfortable,rounded,awful,unfortunately,crap,creepy,worst,disgusting,horrible,terrifying
false,disturbing,ridiculous,seriously,terrible,wrong,terribly,hate,sick,negative,dangerous,illegal,crazy,scary,shit,uncomfortable,rounded,awful,unfortunately,crap,creepy,worst,disgusting,horrible,terrifying
false,disturbing,ridiculous,seriously,terrible,wrong,terribly,hate,sick,negative,dangerous,illegal,crazy,scary,shit,uncomfortable,rounded,awful,unfortunately,crap,creepy,worst,disgusting,horrible,terrifying
false,disturbing,ridiculous,seriously,terrible,wrong,terribly,hate,sick,negative,dangerous,illegal,crazy,scary,shit,uncomfortable,rounded,awful,unfortunately,crap,creepy,worst,disgusting,horrible,terrifying
false,disturbing,ridiculous,seriously,terrible,wrong,terribly,hate,sick,negative,dangerous,illegal,crazy,scary,shit,uncomfortable,rounded,awful,unfortunately,crap,creepy,worst,disgusting,horrible,terrifying
false,disturbing,ridiculous,seriously,terrible,wrong,terribly,hate,sick,negative,dangerous,illegal,crazy,scary,shit,uncomfortable,rounded,awful,unfortunately,crap,creepy,worst,disgusting,horrible,terrifying
false,disturbing,ridiculous,seriously,terrible,wrong,terribly,hate,sick,negative,dangerous,illegal,crazy,scary,shit,uncomfortable,rounded,awful,unfortunately,crap,creepy,worst,disgusting,horrible,terrifying
false,disturbing,ridiculous,seriously,terrible,wrong,terribly,hate,sick,negative,dangerous,illegal,crazy,scary,shit,uncomfortable,rounded,awful,unfortunately,crap,creepy,worst,disgusting,horrible,terrifying
false,disturbing,ridiculous,seriously,terrible,wrong,terribly,hate,sick,negative,dangerous,illegal,crazy,scary,shit,uncomfortable,rounded,awful,unfortunately,crap,creepy,worst,disgusting,horrible,terrifying
false,disturbing,ridiculous,seriously,terrible,wrong,terribly,hate,sick,negative,dangerous,illegal,crazy,scary,shit,uncomfortable,rounded,awful,unfortunately,crap,creepy,worst,disgusting,horrible,terrifying
false,disturbing,ridiculous,seriously,terrible,wrong,terribly,hate,sick,negative,dangerous,illegal,crazy,scary,shit,uncomfortable,rounded,awful,unfortunately,crap,creepy,worst,disgusting,horrible,terrifying
false,disturbing,ridiculous,seriously,terrible,wrong,terribly,hate,sick,negative,dangerous,illegal,crazy,scary,shit,uncomfortable,rounded,awful,unfortunately,crap,creepy,worst,disgusting,horrible,terrifying
false,disturbing,ridiculous,seriously,terrible,wrong,terribly,hate,sick,negative,dangerous,illegal,crazy,scary,shit,uncomfortable,rounded,awful,unfortunately,crap,creepy,worst,disgusting,horrible,terrifying
false,disturbing,ridiculous,seriously,terrible,wrong,terribly,hate,sick,negative,dangerous,illegal,crazy,scary,shit,uncomfortable,rounded,awful,unfortunately,crap,creepy,worst,disgusting,horrible,terrifying
false,disturbing,ridiculous,seriously,terrible,wrong,terribly,hate,sick,negative,dangerous,illegal,crazy,scary,shit,uncomfortable,rounded,awful,unfortunately,crap,creepy,worst,disgusting,horrible,terrifying
false,disturbing,ridiculous,seriously,terrible,wrong,terribly,hate,sick,negative,dangerous,illegal,crazy,scary,shit,uncomfortable,rounded,awful,unfortunately,crap,creepy,worst,disgusting,horrible,terrifying
false,disturbing,ridiculous,seriously,terrible,wrong,terribly,hate,sick,negative,dangerous,illegal,crazy,scary,shit,uncomfortable,rounded,awful,unfortunately,crap,creepy,worst,disgusting,horrible,terrifying
false,disturbing,ridiculous,seriously,terrible,wrong,terribly,hate,sick,negative,dangerous,illegal,crazy,scary,shit,uncomfortable,rounded,awful,unfortunately,crap,creepy,worst,disgusting,horrible,terrifying
false,disturbing,ridiculous,seriously,terrible,wrong,terribly,hate,sick,negative,dangerous,illegal,crazy,scary,shit,uncomfortable,rounded,awful,unfortunately,crap,creepy,worst,disgusting,horrible,terrifying
false,disturbing,ridiculous,seriously,terrible,wrong,terribly,hate,sick,negative,dangerous,illegal,crazy,scary,shit,uncomfortable,rounded,awful,unfortunately,crap,creepy,worst,disgusting,horrible,terrifying
false,disturbing,ridiculous,seriously,terrible,wrong,terribly,hate,sick,negative,dangerous,illegal,crazy,scary,shit,uncomfortable,rounded,awful,unfortunately,crap,creepy,worst,disgusting,horrible,terrifying
false,disturbing,ridiculous,seriously,terrible,wrong,terribly,hate,sick,negative,dangerous,illegal,crazy,scary,shit,uncomfortable,rounded,awful,unfortunately,crap,creepy,worst,disgusting,horrible,terrifying
false,disturbing,ridiculous,seriously,terrible,wrong,terribly,hate,sick,negative,dangerous,illegal,crazy,scary,shit,uncomfortable,rounded,awful,unfortunately,crap,creepy,worst,disgusting,horrible,terrifying
false,disturbing,ridiculous,seriously,terrible,wrong,terribly,hate,sick,negative,dangerous,illegal,crazy,scary,shit,uncomfortable,rounded,awful,unfortunately,crap,creepy,worst,disgusting,horrible,terrifying
false,disturbing,ridiculous,seriously,terrible,wrong,terribly,hate,sick,negative,dangerous,illegal,crazy,scary,shit,uncomfortable,rounded,awful,unfortunately,crap,creepy,worst,disgusting,horrible,terrifying
false,disturbing,ridiculous,seriously,terrible,wrong,terribly,hate,sick,negative,dangerous,illegal,crazy,scary,shit,uncomfortable,rounded,awful,unfortunately,crap,creepy,worst,disgusting,horrible,terrifying
false,disturbing,ridiculous,seriously,terrible,wrong,terribly,hate,sick,negative,dangerous,illegal,crazy,scary,shit,uncomfortable,rounded,awful,unfortunately,crap,creepy,worst,disgusting,horrible,terrifying
false,disturbing,ridiculous,seriously,terrible,wrong,terribly,hate,sick,negative,dangerous,illegal,crazy,scary,shit,uncomfortable,rounded,awful,unfortunately,crap,creepy,worst,disgusting,horrible,terrifying
false,disturbing,ridiculous,seriously,terrible,wrong,terribly,hate,sick,negative,dangerous,illegal,crazy,scary,shit,uncomfortable,rounded,awful,unfortunately,crap,creepy,worst,disgusting,horrible,terrifying
false,disturbing,ridiculous,seriously,terrible,wrong,terribly,hate,sick,negative,dangerous,illegal,crazy,scary,shit,uncomfortable,rounded,awful,unfortunately,crap,creepy,worst,disgusting,horrible,terrifying
false,disturbing,ridiculous,seriously,terrible,wrong,terribly,hate,sick,negative,dangerous,illegal,crazy,scary,shit,uncomfortable,rounded,awful,unfortunately,crap,creepy,worst,disgusting,horrible,terrifying
false,disturbing,ridiculous,seriously,terrible,wrong,terribly,hate,sick,negative,dangerous,illegal,crazy,scary,shit,uncomfortable,rounded,awful,unfortunately,crap,creepy,worst,disgusting,horrible,terrifying
false,disturbing,ridiculous,seriously,terrible,wrong,terribly,hate,sick,negative,dangerous,illegal,crazy,scary,shit,uncomfortable,rounded,awful,unfortunately,crap,creepy,worst,disgusting,horrible,terrifying
false,disturbing,ridiculous,seriously,terrible,wrong,terribly,hate,sick,negative,dangerous,illegal,crazy,scary,shit,uncomfortable,rounded,awful,unfortunately,crap,creepy,worst,disgusting,horrible,terrifying
false,disturbing,ridiculous,seriously,terrible,wrong,terribly,hate,sick,negative,dangerous,illegal,crazy,scary,shit,uncomfortable,rounded,awful,unfortunately,crap,creepy,worst,disgusting,horrible,terrifying
false,disturbing,ridiculous,seriously,terrible,wrong,terribly,hate,sick,negative,dangerous,illegal,crazy,scary,shit,uncomfortable,rounded,awful,unfortunately,crap,creepy,worst,disgusting,horrible,terrifying
false,disturbing,ridiculous,seriously,terrible,wrong,terribly,hate,sick,negative,dangerous,illegal,crazy,scary,shit,uncomfortable,rounded,awful,unfortunately,crap,creepy,worst,disgusting,horrible,terrifying
false,disturbing,ridiculous,seriously,terrible,wrong,terribly,hate,bad,negative,dangerous,illegal,crazy,scary,shit,uncomfortable,rounded,awful,unfortunately,crap,creepy,worst,disgusting,horrible,terrifying
false,disturbing,ridiculous,seriously,terrible,wrong,terribly,hate,bad,negative,dangerous,illegal,crazy,scary,shit,uncomfortable,rounded,awful,unfortunately,crap,creepy,worst,disgusting,horrible,terrifying
false,disturbing,ridiculous,seriously,terrible,wrong,terribly,hate,bad,negative,dangerous,illegal,crazy,scary,shit,uncomfortable,rounded,awful,unfortunately,crap,creepy,worst,disgusting,horrible,terrifying
false,disturbing,ridiculous,seriously,terrible,wrong,terribly,hate,bad,negative,dangerous,illegal,crazy,scary,shit,uncomfortable,rounded,awful,unfortunately,crap,creepy,worst,disgusting,horrible,terrifying
false,disturbing,ridiculous,seriously,terrible,wrong,terribly,hate,bad,negative,dangerous,illegal,crazy,scary,shit,uncomfortable,rounded,awful,unfortunately,crap,creepy,worst,disgusting,horrible,terrifying
false,disturbing,ridiculous,seriously,terrible,wrong,terribly,hate,bad,negative,dangerous,illegal,crazy,scary,shit,uncomfortable,rounded,awful,unfortunately,crap,creepy,worst,disgusting,horrible,terrifying
false,disturbing,ridiculous,seriously,terrible,wrong,terribly,hate,bad,negative,dangerous,illegal,crazy,scary,shit,uncomfortable,rounded,awful,unfortunately,crap,creepy,worst,disgusting,horrible,terrifying
false,disturbing,ridiculous,seriously,terrible,wrong,terribly,hate,bad,negative,dangerous,illegal,crazy,scary,shit,uncomfortable,rounded,awful,unfortunately,crap,creepy,worst,disgusting,horrible,terrifying
false,disturbing,ridiculous,seriously,terrible,wrong,terribly,hate,bad,negative,dangerous,illegal,crazy,scary,shit,uncomfortable,rounded,awful,unfortunately,crap,creepy,worst,disgusting,horrible,terrifying
false,disturbing,ridiculous,seriously,terrible,wrong,terribly,hate,bad,negative,dangerous,illegal,crazy,scary,shit,uncomfortable,rounded,awful,unfortunately,crap,creepy,worst,disgusting,horrible,terrifying
false,disturbing,ridiculous,seriously,terrible,wrong,terribly,hate,bad,negative,dangerous,illegal,crazy,scary,shit,uncomfortable,rounded,awful,unfortunately,crap,creepy,worst,disgusting,horrible,terrifying
false,disturbing,ridiculous,seriously,terrible,wrong,terribly,hate,bad,negative,dangerous,illegal,crazy,scary,shit,uncomfortable,rounded,awful,unfortunately,crap,creepy,worst,disgusting,horrible,terrifying
false,disturbing,ridiculous,seriously,terrible,wrong,terribly,hate,bad,negative,dangerous,illegal,crazy,scary,shit,uncomfortable,rounded,awful,unfortunately,crap,creepy,worst,disgusting,horrible,terrifying
false,disturbing,ridiculous,seriously,terrible,wrong,terribly,hate,bad,negative,dangerous,illegal,crazy,scary,shit,uncomfortable,rounded,awful,unfortunately,crap,creepy,worst,disgusting,horrible,terrifying
false,disturbing,ridiculous,seriously,terrible,wrong,terribly,hate,bad,negative,dangerous,illegal,crazy,scary,shit,uncomfortable,rounded,awful,unfortunately,crap,creepy,worst,disgusting,horrible,terrifying
false,disturbing,ridiculous,seriously,terrible,wrong,terribly,hate,bad,negative,dangerous,illegal,crazy,scary,shit,uncomfortable,rounded,awful,unfortunately,crap,creepy,worst,disgusting,horrible,terrifying
false,disturbing,ridiculous,seriously,terrible,wrong,terribly,hate,bad,negative,dangerous,illegal,crazy,scary,shit,uncomfortable,rounded,awful,unfortunately,crap,creepy,worst,disgusting,horrible,terrifying
false,disturbing,ridiculous,seriously,terrible,wrong,terribly,hate,bad,negative,dangerous,illegal,crazy,scary,shit,uncomfortable,rounded,awful,unfortunately,crap,creepy,worst,disgusting,horrible,terrifying
false,disturbing,ridiculous,seriously,terrible,wrong,terribly,hate,bad,negative,dangerous,illegal,crazy,scary,shit,uncomfortable,rounded,awful,unfortunately,crap,creepy,worst,disgusting,horrible,terrifying
false,disturbing,ridiculous,seriously,terrible,wrong,terribly,hate,bad,negative,dangerous,illegal,crazy,scary,shit,uncomfortable,rounded,awful,unfortunately,crap,creepy,worst,disgusting,horrible,terrifying
false,disturbing,ridiculous,seriously,terrible,wrong,terribly,hate,bad,negative,dangerous,illegal,crazy,scary,shit,uncomfortable,rounded,awful,unfortunately,crap,creepy,worst,disgusting,horrible,terrifying
false,disturbing,ridiculous,seriously,terrible,wrong,terribly,hate,bad,negative,dangerous,illegal,crazy,scary,shit,uncomfortable,rounded,awful,unfortunately,crap,creepy,worst,disgusting,horrible,terrifying
false,disturbing,ridiculous,seriously,terrible,wrong,terribly,hate,bad,negative,dangerous,illegal,crazy,scary,shit,uncomfortable,rounded,awful,unfortunately,crap,creepy,worst,disgusting,horrible,terrifying
false,disturbing,ridiculous,seriously,terrible,wrong,terribly,hate,bad,negative,dangerous,illegal,crazy,scary,uncomfortable,rounded,awful,unfortunately,crap,fucking,creepy,worst,disgusting,horrible,terrifying
false,disturbing,ridiculous,seriously,terrible,wrong,terribly,hate,bad,negative,dangerous,illegal,crazy,scary,uncomfortable,rounded,awful,unfortunately,crap,fucking,creepy,worst,disgusting,horrible,terrifying
false,disturbing,ridiculous,seriously,terrible,wrong,terribly,hate,bad,negative,dangerous,illegal,crazy,scary,uncomfortable,rounded,awful,unfortunately,crap,fucking,creepy,worst,disgusting,horrible,terrifying
false,disturbing,ridiculous,seriously,terrible,wrong,terribly,hate,bad,negative,dangerous,illegal,crazy,scary,uncomfortable,rounded,awful,unfortunately,crap,fucking,creepy,worst,disgusting,horrible,terrifying
false,disturbing,ridiculous,seriously,terrible,wrong,terribly,hate,bad,negative,dangerous,illegal,crazy,scary,uncomfortable,rounded,awful,unfortunately,crap,fucking,creepy,worst,disgusting,horrible,terrifying
false,disturbing,ridiculous,seriously,terrible,wrong,terribly,hate,bad,negative,dangerous,illegal,crazy,scary,uncomfortable,rounded,awful,unfortunately,crap,fucking,creepy,worst,disgusting,horrible,terrifying
false,disturbing,ridiculous,seriously,terrible,wrong,terribly,hate,bad,negative,dangerous,illegal,crazy,scary,uncomfortable,rounded,awful,unfortunately,crap,fucking,creepy,worst,disgusting,horrible,terrifying
false,disturbing,ridiculous,seriously,terrible,wrong,terribly,hate,bad,negative,dangerous,illegal,crazy,scary,uncomfortable,rounded,awful,unfortunately,crap,fucking,creepy,worst,disgusting,horrible,terrifying
false,disturbing,ridiculous,seriously,terrible,wrong,terribly,hate,bad,negative,dangerous,illegal,crazy,scary,uncomfortable,rounded,awful,unfortunately,crap,fucking,creepy,worst,disgusting,horrible,terrifying
false,disturbing,ridiculous,seriously,terrible,wrong,terribly,hate,bad,negative,dangerous,illegal,crazy,scary,uncomfortable,rounded,awful,unfortunately,crap,fucking,creepy,worst,disgusting,horrible,terrifying
false,disturbing,ridiculous,seriously,terrible,wrong,terribly,hate,bad,negative,dangerous,illegal,crazy,scary,uncomfortable,rounded,awful,unfortunately,crap,fucking,creepy,worst,disgusting,horrible,terrifying
false,disturbing,ridiculous,seriously,terrible,wrong,terribly,hate,bad,negative,dangerous,illegal,crazy,scary,uncomfortable,rounded,awful,unfortunately,crap,fucking,creepy,worst,disgusting,horrible,terrifying
false,disturbing,ridiculous,seriously,terrible,wrong,terribly,hate,bad,negative,dangerous,illegal,crazy,scary,uncomfortable,rounded,awful,unfortunately,crap,fucking,creepy,worst,disgusting,horrible,terrifying
false,disturbing,ridiculous,seriously,terrible,wrong,terribly,hate,bad,negative,dangerous,illegal,crazy,scary,uncomfortable,rounded,awful,unfortunately,crap,fucking,creepy,worst,disgusting,horrible,terrifying
false,disturbing,ridiculous,seriously,terrible,wrong,terribly,hate,bad,negative,dangerous,illegal,crazy,scary,uncomfortable,rounded,awful,unfortunately,crap,fucking,creepy,worst,disgusting,horrible,terrifying
false,disturbing,ridiculous,seriously,terrible,wrong,terribly,hate,bad,negative,dangerous,illegal,crazy,scary,uncomfortable,rounded,awful,unfortunately,crap,fucking,creepy,worst,disgusting,horrible,terrifying
false,disturbing,ridiculous,seriously,terrible,wrong,terribly,hate,bad,negative,dangerous,illegal,crazy,scary,uncomfortable,rounded,awful,unfortunately,crap,fucking,creepy,worst,disgusting,horrible,terrifying
false,disturbing,ridiculous,seriously,terrible,wrong,terribly,hate,bad,negative,dangerous,illegal,crazy,scary,uncomfortable,rounded,awful,unfortunately,crap,fucking,creepy,worst,disgusting,horrible,terrifying
false,disturbing,ridiculous,seriously,terrible,wrong,terribly,hate,bad,negative,dangerous,illegal,crazy,scary,uncomfortable,rounded,awful,unfortunately,crap,fucking,creepy,worst,disgusting,horrible,terrifying
false,disturbing,ridiculous,seriously,terrible,wrong,terribly,hate,bad,negative,dangerous,illegal,crazy,scary,uncomfortable,rounded,awful,unfortunately,crap,fucking,creepy,worst,disgusting,horrible,terrifying
false,disturbing,ridiculous,seriously,terrible,wrong,terribly,hate,bad,negative,dangerous,illegal,crazy,scary,uncomfortable,rounded,awful,unfortunately,crap,fucking,creepy,worst,disgusting,horrible,terrifying
false,disturbing,ridiculous,seriously,terrible,wrong,terribly,hate,bad,negative,dangerous,illegal,crazy,scary,uncomfortable,rounded,awful,unfortunately,crap,fucking,creepy,worst,disgusting,horrible,terrifying
false,disturbing,ridiculous,seriously,terrible,wrong,terribly,hate,bad,negative,dangerous,illegal,crazy,scary,uncomfortable,rounded,awful,unfortunately,crap,fucking,creepy,worst,disgusting,horrible,terrifying
false,disturbing,ridiculous,seriously,terrible,wrong,terribly,hate,bad,negative,dangerous,illegal,crazy,scary,uncomfortable,rounded,awful,unfortunately,crap,fucking,creepy,worst,disgusting,horrible,terrifying
false,disturbing,ridiculous,seriously,terrible,wrong,terribly,hate,bad,negative,dangerous,illegal,crazy,scary,uncomfortable,rounded,awful,unfortunately,crap,fucking,creepy,worst,disgusting,horrible,terrifying
false,disturbing,ridiculous,seriously,terrible,wrong,terribly,hate,bad,negative,dangerous,illegal,crazy,scary,uncomfortable,rounded,awful,unfortunately,crap,fucking,creepy,worst,disgusting,horrible,terrifying
false,disturbing,ridiculous,seriously,terrible,wrong,terribly,hate,bad,negative,dangerous,illegal,crazy,scary,uncomfortable,rounded,awful,unfortunately,crap,fucking,creepy,worst,disgusting,horrible,terrifying
false,disturbing,ridiculous,seriously,terrible,wrong,terribly,hate,bad,negative,dangerous,illegal,crazy,scary,uncomfortable,rounded,awful,unfortunately,crap,fucking,creepy,worst,disgusting,horrible,terrifying
false,disturbing,ridiculous,seriously,terrible,wrong,terribly,hate,bad,negative,dangerous,illegal,crazy,scary,uncomfortable,rounded,awful,unfortunately,crap,fucking,creepy,worst,disgusting,horrible,terrifying
false,disturbing,ridiculous,seriously,terrible,wrong,terribly,hate,bad,negative,dangerous,illegal,crazy,scary,uncomfortable,rounded,awful,unfortunately,crap,fucking,creepy,worst,disgusting,horrible,terrifying
false,disturbing,ridiculous,seriously,terrible,wrong,terribly,hate,bad,negative,dangerous,illegal,crazy,scary,uncomfortable,rounded,awful,unfortunately,crap,fucking,creepy,worst,disgusting,horrible,terrifying
false,disturbing,ridiculous,seriously,terrible,wrong,terribly,hate,bad,negative,dangerous,illegal,crazy,scary,uncomfortable,rounded,awful,unfortunately,crap,fucking,creepy,worst,disgusting,horrible,terrifying
false,disturbing,ridiculous,seriously,terrible,wrong,terribly,hate,bad,negative,dangerous,illegal,crazy,scary,uncomfortable,rounded,awful,unfortunately,crap,fucking,creepy,worst,disgusting,horrible,terrifying
false,disturbing,ridiculous,seriously,terrible,wrong,terribly,hate,bad,negative,dangerous,illegal,crazy,scary,uncomfortable,rounded,awful,unfortunately,crap,fucking,creepy,worst,disgusting,horrible,terrifying
false,disturbing,ridiculous,seriously,terrible,wrong,terribly,hate,bad,negative,dangerous,illegal,crazy,scary,uncomfortable,rounded,awful,unfortunately,crap,fucking,creepy,worst,disgusting,horrible,terrifying
false,disturbing,ridiculous,seriously,terrible,wrong,terribly,hate,bad,negative,dangerous,illegal,crazy,scary,uncomfortable,rounded,awful,unfortunately,crap,fucking,creepy,worst,disgusting,horrible,terrifying
false,disturbing,ridiculous,seriously,terrible,wrong,terribly,hate,bad,negative,dangerous,illegal,crazy,scary,uncomfortable,rounded,awful,unfortunately,crap,fucking,creepy,worst,disgusting,horrible,terrifying
false,disturbing,ridiculous,seriously,terrible,wrong,terribly,hate,bad,negative,dangerous,illegal,crazy,scary,uncomfortable,rounded,awful,unfortunately,crap,fucking,creepy,worst,disgusting,horrible,terrifying
false,disturbing,ridiculous,seriously,terrible,wrong,terribly,hate,bad,negative,dangerous,illegal,crazy,scary,uncomfortable,rounded,awful,unfortunately,crap,fucking,creepy,worst,disgusting,horrible,terrifying
false,disturbing,ridiculous,seriously,terrible,wrong,terribly,hate,bad,negative,dangerous,illegal,crazy,scary,uncomfortable,rounded,awful,unfortunately,crap,fucking,creepy,worst,disgusting,horrible,terrifying
false,disturbing,ridiculous,seriously,terrible,wrong,terribly,hate,bad,negative,dangerous,illegal,crazy,scary,uncomfortable,rounded,awful,unfortunately,crap,fucking,creepy,worst,disgusting,horrible,terrifying
false,disturbing,ridiculous,seriously,terrible,wrong,terribly,hate,bad,negative,dangerous,illegal,crazy,scary,uncomfortable,rounded,awful,unfortunately,crap,fucking,creepy,worst,disgusting,horrible,terrifying
false,disturbing,ridiculous,seriously,terrible,wrong,terribly,hate,bad,negative,dangerous,illegal,crazy,scary,uncomfortable,rounded,awful,unfortunately,crap,fucking,creepy,worst,disgusting,horrible,terrifying
false,disturbing,ridiculous,seriously,terrible,wrong,terribly,hate,bad,negative,dangerous,illegal,crazy,scary,uncomfortable,rounded,awful,unfortunately,crap,fucking,creepy,worst,disgusting,horrible,terrifying
false,disturbing,ridiculous,seriously,terrible,wrong,terribly,hate,bad,negative,dangerous,illegal,crazy,scary,uncomfortable,rounded,awful,unfortunately,crap,fucking,creepy,worst,disgusting,horrible,terrifying
false,disturbing,ridiculous,seriously,terrible,wrong,terribly,hate,bad,negative,dangerous,illegal,crazy,scary,uncomfortable,rounded,awful,unfortunately,crap,fucking,creepy,worst,disgusting,horrible,terrifying
false,disturbing,ridiculous,seriously,terrible,wrong,terribly,hate,bad,negative,dangerous,illegal,crazy,scary,uncomfortable,rounded,awful,unfortunately,crap,fucking,creepy,worst,disgusting,horrible,terrifying
false,disturbing,ridiculous,seriously,terrible,wrong,terribly,hate,bad,negative,dangerous,illegal,crazy,scary,uncomfortable,rounded,awful,unfortunately,crap,fucking,creepy,worst,disgusting,horrible,terrifying
false,disturbing,ridiculous,seriously,terrible,wrong,terribly,hate,bad,negative,dangerous,illegal,crazy,scary,uncomfortable,rounded,awful,unfortunately,crap,fucking,creepy,worst,disgusting,horrible,terrifying
false,disturbing,ridiculous,seriously,terrible,wrong,terribly,hate,bad,negative,dangerous,illegal,crazy,scary,uncomfortable,rounded,awful,unfortunately,crap,fucking,creepy,worst,disgusting,horrible,terrifying
false,disturbing,ridiculous,seriously,terrible,wrong,terribly,hate,bad,negative,dangerous,illegal,crazy,scary,uncomfortable,rounded,awful,unfortunately,crap,fucking,creepy,worst,disgusting,horrible,terrifying
false,disturbing,ridiculous,seriously,terrible,wrong,terribly,hate,bad,negative,dangerous,illegal,crazy,scary,uncomfortable,rounded,awful,unfortunately,crap,fucking,creepy,worst,disgusting,horrible,terrifying
false,disturbing,ridiculous,seriously,terrible,wrong,terribly,hate,bad,negative,dangerous,illegal,crazy,scary,uncomfortable,rounded,awful,unfortunately,crap,fucking,creepy,worst,disgusting,horrible,terrifying
false,disturbing,ridiculous,seriously,terrible,wrong,terribly,hate,bad,negative,dangerous,illegal,crazy,scary,uncomfortable,rounded,awful,unfortunately,crap,fucking,creepy,worst,disgusting,horrible,terrifying
false,disturbing,ridiculous,seriously,terrible,wrong,terribly,hate,bad,negative,dangerous,illegal,crazy,scary,uncomfortable,rounded,awful,unfortunately,crap,fucking,creepy,worst,disgusting,horrible,terrifying
false,disturbing,ridiculous,seriously,terrible,wrong,terribly,hate,bad,negative,dangerous,illegal,crazy,scary,uncomfortable,rounded,awful,unfortunately,crap,fucking,creepy,worst,disgusting,horrible,terrifying
false,disturbing,ridiculous,seriously,terrible,wrong,terribly,hate,bad,negative,dangerous,illegal,crazy,scary,uncomfortable,rounded,awful,unfortunately,crap,fucking,creepy,worst,disgusting,horrible,terrifying
false,disturbing,ridiculous,seriously,terrible,wrong,terribly,hate,bad,negative,dangerous,illegal,crazy,scary,uncomfortable,rounded,awful,unfortunately,crap,fucking,creepy,worst,disgusting,horrible,terrifying
false,disturbing,ridiculous,seriously,terrible,wrong,terribly,hate,bad,negative,dangerous,illegal,crazy,scary,uncomfortable,rounded,awful,unfortunately,crap,fucking,creepy,worst,disgusting,horrible,terrifying
false,disturbing,ridiculous,seriously,terrible,wrong,terribly,hate,bad,negative,dangerous,illegal,crazy,scary,uncomfortable,rounded,awful,unfortunately,crap,fucking,creepy,worst,disgusting,horrible,terrifying
false,disturbing,ridiculous,seriously,terrible,wrong,terribly,hate,bad,negative,dangerous,illegal,crazy,scary,uncomfortable,rounded,awful,unfortunately,crap,fucking,creepy,worst,disgusting,horrible,terrifying
false,disturbing,ridiculous,seriously,terrible,wrong,terribly,hate,bad,negative,dangerous,illegal,crazy,scary,uncomfortable,rounded,awful,unfortunately,crap,fucking,creepy,worst,disgusting,horrible,terrifying
false,disturbing,ridiculous,seriously,terrible,wrong,terribly,hate,bad,negative,dangerous,illegal,crazy,scary,uncomfortable,rounded,awful,unfortunately,crap,fucking,creepy,worst,disgusting,horrible,terrifying
false,disturbing,ridiculous,seriously,terrible,wrong,terribly,hate,bad,negative,dangerous,illegal,crazy,scary,uncomfortable,rounded,awful,unfortunately,crap,fucking,creepy,worst,disgusting,horrible,terrifying
false,disturbing,ridiculous,seriously,terrible,wrong,terribly,hate,bad,negative,dangerous,illegal,crazy,scary,uncomfortable,rounded,awful,unfortunately,crap,fucking,creepy,worst,disgusting,horrible,terrifying
false,disturbing,ridiculous,seriously,terrible,wrong,terribly,hate,bad,negative,dangerous,illegal,crazy,scary,uncomfortable,rounded,awful,unfortunately,crap,fucking,creepy,worst,disgusting,horrible,terrifying
false,disturbing,ridiculous,seriously,terrible,wrong,terribly,hate,bad,negative,dangerous,illegal,crazy,scary,uncomfortable,rounded,awful,unfortunately,crap,fucking,creepy,worst,disgusting,horrible,terrifying
false,disturbing,ridiculous,seriously,terrible,wrong,terribly,hate,bad,negative,dangerous,illegal,crazy,scary,uncomfortable,rounded,awful,unfortunately,crap,fucking,creepy,worst,disgusting,horrible,terrifying
false,disturbing,ridiculous,seriously,terrible,wrong,terribly,hate,bad,negative,dangerous,illegal,crazy,scary,uncomfortable,rounded,awful,unfortunately,crap,fucking,creepy,worst,disgusting,horrible,terrifying
false,disturbing,ridiculous,seriously,terrible,wrong,terribly,hate,bad,negative,dangerous,illegal,crazy,scary,uncomfortable,rounded,awful,unfortunately,crap,fucking,creepy,worst,disgusting,horrible,terrifying
false,disturbing,ridiculous,seriously,terrible,wrong,terribly,hate,bad,negative,dangerous,illegal,crazy,scary,uncomfortable,rounded,awful,unfortunately,crap,fucking,creepy,worst,disgusting,horrible,terrifying
false,disturbing,ridiculous,seriously,terrible,wrong,terribly,hate,bad,negative,dangerous,illegal,crazy,scary,uncomfortable,rounded,awful,unfortunately,crap,fucking,creepy,worst,disgusting,horrible,terrifying
false,disturbing,ridiculous,seriously,terrible,wrong,terribly,hate,bad,negative,dangerous,illegal,crazy,scary,uncomfortable,rounded,awful,unfortunately,crap,fucking,creepy,worst,disgusting,horrible,terrifying
false,disturbing,ridiculous,seriously,terrible,wrong,terribly,hate,bad,negative,dangerous,illegal,crazy,scary,uncomfortable,rounded,awful,unfortunately,crap,fucking,creepy,worst,disgusting,horrible,terrifying
false,disturbing,ridiculous,seriously,terrible,wrong,terribly,hate,bad,negative,dangerous,illegal,crazy,scary,uncomfortable,rounded,awful,unfortunately,crap,fucking,creepy,worst,disgusting,horrible,terrifying
false,disturbing,ridiculous,seriously,terrible,wrong,terribly,hate,bad,negative,dangerous,illegal,crazy,scary,uncomfortable,rounded,awful,unfortunately,crap,fucking,creepy,worst,disgusting,horrible,terrifying
false,disturbing,ridiculous,seriously,terrible,wrong,terribly,hate,bad,negative,dangerous,illegal,crazy,scary,uncomfortable,rounded,awful,unfortunately,crap,fucking,creepy,worst,disgusting,horrible,terrifying
false,disturbing,ridiculous,seriously,terrible,wrong,terribly,hate,bad,negative,dangerous,illegal,crazy,scary,uncomfortable,rounded,awful,unfortunately,crap,fucking,creepy,worst,disgusting,horrible,terrifying
false,disturbing,ridiculous,seriously,terrible,wrong,terribly,hate,bad,negative,dangerous,illegal,crazy,scary,uncomfortable,rounded,awful,unfortunately,crap,fucking,creepy,worst,disgusting,horrible,terrifying
false,disturbing,ridiculous,seriously,terrible,wrong,terribly,hate,bad,negative,dangerous,illegal,crazy,scary,uncomfortable,rounded,awful,unfortunately,crap,fucking,creepy,worst,disgusting,horrible,terrifying
false,disturbing,ridiculous,seriously,terrible,wrong,terribly,hate,bad,negative,dangerous,illegal,crazy,scary,uncomfortable,rounded,awful,unfortunately,crap,fucking,creepy,worst,disgusting,horrible,terrifying
false,disturbing,ridiculous,seriously,terrible,wrong,terribly,hate,bad,negative,dangerous,illegal,crazy,scary,uncomfortable,rounded,awful,unfortunately,crap,fucking,creepy,worst,disgusting,horrible,terrifying
false,disturbing,ridiculous,seriously,terrible,wrong,terribly,hate,bad,negative,dangerous,illegal,crazy,scary,uncomfortable,rounded,awful,unfortunately,crap,fucking,creepy,worst,disgusting,horrible,terrifying
false,disturbing,ridiculous,seriously,terrible,wrong,terribly,hate,bad,negative,dangerous,illegal,crazy,scary,uncomfortable,rounded,awful,unfortunately,crap,fucking,creepy,worst,disgusting,horrible,terrifying
false,disturbing,ridiculous,seriously,terrible,wrong,terribly,hate,bad,negative,dangerous,illegal,crazy,scary,uncomfortable,rounded,awful,unfortunately,crap,fucking,creepy,worst,disgusting,horrible,terrifying
false,disturbing,ridiculous,seriously,terrible,wrong,terribly,hate,bad,negative,dangerous,illegal,crazy,scary,uncomfortable,rounded,awful,unfortunately,crap,fucking,creepy,worst,disgusting,horrible,terrifying
false,disturbing,ridiculous,seriously,terrible,wrong,terribly,hate,bad,negative,dangerous,illegal,crazy,scary,uncomfortable,rounded,awful,unfortunately,crap,fucking,creepy,worst,disgusting,horrible,terrifying
false,disturbing,ridiculous,seriously,terrible,wrong,terribly,hate,bad,negative,dangerous,illegal,crazy,scary,uncomfortable,rounded,awful,unfortunately,crap,fucking,creepy,worst,disgusting,horrible,terrifying
false,disturbing,ridiculous,seriously,terrible,wrong,terribly,hate,bad,negative,dangerous,illegal,crazy,scary,uncomfortable,rounded,awful,unfortunately,crap,fucking,creepy,worst,disgusting,horrible,terrifying
false,disturbing,ridiculous,seriously,terrible,wrong,terribly,hate,bad,negative,dangerous,illegal,crazy,scary,uncomfortable,rounded,awful,unfortunately,crap,fucking,creepy,worst,disgusting,horrible,terrifying
false,disturbing,ridiculous,seriously,terrible,wrong,terribly,hate,bad,negative,dangerous,illegal,crazy,scary,uncomfortable,rounded,awful,unfortunately,crap,fucking,creepy,worst,disgusting,horrible,terrifying
false,disturbing,ridiculous,seriously,terrible,wrong,terribly,hate,bad,negative,dangerous,illegal,crazy,scary,uncomfortable,rounded,awful,unfortunately,crap,fucking,creepy,worst,disgusting,horrible,terrifying
false,disturbing,ridiculous,seriously,terrible,wrong,terribly,hate,bad,negative,dangerous,illegal,crazy,scary,uncomfortable,rounded,awful,unfortunately,crap,fucking,creepy,worst,disgusting,horrible,terrifying
false,disturbing,ridiculous,seriously,terrible,wrong,terribly,hate,bad,negative,dangerous,illegal,crazy,scary,uncomfortable,rounded,awful,unfortunately,crap,fucking,creepy,worst,disgusting,horrible,terrifying
false,disturbing,ridiculous,seriously,terrible,wrong,terribly,hate,bad,negative,dangerous,illegal,crazy,scary,uncomfortable,rounded,awful,unfortunately,crap,fucking,creepy,worst,disgusting,horrible,terrifying
false,disturbing,ridiculous,seriously,terrible,wrong,terribly,hate,bad,negative,dangerous,illegal,crazy,scary,uncomfortable,rounded,awful,unfortunately,crap,fucking,creepy,worst,disgusting,horrible,terrifying
false,disturbing,ridiculous,seriously,terrible,wrong,terribly,hate,bad,negative,dangerous,illegal,crazy,scary,uncomfortable,rounded,awful,unfortunately,crap,fucking,creepy,worst,disgusting,horrible,terrifying
false,disturbing,ridiculous,seriously,terrible,wrong,terribly,hate,bad,negative,dangerous,illegal,crazy,scary,uncomfortable,rounded,awful,unfortunately,crap,fucking,creepy,worst,disgusting,horrible,terrifying
false,disturbing,ridiculous,seriously,terrible,wrong,terribly,hate,bad,negative,dangerous,illegal,crazy,scary,uncomfortable,rounded,awful,unfortunately,crap,fucking,creepy,worst,disgusting,horrible,terrifying
false,disturbing,ridiculous,seriously,terrible,wrong,terribly,hate,bad,negative,dangerous,illegal,crazy,scary,uncomfortable,rounded,awful,unfortunately,crap,fucking,creepy,worst,disgusting,horrible,terrifying
false,disturbing,ridiculous,seriously,terrible,wrong,terribly,hate,bad,negative,dangerous,illegal,crazy,scary,uncomfortable,rounded,awful,unfortunately,crap,fucking,creepy,worst,disgusting,horrible,terrifying
false,disturbing,ridiculous,seriously,terrible,wrong,terribly,hate,bad,negative,dangerous,illegal,crazy,scary,uncomfortable,rounded,awful,unfortunately,crap,fucking,creepy,worst,disgusting,horrible,terrifying
false,disturbing,ridiculous,seriously,terrible,wrong,terribly,hate,bad,negative,dangerous,illegal,crazy,scary,uncomfortable,rounded,awful,unfortunately,crap,fucking,creepy,worst,disgusting,horrible,terrifying
false,disturbing,ridiculous,seriously,terrible,wrong,terribly,hate,bad,negative,dangerous,illegal,crazy,scary,uncomfortable,rounded,awful,unfortunately,crap,fucking,creepy,worst,disgusting,horrible,terrifying
false,disturbing,ridiculous,seriously,terrible,wrong,terribly,hate,bad,negative,dangerous,illegal,crazy,scary,uncomfortable,rounded,awful,unfortunately,crap,fucking,creepy,worst,disgusting,horrible,terrifying
false,disturbing,ridiculous,seriously,terrible,wrong,terribly,hate,bad,negative,dangerous,illegal,crazy,scary,uncomfortable,rounded,awful,unfortunately,crap,fucking,creepy,worst,disgusting,horrible,terrifying
false,disturbing,ridiculous,seriously,terrible,wrong,terribly,hate,bad,negative,dangerous,illegal,crazy,scary,uncomfortable,rounded,awful,unfortunately,crap,fucking,creepy,worst,disgusting,horrible,terrifying
false,disturbing,ridiculous,seriously,terrible,wrong,terribly,hate,bad,negative,dangerous,illegal,crazy,scary,uncomfortable,rounded,awful,unfortunately,crap,fucking,creepy,worst,disgusting,horrible,terrifying
false,disturbing,ridiculous,seriously,terrible,wrong,terribly,hate,bad,negative,dangerous,illegal,crazy,scary,uncomfortable,rounded,awful,unfortunately,crap,fucking,creepy,worst,disgusting,horrible,terrifying
false,disturbing,ridiculous,seriously,terrible,wrong,terribly,hate,bad,negative,dangerous,illegal,crazy,scary,uncomfortable,rounded,awful,unfortunately,crap,fucking,creepy,worst,disgusting,horrible,terrifying
false,disturbing,ridiculous,seriously,terrible,wrong,terribly,hate,bad,negative,dangerous,illegal,crazy,scary,uncomfortable,rounded,awful,unfortunately,crap,fucking,creepy,worst,disgusting,horrible,terrifying
false,disturbing,ridiculous,seriously,terrible,wrong,terribly,hate,bad,negative,dangerous,illegal,crazy,scary,uncomfortable,rounded,awful,unfortunately,crap,fucking,creepy,worst,disgusting,horrible,terrifying
false,disturbing,ridiculous,seriously,terrible,wrong,terribly,hate,bad,negative,dangerous,illegal,crazy,scary,uncomfortable,rounded,awful,unfortunately,crap,fucking,creepy,worst,disgusting,horrible,terrifying
false,disturbing,ridiculous,seriously,terrible,wrong,terribly,hate,bad,negative,dangerous,illegal,crazy,scary,uncomfortable,rounded,awful,unfortunately,crap,fucking,creepy,worst,disgusting,horrible,terrifying
false,disturbing,ridiculous,seriously,terrible,wrong,terribly,hate,bad,negative,dangerous,illegal,crazy,scary,uncomfortable,rounded,awful,unfortunately,crap,fucking,creepy,worst,disgusting,horrible,terrifying
false,disturbing,ridiculous,seriously,terrible,wrong,terribly,hate,bad,negative,dangerous,illegal,crazy,scary,uncomfortable,rounded,awful,unfortunately,crap,fucking,creepy,worst,disgusting,horrible,terrifying
false,disturbing,ridiculous,seriously,terrible,wrong,terribly,hate,bad,negative,dangerous,illegal,crazy,scary,uncomfortable,rounded,awful,unfortunately,crap,fucking,creepy,worst,disgusting,horrible,terrifying
false,disturbing,ridiculous,seriously,terrible,wrong,terribly,hate,bad,negative,dangerous,illegal,crazy,scary,uncomfortable,rounded,awful,unfortunately,crap,fucking,creepy,worst,disgusting,horrible,terrifying
false,disturbing,ridiculous,seriously,terrible,wrong,terribly,hate,bad,negative,dangerous,illegal,crazy,scary,uncomfortable,rounded,awful,unfortunately,crap,fucking,creepy,worst,disgusting,horrible,terrifying
false,disturbing,ridiculous,seriously,terrible,wrong,terribly,hate,bad,negative,dangerous,illegal,crazy,scary,uncomfortable,rounded,awful,unfortunately,crap,fucking,creepy,worst,disgusting,horrible,terrifying
false,disturbing,ridiculous,seriously,terrible,wrong,terribly,hate,bad,negative,dangerous,illegal,crazy,scary,uncomfortable,rounded,awful,unfortunately,crap,fucking,creepy,worst,disgusting,horrible,terrifying
false,disturbing,ridiculous,seriously,terrible,wrong,terribly,hate,bad,negative,dangerous,illegal,crazy,scary,uncomfortable,rounded,awful,unfortunately,crap,fucking,creepy,worst,disgusting,horrible,terrifying
false,serious,disturbing,ridiculous,seriously,terrible,wrong,terribly,hate,bad,dangerous,illegal,crazy,scary,uncomfortable,rounded,awful,unfortunately,crap,fucking,creepy,worst,disgusting,horrible,terrifying
false,serious,disturbing,ridiculous,seriously,terrible,wrong,terribly,hate,bad,dangerous,illegal,crazy,scary,uncomfortable,rounded,awful,unfortunately,crap,fucking,creepy,worst,disgusting,horrible,terrifying
false,serious,disturbing,ridiculous,seriously,terrible,wrong,terribly,hate,bad,dangerous,illegal,crazy,scary,uncomfortable,rounded,awful,unfortunately,crap,fucking,creepy,worst,disgusting,horrible,terrifying
false,serious,disturbing,ridiculous,seriously,terrible,wrong,terribly,hate,bad,dangerous,illegal,crazy,scary,uncomfortable,rounded,awful,unfortunately,crap,fucking,creepy,worst,disgusting,horrible,terrifying
false,serious,disturbing,ridiculous,seriously,terrible,wrong,terribly,hate,bad,dangerous,illegal,crazy,scary,uncomfortable,rounded,awful,unfortunately,crap,fucking,creepy,worst,disgusting,horrible,terrifying
false,serious,disturbing,ridiculous,seriously,terrible,wrong,terribly,hate,bad,dangerous,illegal,crazy,scary,uncomfortable,rounded,awful,unfortunately,crap,fucking,creepy,worst,disgusting,horrible,terrifying
false,serious,disturbing,ridiculous,seriously,terrible,wrong,terribly,hate,bad,dangerous,illegal,crazy,scary,uncomfortable,rounded,awful,unfortunately,crap,fucking,creepy,worst,disgusting,horrible,terrifying
false,serious,disturbing,ridiculous,seriously,terrible,wrong,terribly,hate,bad,dangerous,illegal,crazy,scary,uncomfortable,rounded,awful,unfortunately,crap,fucking,creepy,worst,disgusting,horrible,terrifying
false,serious,disturbing,ridiculous,seriously,terrible,wrong,terribly,hate,bad,dangerous,illegal,crazy,scary,uncomfortable,rounded,awful,unfortunately,crap,fucking,creepy,worst,disgusting,horrible,terrifying
false,serious,disturbing,ridiculous,seriously,terrible,wrong,terribly,hate,bad,dangerous,illegal,crazy,scary,uncomfortable,rounded,awful,unfortunately,crap,fucking,creepy,worst,disgusting,horrible,terrifying
false,serious,disturbing,ridiculous,seriously,terrible,wrong,terribly,hate,bad,dangerous,illegal,crazy,scary,uncomfortable,rounded,awful,unfortunately,crap,fucking,creepy,worst,disgusting,horrible,terrifying
false,serious,disturbing,ridiculous,seriously,terrible,wrong,terribly,hate,bad,dangerous,illegal,crazy,scary,uncomfortable,rounded,awful,unfortunately,crap,fucking,creepy,worst,disgusting,horrible,terrifying
false,serious,disturbing,ridiculous,seriously,terrible,wrong,terribly,hate,bad,dangerous,illegal,crazy,scary,uncomfortable,rounded,awful,unfortunately,crap,fucking,creepy,worst,disgusting,horrible,terrifying
false,serious,disturbing,ridiculous,seriously,terrible,wrong,terribly,hate,bad,dangerous,illegal,crazy,scary,uncomfortable,rounded,awful,unfortunately,crap,fucking,creepy,worst,disgusting,horrible,terrifying
false,serious,disturbing,ridiculous,seriously,terrible,wrong,terribly,hate,bad,dangerous,illegal,crazy,scary,uncomfortable,rounded,awful,unfortunately,crap,fucking,creepy,worst,disgusting,horrible,terrifying
false,serious,disturbing,ridiculous,seriously,terrible,wrong,terribly,hate,bad,dangerous,illegal,crazy,scary,uncomfortable,rounded,awful,unfortunately,crap,fucking,creepy,worst,disgusting,horrible,terrifying
false,serious,disturbing,ridiculous,seriously,terrible,wrong,terribly,hate,bad,dangerous,illegal,crazy,scary,uncomfortable,rounded,awful,unfortunately,crap,fucking,creepy,worst,disgusting,horrible,terrifying
false,serious,disturbing,ridiculous,seriously,terrible,wrong,terribly,hate,bad,dangerous,illegal,crazy,scary,uncomfortable,rounded,awful,unfortunately,crap,fucking,creepy,worst,disgusting,horrible,terrifying
false,serious,disturbing,ridiculous,seriously,terrible,wrong,terribly,hate,bad,dangerous,illegal,crazy,scary,uncomfortable,rounded,awful,unfortunately,crap,fucking,creepy,worst,disgusting,horrible,terrifying
false,serious,disturbing,ridiculous,seriously,terrible,wrong,terribly,hate,bad,dangerous,illegal,crazy,scary,shit,uncomfortable,rounded,awful,unfortunately,fucking,creepy,worst,disgusting,horrible,terrifying
false,serious,disturbing,ridiculous,seriously,terrible,wrong,terribly,hate,bad,dangerous,illegal,crazy,scary,shit,uncomfortable,rounded,awful,unfortunately,fucking,creepy,worst,disgusting,horrible,terrifying
false,serious,disturbing,ridiculous,seriously,terrible,wrong,terribly,hate,bad,dangerous,illegal,crazy,scary,shit,uncomfortable,rounded,awful,unfortunately,fucking,creepy,worst,disgusting,horrible,terrifying
false,serious,disturbing,ridiculous,seriously,terrible,wrong,terribly,hate,bad,dangerous,illegal,crazy,scary,shit,uncomfortable,rounded,awful,unfortunately,fucking,creepy,worst,disgusting,horrible,terrifying
false,serious,disturbing,ridiculous,seriously,terrible,wrong,terribly,hate,bad,dangerous,illegal,crazy,scary,shit,uncomfortable,rounded,awful,unfortunately,fucking,creepy,worst,disgusting,horrible,terrifying
false,serious,disturbing,ridiculous,seriously,terrible,wrong,terribly,hate,bad,dangerous,illegal,crazy,scary,shit,uncomfortable,rounded,awful,unfortunately,fucking,creepy,worst,disgusting,horrible,terrifying
false,serious,disturbing,ridiculous,seriously,terrible,wrong,terribly,hate,bad,dangerous,illegal,crazy,scary,shit,uncomfortable,rounded,awful,unfortunately,fucking,creepy,worst,disgusting,horrible,terrifying
false,serious,disturbing,ridiculous,seriously,terrible,wrong,terribly,hate,bad,dangerous,illegal,crazy,scary,shit,uncomfortable,rounded,awful,unfortunately,fucking,creepy,worst,disgusting,horrible,terrifying
false,serious,disturbing,ridiculous,seriously,terrible,wrong,terribly,hate,bad,dangerous,illegal,crazy,scary,shit,uncomfortable,rounded,awful,unfortunately,fucking,creepy,worst,disgusting,horrible,terrifying
false,serious,disturbing,ridiculous,seriously,terrible,wrong,terribly,hate,bad,dangerous,illegal,crazy,scary,shit,uncomfortable,rounded,awful,unfortunately,fucking,creepy,worst,disgusting,horrible,terrifying
false,serious,disturbing,ridiculous,seriously,terrible,wrong,terribly,hate,bad,dangerous,illegal,crazy,scary,shit,uncomfortable,rounded,awful,unfortunately,fucking,creepy,worst,disgusting,horrible,terrifying
false,serious,disturbing,ridiculous,seriously,terrible,wrong,terribly,hate,bad,dangerous,illegal,crazy,scary,shit,uncomfortable,rounded,awful,unfortunately,fucking,creepy,worst,disgusting,horrible,terrifying
false,serious,disturbing,ridiculous,seriously,terrible,wrong,terribly,hate,bad,dangerous,illegal,crazy,scary,shit,uncomfortable,rounded,awful,unfortunately,fucking,creepy,worst,disgusting,horrible,terrifying
false,serious,disturbing,ridiculous,seriously,terrible,wrong,terribly,hate,bad,dangerous,illegal,crazy,scary,shit,uncomfortable,rounded,awful,unfortunately,fucking,creepy,worst,disgusting,horrible,terrifying
false,serious,disturbing,ridiculous,seriously,terrible,wrong,terribly,hate,bad,dangerous,illegal,crazy,scary,shit,uncomfortable,rounded,awful,unfortunately,fucking,creepy,worst,disgusting,horrible,terrifying
false,serious,disturbing,ridiculous,seriously,terrible,wrong,terribly,hate,bad,dangerous,illegal,crazy,scary,shit,uncomfortable,rounded,awful,unfortunately,fucking,creepy,worst,disgusting,horrible,terrifying
false,serious,disturbing,ridiculous,seriously,terrible,wrong,terribly,hate,bad,dangerous,illegal,crazy,scary,shit,uncomfortable,rounded,awful,unfortunately,fucking,creepy,worst,disgusting,horrible,terrifying
false,serious,disturbing,ridiculous,seriously,terrible,wrong,terribly,hate,bad,dangerous,illegal,crazy,scary,shit,uncomfortable,rounded,awful,unfortunately,fucking,creepy,worst,disgusting,horrible,terrifying
false,serious,disturbing,ridiculous,seriously,terrible,wrong,terribly,hate,bad,dangerous,illegal,crazy,scary,shit,uncomfortable,rounded,awful,unfortunately,fucking,creepy,worst,disgusting,horrible,terrifying
false,serious,disturbing,ridiculous,seriously,terrible,wrong,terribly,hate,bad,dangerous,illegal,crazy,scary,shit,uncomfortable,rounded,awful,unfortunately,fucking,creepy,worst,disgusting,horrible,terrifying
false,serious,disturbing,ridiculous,seriously,terrible,wrong,terribly,hate,bad,dangerous,illegal,crazy,scary,shit,uncomfortable,rounded,awful,unfortunately,fucking,creepy,worst,disgusting,horrible,terrifying
false,serious,disturbing,ridiculous,seriously,terrible,wrong,terribly,hate,bad,dangerous,illegal,crazy,scary,shit,uncomfortable,rounded,awful,unfortunately,fucking,creepy,worst,disgusting,horrible,terrifying
false,serious,disturbing,ridiculous,seriously,terrible,wrong,terribly,hate,bad,dangerous,illegal,crazy,scary,shit,uncomfortable,rounded,awful,unfortunately,fucking,creepy,worst,disgusting,horrible,terrifying
false,serious,disturbing,ridiculous,seriously,terrible,wrong,terribly,hate,bad,dangerous,illegal,crazy,scary,shit,uncomfortable,rounded,awful,unfortunately,fucking,creepy,worst,disgusting,horrible,terrifying
false,serious,disturbing,ridiculous,seriously,terrible,wrong,terribly,hate,bad,dangerous,illegal,crazy,scary,shit,uncomfortable,rounded,awful,unfortunately,fucking,creepy,worst,disgusting,horrible,terrifying
false,serious,disturbing,ridiculous,seriously,terrible,wrong,terribly,hate,bad,dangerous,illegal,crazy,scary,shit,uncomfortable,rounded,awful,unfortunately,fucking,creepy,worst,disgusting,horrible,terrifying
false,serious,disturbing,ridiculous,seriously,terrible,wrong,terribly,hate,bad,dangerous,illegal,crazy,scary,shit,uncomfortable,rounded,awful,unfortunately,fucking,creepy,worst,disgusting,horrible,terrifying
false,serious,disturbing,ridiculous,seriously,terrible,wrong,terribly,hate,bad,dangerous,illegal,crazy,scary,shit,uncomfortable,rounded,awful,unfortunately,fucking,creepy,worst,disgusting,horrible,terrifying
false,serious,disturbing,ridiculous,seriously,terrible,wrong,terribly,hate,bad,dangerous,illegal,crazy,scary,shit,uncomfortable,rounded,awful,unfortunately,fucking,creepy,worst,disgusting,horrible,terrifying
false,serious,disturbing,ridiculous,seriously,terrible,wrong,terribly,hate,bad,dangerous,illegal,crazy,scary,shit,uncomfortable,rounded,awful,unfortunately,fucking,creepy,worst,disgusting,horrible,terrifying
false,serious,disturbing,ridiculous,seriously,terrible,wrong,terribly,hate,bad,dangerous,illegal,crazy,scary,shit,uncomfortable,rounded,awful,unfortunately,fucking,creepy,worst,disgusting,horrible,terrifying
false,serious,disturbing,ridiculous,seriously,terrible,wrong,terribly,hate,bad,dangerous,illegal,crazy,scary,shit,uncomfortable,rounded,awful,unfortunately,fucking,creepy,worst,disgusting,horrible,terrifying
false,serious,disturbing,ridiculous,seriously,terrible,wrong,terribly,hate,bad,dangerous,illegal,crazy,scary,shit,uncomfortable,rounded,awful,unfortunately,fucking,creepy,worst,disgusting,horrible,terrifying
false,serious,disturbing,ridiculous,seriously,terrible,wrong,terribly,hate,bad,dangerous,illegal,crazy,scary,shit,uncomfortable,rounded,awful,unfortunately,fucking,creepy,worst,disgusting,horrible,terrifying
false,serious,disturbing,ridiculous,seriously,terrible,wrong,terribly,hate,bad,dangerous,illegal,crazy,scary,shit,uncomfortable,rounded,awful,unfortunately,fucking,creepy,worst,disgusting,horrible,terrifying
false,serious,disturbing,ridiculous,seriously,terrible,wrong,terribly,hate,bad,dangerous,illegal,crazy,scary,shit,uncomfortable,rounded,awful,unfortunately,fucking,creepy,worst,disgusting,horrible,terrifying
false,serious,disturbing,ridiculous,seriously,terrible,wrong,terribly,hate,bad,dangerous,illegal,crazy,scary,shit,uncomfortable,rounded,awful,unfortunately,fucking,creepy,worst,disgusting,horrible,terrifying
false,serious,disturbing,ridiculous,seriously,terrible,wrong,terribly,hate,bad,dangerous,illegal,crazy,scary,shit,uncomfortable,rounded,awful,unfortunately,fucking,creepy,worst,disgusting,horrible,terrifying
false,serious,disturbing,ridiculous,seriously,terrible,wrong,terribly,hate,bad,dangerous,illegal,crazy,scary,shit,uncomfortable,rounded,awful,unfortunately,fucking,creepy,worst,disgusting,horrible,terrifying
false,serious,disturbing,ridiculous,seriously,terrible,wrong,terribly,hate,bad,dangerous,illegal,crazy,scary,shit,uncomfortable,rounded,awful,unfortunately,fucking,creepy,worst,disgusting,horrible,terrifying
false,serious,disturbing,ridiculous,seriously,terrible,wrong,terribly,hate,bad,dangerous,illegal,crazy,scary,shit,uncomfortable,rounded,awful,unfortunately,fucking,creepy,worst,disgusting,horrible,terrifying
false,serious,disturbing,ridiculous,seriously,terrible,wrong,terribly,hate,bad,dangerous,illegal,crazy,scary,shit,uncomfortable,rounded,awful,unfortunately,fucking,creepy,worst,disgusting,horrible,terrifying
false,serious,disturbing,ridiculous,seriously,terrible,wrong,terribly,hate,bad,dangerous,illegal,crazy,scary,shit,uncomfortable,rounded,awful,unfortunately,fucking,creepy,worst,disgusting,horrible,terrifying
false,serious,disturbing,ridiculous,seriously,terrible,wrong,terribly,hate,bad,dangerous,illegal,crazy,scary,shit,uncomfortable,rounded,awful,unfortunately,fucking,creepy,worst,disgusting,horrible,terrifying
false,serious,disturbing,ridiculous,seriously,terrible,wrong,terribly,hate,bad,dangerous,illegal,crazy,scary,shit,uncomfortable,rounded,awful,unfortunately,fucking,creepy,worst,disgusting,horrible,terrifying
false,serious,disturbing,ridiculous,seriously,terrible,wrong,terribly,hate,bad,dangerous,illegal,crazy,scary,shit,uncomfortable,rounded,awful,unfortunately,fucking,creepy,worst,disgusting,horrible,terrifying
false,serious,disturbing,ridiculous,seriously,terrible,wrong,terribly,hate,bad,dangerous,illegal,crazy,scary,shit,uncomfortable,rounded,awful,unfortunately,fucking,creepy,worst,disgusting,horrible,terrifying
false,serious,disturbing,ridiculous,seriously,terrible,wrong,terribly,hate,bad,dangerous,illegal,crazy,scary,shit,uncomfortable,rounded,awful,unfortunately,fucking,creepy,worst,disgusting,horrible,terrifying
false,serious,disturbing,ridiculous,seriously,terrible,wrong,terribly,hate,bad,dangerous,illegal,crazy,scary,shit,uncomfortable,rounded,awful,unfortunately,fucking,creepy,worst,disgusting,horrible,terrifying
false,serious,disturbing,ridiculous,seriously,terrible,wrong,terribly,hate,bad,dangerous,illegal,crazy,scary,shit,uncomfortable,rounded,awful,unfortunately,fucking,creepy,worst,disgusting,horrible,terrifying
false,serious,disturbing,ridiculous,seriously,terrible,wrong,terribly,hate,bad,dangerous,illegal,crazy,scary,shit,uncomfortable,rounded,awful,unfortunately,fucking,creepy,worst,disgusting,horrible,terrifying
false,serious,disturbing,ridiculous,seriously,terrible,wrong,terribly,hate,bad,dangerous,illegal,crazy,scary,shit,uncomfortable,rounded,awful,unfortunately,fucking,creepy,worst,disgusting,horrible,terrifying
false,serious,disturbing,ridiculous,seriously,terrible,wrong,terribly,hate,bad,dangerous,illegal,crazy,scary,shit,uncomfortable,rounded,awful,unfortunately,fucking,creepy,worst,disgusting,horrible,terrifying
false,serious,disturbing,ridiculous,seriously,terrible,wrong,terribly,hate,bad,dangerous,illegal,crazy,scary,shit,uncomfortable,rounded,awful,unfortunately,fucking,creepy,worst,disgusting,horrible,terrifying
false,serious,disturbing,ridiculous,seriously,terrible,wrong,terribly,hate,bad,dangerous,illegal,crazy,scary,shit,uncomfortable,rounded,awful,unfortunately,fucking,creepy,worst,disgusting,horrible,terrifying
false,serious,disturbing,ridiculous,seriously,terrible,wrong,terribly,hate,bad,dangerous,illegal,crazy,scary,shit,uncomfortable,rounded,awful,unfortunately,fucking,creepy,worst,disgusting,horrible,terrifying
false,serious,disturbing,ridiculous,seriously,terrible,wrong,terribly,hate,bad,dangerous,illegal,crazy,scary,shit,uncomfortable,rounded,awful,unfortunately,fucking,creepy,worst,disgusting,horrible,terrifying
false,serious,disturbing,ridiculous,seriously,terrible,wrong,terribly,hate,bad,dangerous,illegal,crazy,scary,shit,uncomfortable,rounded,awful,unfortunately,fucking,creepy,worst,disgusting,horrible,terrifying
false,serious,disturbing,ridiculous,seriously,terrible,wrong,terribly,hate,bad,dangerous,illegal,crazy,scary,shit,uncomfortable,rounded,awful,unfortunately,fucking,creepy,worst,disgusting,horrible,terrifying
false,serious,disturbing,ridiculous,seriously,terrible,wrong,terribly,hate,bad,dangerous,illegal,crazy,scary,shit,uncomfortable,rounded,awful,unfortunately,fucking,creepy,worst,disgusting,horrible,terrifying
false,serious,disturbing,ridiculous,seriously,terrible,wrong,terribly,hate,bad,dangerous,illegal,crazy,scary,shit,uncomfortable,rounded,awful,unfortunately,fucking,creepy,worst,disgusting,horrible,terrifying
false,serious,disturbing,ridiculous,seriously,terrible,wrong,terribly,hate,bad,dangerous,illegal,crazy,scary,shit,uncomfortable,rounded,awful,unfortunately,fucking,creepy,worst,disgusting,horrible,terrifying
false,serious,disturbing,ridiculous,seriously,terrible,wrong,terribly,hate,bad,dangerous,illegal,crazy,scary,shit,uncomfortable,rounded,awful,unfortunately,fucking,creepy,worst,disgusting,horrible,terrifying
false,serious,disturbing,ridiculous,seriously,terrible,wrong,terribly,hate,bad,dangerous,illegal,crazy,scary,shit,uncomfortable,rounded,awful,unfortunately,fucking,creepy,worst,disgusting,horrible,terrifying
false,serious,disturbing,ridiculous,seriously,terrible,wrong,terribly,hate,bad,dangerous,illegal,crazy,scary,shit,uncomfortable,rounded,awful,unfortunately,fucking,creepy,worst,disgusting,horrible,terrifying
false,serious,disturbing,ridiculous,seriously,terrible,wrong,terribly,hate,bad,dangerous,illegal,crazy,scary,shit,uncomfortable,rounded,awful,unfortunately,fucking,creepy,worst,disgusting,horrible,terrifying
false,serious,disturbing,ridiculous,seriously,terrible,wrong,terribly,hate,bad,dangerous,illegal,crazy,scary,shit,uncomfortable,rounded,awful,unfortunately,fucking,creepy,worst,disgusting,horrible,terrifying
false,serious,disturbing,ridiculous,seriously,terrible,wrong,terribly,hate,bad,dangerous,illegal,crazy,scary,shit,uncomfortable,rounded,awful,unfortunately,fucking,creepy,worst,disgusting,horrible,terrifying
false,serious,disturbing,ridiculous,seriously,terrible,wrong,terribly,hate,bad,dangerous,illegal,crazy,scary,shit,uncomfortable,rounded,awful,unfortunately,fucking,creepy,worst,disgusting,horrible,terrifying
false,serious,disturbing,ridiculous,seriously,terrible,wrong,terribly,hate,bad,dangerous,illegal,crazy,scary,shit,uncomfortable,rounded,awful,unfortunately,fucking,creepy,worst,disgusting,horrible,terrifying
false,serious,disturbing,ridiculous,seriously,terrible,wrong,terribly,hate,bad,dangerous,illegal,crazy,scary,shit,uncomfortable,rounded,awful,unfortunately,fucking,creepy,worst,disgusting,horrible,terrifying
false,serious,disturbing,ridiculous,seriously,terrible,wrong,terribly,hate,bad,dangerous,illegal,crazy,scary,shit,uncomfortable,rounded,awful,unfortunately,fucking,creepy,worst,disgusting,horrible,terrifying
false,serious,disturbing,ridiculous,seriously,terrible,wrong,terribly,hate,bad,dangerous,illegal,crazy,scary,shit,uncomfortable,rounded,awful,unfortunately,fucking,creepy,worst,disgusting,horrible,terrifying
false,serious,disturbing,ridiculous,seriously,terrible,wrong,terribly,hate,bad,dangerous,illegal,crazy,scary,shit,uncomfortable,rounded,awful,unfortunately,fucking,creepy,worst,disgusting,horrible,terrifying
false,serious,disturbing,ridiculous,seriously,terrible,wrong,terribly,hate,bad,dangerous,illegal,crazy,scary,shit,uncomfortable,rounded,awful,unfortunately,fucking,creepy,worst,disgusting,horrible,terrifying
false,serious,disturbing,ridiculous,seriously,terrible,wrong,terribly,hate,bad,dangerous,illegal,crazy,scary,shit,uncomfortable,rounded,awful,unfortunately,fucking,creepy,worst,disgusting,horrible,terrifying
false,serious,disturbing,ridiculous,seriously,terrible,wrong,terribly,hate,bad,dangerous,illegal,crazy,scary,shit,uncomfortable,rounded,awful,unfortunately,fucking,creepy,worst,disgusting,horrible,terrifying
false,serious,disturbing,ridiculous,seriously,terrible,wrong,terribly,hate,bad,dangerous,illegal,crazy,scary,shit,uncomfortable,rounded,awful,unfortunately,fucking,creepy,worst,disgusting,horrible,terrifying
false,serious,disturbing,ridiculous,seriously,terrible,wrong,terribly,hate,bad,dangerous,illegal,crazy,scary,shit,uncomfortable,rounded,awful,unfortunately,fucking,creepy,worst,disgusting,horrible,terrifying
false,serious,disturbing,ridiculous,seriously,terrible,wrong,terribly,hate,bad,dangerous,illegal,crazy,scary,shit,uncomfortable,rounded,awful,unfortunately,fucking,creepy,worst,disgusting,horrible,terrifying
false,serious,disturbing,ridiculous,seriously,terrible,wrong,terribly,hate,bad,dangerous,illegal,crazy,scary,shit,uncomfortable,rounded,awful,unfortunately,fucking,creepy,worst,disgusting,horrible,terrifying
false,serious,disturbing,ridiculous,seriously,terrible,wrong,terribly,hate,bad,dangerous,illegal,crazy,scary,shit,uncomfortable,rounded,awful,unfortunately,fucking,creepy,worst,disgusting,horrible,terrifying
false,serious,disturbing,ridiculous,seriously,terrible,wrong,terribly,hate,bad,dangerous,illegal,crazy,scary,shit,uncomfortable,rounded,awful,unfortunately,fucking,creepy,worst,disgusting,horrible,terrifying
false,serious,disturbing,ridiculous,seriously,terrible,wrong,terribly,hate,bad,dangerous,illegal,crazy,scary,shit,uncomfortable,rounded,awful,unfortunately,fucking,creepy,worst,disgusting,horrible,terrifying
false,serious,disturbing,ridiculous,seriously,terrible,wrong,terribly,hate,bad,dangerous,illegal,crazy,scary,shit,uncomfortable,rounded,awful,unfortunately,fucking,creepy,worst,disgusting,horrible,terrifying
false,serious,disturbing,ridiculous,seriously,terrible,wrong,terribly,hate,bad,dangerous,illegal,crazy,scary,shit,uncomfortable,rounded,awful,unfortunately,fucking,creepy,worst,disgusting,horrible,terrifying
false,serious,disturbing,ridiculous,seriously,terrible,wrong,terribly,hate,bad,dangerous,illegal,crazy,scary,shit,uncomfortable,rounded,awful,unfortunately,fucking,creepy,worst,disgusting,horrible,terrifying
false,serious,disturbing,ridiculous,seriously,terrible,wrong,terribly,hate,bad,dangerous,illegal,crazy,scary,shit,uncomfortable,rounded,awful,unfortunately,fucking,creepy,worst,disgusting,horrible,terrifying
false,serious,disturbing,ridiculous,seriously,terrible,wrong,terribly,hate,bad,dangerous,illegal,crazy,scary,shit,uncomfortable,rounded,awful,unfortunately,fucking,creepy,worst,disgusting,horrible,terrifying
false,serious,disturbing,ridiculous,seriously,terrible,wrong,terribly,hate,bad,dangerous,illegal,crazy,scary,shit,uncomfortable,rounded,awful,unfortunately,fucking,creepy,worst,disgusting,horrible,terrifying
false,serious,disturbing,ridiculous,seriously,terrible,wrong,terribly,hate,bad,dangerous,illegal,crazy,scary,shit,uncomfortable,rounded,awful,unfortunately,fucking,creepy,worst,disgusting,horrible,terrifying
false,serious,disturbing,ridiculous,seriously,terrible,wrong,terribly,hate,bad,dangerous,illegal,crazy,scary,shit,uncomfortable,rounded,awful,unfortunately,fucking,creepy,worst,disgusting,horrible,terrifying
false,serious,disturbing,ridiculous,seriously,terrible,wrong,terribly,hate,bad,dangerous,illegal,crazy,scary,shit,uncomfortable,rounded,awful,unfortunately,fucking,creepy,worst,disgusting,horrible,terrifying
false,serious,disturbing,ridiculous,seriously,terrible,wrong,terribly,hate,bad,dangerous,illegal,crazy,scary,shit,uncomfortable,rounded,awful,unfortunately,fucking,creepy,worst,disgusting,horrible,terrifying
false,serious,disturbing,ridiculous,seriously,terrible,wrong,terribly,hate,bad,dangerous,illegal,crazy,scary,shit,uncomfortable,rounded,awful,unfortunately,fucking,creepy,worst,disgusting,horrible,terrifying
false,serious,disturbing,ridiculous,seriously,terrible,wrong,terribly,hate,bad,dangerous,illegal,crazy,scary,shit,uncomfortable,rounded,awful,unfortunately,fucking,creepy,worst,disgusting,horrible,terrifying
false,serious,disturbing,ridiculous,seriously,terrible,wrong,terribly,hate,bad,dangerous,illegal,crazy,scary,shit,uncomfortable,rounded,awful,unfortunately,fucking,creepy,worst,disgusting,horrible,terrifying
false,serious,disturbing,ridiculous,seriously,terrible,wrong,terribly,hate,bad,dangerous,illegal,crazy,scary,shit,uncomfortable,rounded,awful,unfortunately,fucking,creepy,worst,disgusting,horrible,terrifying
false,serious,disturbing,ridiculous,seriously,terrible,wrong,terribly,hate,bad,dangerous,illegal,crazy,scary,shit,uncomfortable,rounded,awful,unfortunately,fucking,creepy,worst,disgusting,horrible,terrifying
false,serious,disturbing,ridiculous,seriously,terrible,wrong,terribly,hate,bad,dangerous,illegal,crazy,scary,shit,uncomfortable,rounded,awful,unfortunately,fucking,creepy,worst,disgusting,horrible,terrifying
false,serious,disturbing,ridiculous,seriously,terrible,wrong,terribly,hate,bad,dangerous,illegal,crazy,scary,shit,uncomfortable,rounded,awful,unfortunately,fucking,creepy,worst,disgusting,horrible,terrifying
false,serious,disturbing,ridiculous,seriously,terrible,wrong,terribly,hate,bad,dangerous,illegal,crazy,scary,shit,uncomfortable,rounded,awful,unfortunately,fucking,creepy,worst,disgusting,horrible,terrifying
false,serious,disturbing,ridiculous,seriously,terrible,wrong,terribly,hate,bad,dangerous,illegal,crazy,scary,shit,uncomfortable,rounded,awful,unfortunately,fucking,creepy,worst,disgusting,horrible,terrifying
false,serious,disturbing,ridiculous,seriously,terrible,wrong,terribly,hate,bad,dangerous,illegal,crazy,scary,shit,uncomfortable,rounded,awful,unfortunately,fucking,creepy,worst,disgusting,horrible,terrifying
false,serious,disturbing,ridiculous,seriously,terrible,wrong,terribly,hate,bad,dangerous,illegal,crazy,scary,shit,uncomfortable,rounded,awful,unfortunately,fucking,creepy,worst,disgusting,horrible,terrifying
false,serious,disturbing,ridiculous,seriously,terrible,wrong,terribly,hate,bad,dangerous,illegal,crazy,scary,shit,uncomfortable,rounded,awful,unfortunately,fucking,creepy,worst,disgusting,horrible,terrifying
false,serious,disturbing,ridiculous,seriously,terrible,wrong,terribly,hate,bad,dangerous,illegal,crazy,scary,shit,uncomfortable,rounded,awful,unfortunately,fucking,creepy,worst,disgusting,horrible,terrifying
false,serious,disturbing,ridiculous,seriously,terrible,wrong,terribly,hate,bad,dangerous,illegal,crazy,scary,shit,uncomfortable,rounded,awful,unfortunately,fucking,creepy,worst,disgusting,horrible,terrifying
false,serious,disturbing,ridiculous,seriously,terrible,wrong,terribly,hate,bad,dangerous,illegal,crazy,scary,shit,uncomfortable,rounded,awful,unfortunately,fucking,creepy,worst,disgusting,horrible,terrifying
false,serious,disturbing,ridiculous,seriously,terrible,wrong,terribly,hate,bad,dangerous,illegal,crazy,scary,shit,uncomfortable,rounded,awful,unfortunately,fucking,creepy,worst,disgusting,horrible,terrifying
false,serious,disturbing,ridiculous,seriously,terrible,wrong,terribly,hate,bad,dangerous,illegal,crazy,scary,shit,uncomfortable,rounded,awful,unfortunately,fucking,creepy,worst,disgusting,horrible,terrifying
false,serious,disturbing,ridiculous,seriously,terrible,wrong,terribly,hate,bad,dangerous,illegal,crazy,scary,shit,uncomfortable,rounded,awful,unfortunately,fucking,creepy,worst,disgusting,horrible,terrifying
false,serious,disturbing,ridiculous,seriously,terrible,wrong,terribly,hate,bad,dangerous,illegal,crazy,scary,shit,uncomfortable,rounded,awful,unfortunately,fucking,creepy,worst,disgusting,horrible,terrifying
false,serious,disturbing,ridiculous,seriously,terrible,wrong,terribly,hate,bad,dangerous,illegal,crazy,scary,shit,uncomfortable,rounded,awful,unfortunately,fucking,creepy,worst,disgusting,horrible,terrifying
false,serious,disturbing,ridiculous,seriously,terrible,wrong,terribly,hate,bad,dangerous,illegal,crazy,scary,shit,uncomfortable,rounded,awful,unfortunately,fucking,creepy,worst,disgusting,horrible,terrifying
false,serious,disturbing,ridiculous,seriously,terrible,wrong,terribly,hate,bad,dangerous,illegal,crazy,scary,shit,uncomfortable,rounded,awful,unfortunately,fucking,creepy,worst,disgusting,horrible,terrifying
false,serious,disturbing,ridiculous,seriously,terrible,wrong,terribly,hate,bad,dangerous,illegal,crazy,scary,shit,uncomfortable,rounded,awful,unfortunately,fucking,creepy,worst,disgusting,horrible,terrifying
false,serious,disturbing,ridiculous,seriously,terrible,wrong,terribly,hate,bad,dangerous,illegal,crazy,scary,shit,uncomfortable,rounded,awful,unfortunately,fucking,creepy,worst,disgusting,horrible,terrifying
false,serious,disturbing,ridiculous,seriously,terrible,wrong,terribly,hate,bad,dangerous,illegal,crazy,scary,shit,uncomfortable,rounded,awful,unfortunately,fucking,creepy,worst,disgusting,horrible,terrifying
false,serious,disturbing,ridiculous,seriously,terrible,wrong,terribly,hate,bad,dangerous,illegal,crazy,scary,shit,uncomfortable,rounded,awful,unfortunately,fucking,creepy,worst,disgusting,horrible,terrifying
false,serious,disturbing,ridiculous,seriously,terrible,wrong,terribly,hate,bad,dangerous,illegal,crazy,scary,shit,uncomfortable,rounded,awful,unfortunately,fucking,creepy,worst,disgusting,horrible,terrifying
false,serious,disturbing,ridiculous,seriously,terrible,wrong,terribly,hate,bad,dangerous,illegal,crazy,scary,shit,uncomfortable,rounded,awful,unfortunately,fucking,creepy,worst,disgusting,horrible,terrifying
false,serious,disturbing,ridiculous,seriously,terrible,wrong,terribly,hate,bad,dangerous,illegal,crazy,scary,shit,uncomfortable,rounded,awful,unfortunately,fucking,creepy,worst,disgusting,horrible,terrifying
false,serious,disturbing,ridiculous,seriously,terrible,wrong,terribly,hate,bad,dangerous,illegal,crazy,scary,shit,uncomfortable,rounded,awful,unfortunately,fucking,creepy,worst,disgusting,horrible,terrifying
false,serious,disturbing,ridiculous,seriously,terrible,wrong,terribly,hate,bad,dangerous,illegal,crazy,scary,shit,uncomfortable,rounded,awful,unfortunately,fucking,creepy,worst,disgusting,horrible,terrifying
false,serious,disturbing,ridiculous,seriously,terrible,wrong,terribly,hate,bad,dangerous,illegal,crazy,scary,shit,uncomfortable,rounded,awful,unfortunately,fucking,creepy,worst,disgusting,horrible,terrifying
false,serious,disturbing,ridiculous,seriously,terrible,wrong,terribly,hate,bad,dangerous,illegal,crazy,scary,shit,uncomfortable,rounded,awful,unfortunately,fucking,creepy,worst,disgusting,horrible,terrifying
false,serious,disturbing,ridiculous,seriously,terrible,wrong,terribly,hate,bad,dangerous,illegal,crazy,scary,shit,uncomfortable,rounded,awful,unfortunately,fucking,creepy,worst,disgusting,horrible,terrifying
false,serious,disturbing,ridiculous,seriously,terrible,wrong,terribly,hate,bad,dangerous,illegal,crazy,scary,shit,uncomfortable,rounded,awful,unfortunately,fucking,creepy,worst,disgusting,horrible,terrifying
false,serious,disturbing,ridiculous,seriously,terrible,wrong,terribly,hate,bad,dangerous,illegal,crazy,scary,shit,uncomfortable,rounded,awful,unfortunately,fucking,creepy,worst,disgusting,horrible,terrifying
false,serious,disturbing,ridiculous,seriously,terrible,wrong,terribly,hate,bad,dangerous,illegal,crazy,scary,shit,uncomfortable,rounded,awful,unfortunately,fucking,creepy,worst,disgusting,horrible,terrifying
false,serious,disturbing,ridiculous,seriously,terrible,wrong,terribly,hate,bad,dangerous,illegal,crazy,scary,shit,uncomfortable,rounded,awful,unfortunately,fucking,creepy,worst,disgusting,horrible,terrifying
false,serious,disturbing,ridiculous,seriously,terrible,wrong,terribly,hate,bad,dangerous,illegal,crazy,scary,shit,uncomfortable,rounded,awful,unfortunately,fucking,creepy,worst,disgusting,horrible,terrifying
false,serious,disturbing,ridiculous,seriously,terrible,wrong,terribly,hate,bad,dangerous,illegal,crazy,scary,shit,uncomfortable,rounded,awful,unfortunately,fucking,creepy,worst,disgusting,horrible,terrifying
false,serious,disturbing,ridiculous,seriously,terrible,wrong,terribly,hate,bad,dangerous,illegal,crazy,scary,shit,uncomfortable,rounded,awful,unfortunately,fucking,creepy,worst,disgusting,horrible,terrifying
false,serious,disturbing,ridiculous,seriously,terrible,wrong,terribly,hate,bad,dangerous,illegal,crazy,scary,shit,uncomfortable,rounded,awful,unfortunately,fucking,creepy,worst,disgusting,horrible,terrifying
false,serious,disturbing,ridiculous,seriously,terrible,wrong,terribly,hate,bad,dangerous,illegal,crazy,scary,shit,uncomfortable,rounded,awful,unfortunately,fucking,creepy,worst,disgusting,horrible,terrifying
false,serious,disturbing,ridiculous,seriously,terrible,wrong,terribly,hate,bad,dangerous,illegal,crazy,scary,shit,uncomfortable,rounded,awful,unfortunately,fucking,creepy,worst,disgusting,horrible,terrifying
false,serious,disturbing,ridiculous,seriously,terrible,wrong,terribly,hate,bad,dangerous,illegal,crazy,scary,shit,uncomfortable,rounded,awful,unfortunately,fucking,creepy,worst,disgusting,horrible,terrifying
false,serious,disturbing,ridiculous,seriously,terrible,wrong,terribly,hate,bad,dangerous,illegal,crazy,scary,shit,uncomfortable,rounded,awful,unfortunately,fucking,creepy,worst,disgusting,horrible,terrifying
false,serious,disturbing,ridiculous,seriously,terrible,wrong,terribly,hate,bad,dangerous,illegal,crazy,scary,shit,uncomfortable,rounded,awful,unfortunately,fucking,creepy,worst,disgusting,horrible,terrifying
false,serious,disturbing,ridiculous,seriously,terrible,wrong,terribly,hate,bad,dangerous,illegal,crazy,scary,shit,uncomfortable,rounded,awful,unfortunately,fucking,creepy,worst,disgusting,horrible,terrifying
false,serious,disturbing,ridiculous,seriously,terrible,wrong,terribly,hate,bad,dangerous,illegal,crazy,scary,shit,uncomfortable,rounded,awful,unfortunately,fucking,creepy,worst,disgusting,horrible,terrifying
false,serious,disturbing,ridiculous,seriously,terrible,wrong,terribly,hate,bad,dangerous,illegal,crazy,scary,shit,uncomfortable,rounded,awful,unfortunately,fucking,creepy,worst,disgusting,horrible,terrifying
false,serious,disturbing,ridiculous,seriously,terrible,wrong,terribly,hate,bad,dangerous,illegal,crazy,scary,shit,uncomfortable,rounded,awful,unfortunately,fucking,creepy,worst,disgusting,horrible,terrifying
false,serious,disturbing,ridiculous,seriously,terrible,wrong,terribly,hate,bad,dangerous,illegal,crazy,scary,shit,uncomfortable,rounded,awful,unfortunately,fucking,creepy,worst,disgusting,horrible,terrifying
false,serious,disturbing,ridiculous,seriously,terrible,wrong,terribly,hate,bad,dangerous,illegal,crazy,scary,shit,uncomfortable,rounded,awful,unfortunately,fucking,creepy,worst,disgusting,horrible,terrifying
false,serious,disturbing,ridiculous,seriously,terrible,wrong,terribly,hate,bad,dangerous,illegal,crazy,scary,shit,uncomfortable,rounded,awful,unfortunately,fucking,creepy,worst,disgusting,horrible,terrifying
false,serious,disturbing,ridiculous,seriously,terrible,wrong,terribly,hate,bad,dangerous,illegal,crazy,scary,shit,uncomfortable,rounded,awful,unfortunately,fucking,creepy,worst,disgusting,horrible,terrifying
false,serious,disturbing,ridiculous,seriously,terrible,wrong,terribly,hate,bad,dangerous,illegal,crazy,scary,shit,uncomfortable,rounded,awful,unfortunately,fucking,creepy,worst,disgusting,horrible,terrifying
false,serious,disturbing,ridiculous,seriously,terrible,wrong,terribly,hate,bad,dangerous,illegal,crazy,scary,shit,uncomfortable,rounded,awful,unfortunately,fucking,creepy,worst,disgusting,horrible,terrifying
false,serious,disturbing,ridiculous,seriously,terrible,wrong,terribly,hate,bad,dangerous,illegal,crazy,scary,shit,uncomfortable,rounded,awful,unfortunately,fucking,creepy,worst,disgusting,horrible,terrifying
false,serious,disturbing,ridiculous,seriously,terrible,wrong,terribly,hate,bad,dangerous,illegal,crazy,scary,shit,uncomfortable,rounded,awful,unfortunately,fucking,creepy,worst,disgusting,horrible,terrifying
false,serious,disturbing,ridiculous,seriously,terrible,wrong,terribly,hate,bad,dangerous,illegal,crazy,scary,shit,uncomfortable,rounded,awful,unfortunately,fucking,creepy,worst,disgusting,horrible,terrifying
false,serious,disturbing,ridiculous,seriously,terrible,wrong,terribly,hate,bad,dangerous,illegal,crazy,scary,shit,uncomfortable,rounded,awful,unfortunately,fucking,creepy,worst,disgusting,horrible,terrifying
false,serious,disturbing,ridiculous,seriously,terrible,wrong,terribly,hate,bad,dangerous,illegal,crazy,scary,shit,uncomfortable,rounded,awful,unfortunately,fucking,creepy,worst,disgusting,horrible,terrifying
false,serious,disturbing,ridiculous,seriously,terrible,wrong,terribly,hate,bad,dangerous,illegal,crazy,scary,shit,uncomfortable,rounded,awful,unfortunately,fucking,creepy,worst,disgusting,horrible,terrifying
false,serious,disturbing,ridiculous,seriously,terrible,wrong,terribly,hate,bad,dangerous,illegal,crazy,scary,shit,uncomfortable,rounded,awful,unfortunately,fucking,creepy,worst,disgusting,horrible,terrifying
false,serious,disturbing,ridiculous,seriously,terrible,wrong,terribly,hate,bad,dangerous,illegal,crazy,scary,shit,uncomfortable,rounded,awful,unfortunately,fucking,creepy,worst,disgusting,horrible,terrifying
false,serious,disturbing,ridiculous,seriously,terrible,wrong,terribly,hate,bad,dangerous,illegal,crazy,scary,shit,uncomfortable,rounded,awful,unfortunately,fucking,creepy,worst,disgusting,horrible,terrifying
false,serious,disturbing,ridiculous,seriously,terrible,wrong,terribly,hate,bad,dangerous,illegal,crazy,scary,shit,uncomfortable,rounded,awful,unfortunately,fucking,creepy,worst,disgusting,horrible,terrifying
false,serious,disturbing,ridiculous,seriously,terrible,wrong,terribly,hate,bad,dangerous,illegal,crazy,scary,shit,uncomfortable,rounded,awful,unfortunately,fucking,creepy,worst,disgusting,horrible,terrifying
false,serious,disturbing,ridiculous,seriously,terrible,wrong,terribly,hate,bad,dangerous,illegal,crazy,scary,shit,uncomfortable,rounded,awful,unfortunately,fucking,creepy,worst,disgusting,horrible,terrifying
false,serious,disturbing,ridiculous,seriously,terrible,wrong,terribly,hate,bad,dangerous,illegal,crazy,scary,shit,uncomfortable,rounded,awful,unfortunately,fucking,creepy,worst,disgusting,horrible,terrifying
false,serious,disturbing,ridiculous,seriously,terrible,wrong,terribly,hate,bad,dangerous,illegal,crazy,scary,shit,uncomfortable,rounded,awful,unfortunately,fucking,creepy,worst,disgusting,horrible,terrifying
false,serious,disturbing,ridiculous,seriously,terrible,wrong,terribly,hate,bad,dangerous,illegal,crazy,scary,shit,uncomfortable,rounded,awful,unfortunately,fucking,creepy,worst,disgusting,horrible,terrifying
false,serious,disturbing,ridiculous,seriously,terrible,wrong,terribly,hate,bad,dangerous,illegal,crazy,scary,shit,uncomfortable,rounded,awful,unfortunately,fucking,creepy,worst,disgusting,horrible,terrifying
false,serious,disturbing,ridiculous,seriously,terrible,wrong,terribly,hate,bad,dangerous,illegal,crazy,scary,shit,uncomfortable,rounded,awful,unfortunately,fucking,creepy,worst,disgusting,horrible,terrifying
false,serious,disturbing,ridiculous,seriously,terrible,wrong,terribly,hate,bad,dangerous,illegal,crazy,scary,shit,uncomfortable,rounded,awful,unfortunately,fucking,creepy,worst,disgusting,horrible,terrifying
false,serious,disturbing,ridiculous,seriously,terrible,wrong,terribly,hate,bad,dangerous,illegal,crazy,scary,shit,uncomfortable,rounded,awful,unfortunately,fucking,creepy,worst,disgusting,horrible,terrifying
false,serious,disturbing,ridiculous,seriously,terrible,wrong,terribly,hate,bad,dangerous,illegal,crazy,scary,shit,uncomfortable,rounded,awful,unfortunately,fucking,creepy,worst,disgusting,horrible,terrifying
false,serious,disturbing,ridiculous,seriously,terrible,wrong,terribly,hate,bad,dangerous,illegal,crazy,scary,shit,uncomfortable,rounded,awful,unfortunately,fucking,creepy,worst,disgusting,horrible,terrifying
false,serious,disturbing,ridiculous,seriously,terrible,wrong,terribly,hate,bad,dangerous,illegal,crazy,scary,shit,uncomfortable,rounded,awful,unfortunately,fucking,creepy,worst,disgusting,horrible,terrifying
false,serious,disturbing,ridiculous,seriously,terrible,wrong,terribly,hate,bad,dangerous,illegal,crazy,scary,shit,uncomfortable,rounded,awful,unfortunately,fucking,creepy,worst,disgusting,horrible,terrifying
false,serious,disturbing,ridiculous,seriously,terrible,wrong,terribly,hate,bad,dangerous,illegal,crazy,scary,shit,uncomfortable,rounded,awful,unfortunately,fucking,creepy,worst,disgusting,horrible,terrifying
false,serious,disturbing,ridiculous,seriously,terrible,wrong,terribly,hate,bad,dangerous,illegal,crazy,scary,shit,uncomfortable,rounded,awful,unfortunately,fucking,creepy,worst,disgusting,horrible,terrifying
false,serious,disturbing,ridiculous,seriously,terrible,wrong,terribly,hate,bad,dangerous,illegal,crazy,scary,shit,uncomfortable,rounded,awful,unfortunately,fucking,creepy,worst,disgusting,horrible,terrifying
false,serious,disturbing,ridiculous,seriously,terrible,wrong,terribly,hate,bad,dangerous,illegal,crazy,scary,shit,uncomfortable,rounded,awful,unfortunately,fucking,creepy,worst,disgusting,horrible,terrifying
false,serious,disturbing,ridiculous,seriously,terrible,wrong,terribly,hate,bad,dangerous,illegal,crazy,scary,shit,uncomfortable,rounded,awful,unfortunately,fucking,creepy,worst,disgusting,horrible,terrifying
false,serious,disturbing,ridiculous,seriously,terrible,wrong,terribly,hate,bad,dangerous,illegal,crazy,scary,shit,uncomfortable,rounded,awful,unfortunately,fucking,creepy,worst,disgusting,horrible,terrifying
false,serious,disturbing,ridiculous,seriously,terrible,wrong,terribly,hate,bad,dangerous,illegal,crazy,scary,shit,uncomfortable,rounded,awful,unfortunately,fucking,creepy,worst,disgusting,horrible,terrifying
false,serious,disturbing,ridiculous,seriously,terrible,wrong,terribly,hate,bad,dangerous,illegal,crazy,scary,shit,uncomfortable,rounded,awful,unfortunately,fucking,creepy,worst,disgusting,horrible,terrifying
false,serious,disturbing,ridiculous,seriously,terrible,wrong,terribly,hate,bad,dangerous,illegal,crazy,scary,shit,uncomfortable,rounded,awful,unfortunately,fucking,creepy,worst,disgusting,horrible,terrifying
false,serious,disturbing,ridiculous,seriously,terrible,wrong,terribly,hate,bad,dangerous,illegal,crazy,scary,shit,uncomfortable,rounded,awful,unfortunately,fucking,creepy,worst,disgusting,horrible,terrifying
false,serious,disturbing,ridiculous,seriously,terrible,wrong,terribly,hate,bad,dangerous,illegal,crazy,scary,shit,uncomfortable,rounded,awful,unfortunately,fucking,creepy,worst,disgusting,horrible,terrifying
false,serious,disturbing,ridiculous,seriously,terrible,wrong,terribly,hate,bad,dangerous,illegal,crazy,scary,shit,uncomfortable,rounded,awful,unfortunately,fucking,creepy,worst,disgusting,horrible,terrifying
false,serious,disturbing,ridiculous,seriously,terrible,wrong,terribly,hate,bad,dangerous,illegal,crazy,scary,shit,uncomfortable,rounded,awful,unfortunately,fucking,creepy,worst,disgusting,horrible,terrifying
false,serious,disturbing,ridiculous,seriously,terrible,wrong,terribly,hate,bad,dangerous,illegal,crazy,scary,shit,uncomfortable,rounded,awful,unfortunately,fucking,creepy,worst,disgusting,horrible,terrifying
false,serious,disturbing,ridiculous,seriously,terrible,wrong,terribly,hate,bad,dangerous,illegal,crazy,scary,shit,uncomfortable,rounded,awful,unfortunately,fucking,creepy,worst,disgusting,horrible,terrifying
false,serious,disturbing,ridiculous,seriously,terrible,wrong,terribly,hate,bad,dangerous,illegal,crazy,scary,shit,uncomfortable,rounded,awful,unfortunately,fucking,creepy,worst,disgusting,horrible,terrifying
false,serious,disturbing,ridiculous,seriously,terrible,wrong,terribly,hate,bad,dangerous,illegal,crazy,scary,shit,uncomfortable,rounded,awful,unfortunately,fucking,creepy,worst,disgusting,horrible,terrifying
false,serious,disturbing,ridiculous,seriously,terrible,wrong,terribly,hate,bad,dangerous,illegal,crazy,scary,shit,uncomfortable,rounded,awful,unfortunately,fucking,creepy,worst,disgusting,horrible,terrifying
false,serious,disturbing,ridiculous,seriously,terrible,wrong,terribly,hate,bad,dangerous,illegal,crazy,scary,shit,uncomfortable,rounded,awful,unfortunately,fucking,creepy,worst,disgusting,horrible,terrifying
false,serious,disturbing,ridiculous,seriously,terrible,wrong,terribly,hate,bad,dangerous,illegal,crazy,scary,shit,uncomfortable,rounded,awful,unfortunately,fucking,creepy,worst,disgusting,horrible,terrifying
false,serious,disturbing,ridiculous,seriously,terrible,wrong,terribly,hate,bad,dangerous,illegal,crazy,scary,shit,uncomfortable,rounded,awful,unfortunately,fucking,creepy,worst,disgusting,horrible,terrifying
false,serious,disturbing,ridiculous,seriously,terrible,wrong,terribly,hate,bad,dangerous,illegal,crazy,scary,shit,uncomfortable,rounded,awful,unfortunately,fucking,creepy,worst,disgusting,horrible,terrifying
false,serious,disturbing,ridiculous,seriously,terrible,wrong,terribly,hate,bad,dangerous,illegal,crazy,scary,shit,uncomfortable,rounded,awful,unfortunately,fucking,creepy,worst,disgusting,horrible,terrifying
false,serious,disturbing,ridiculous,seriously,terrible,wrong,terribly,hate,bad,dangerous,illegal,crazy,scary,shit,uncomfortable,rounded,awful,unfortunately,fucking,creepy,worst,disgusting,horrible,terrifying
false,disturbing,ridiculous,seriously,terrible,wrong,terribly,hate,bad,dangerous,illegal,crazy,scary,shit,uncomfortable,rounded,awful,missing,unfortunately,fucking,creepy,worst,disgusting,horrible,terrifying
false,disturbing,ridiculous,seriously,terrible,wrong,terribly,hate,bad,dangerous,illegal,crazy,scary,shit,uncomfortable,rounded,awful,missing,unfortunately,fucking,creepy,worst,disgusting,horrible,terrifying
false,disturbing,ridiculous,seriously,terrible,wrong,terribly,hate,bad,dangerous,illegal,crazy,scary,shit,uncomfortable,rounded,awful,missing,unfortunately,fucking,creepy,worst,disgusting,horrible,terrifying
false,disturbing,ridiculous,seriously,terrible,wrong,terribly,hate,bad,dangerous,illegal,crazy,scary,shit,uncomfortable,rounded,awful,missing,unfortunately,fucking,creepy,worst,disgusting,horrible,terrifying
false,disturbing,ridiculous,seriously,terrible,wrong,terribly,hate,bad,dangerous,illegal,crazy,scary,shit,uncomfortable,rounded,awful,missing,unfortunately,fucking,creepy,worst,disgusting,horrible,terrifying
false,disturbing,ridiculous,seriously,terrible,wrong,terribly,hate,bad,dangerous,illegal,crazy,scary,shit,uncomfortable,rounded,awful,missing,unfortunately,fucking,creepy,worst,disgusting,horrible,terrifying
false,disturbing,ridiculous,seriously,terrible,wrong,terribly,hate,bad,dangerous,illegal,crazy,scary,shit,uncomfortable,rounded,awful,missing,unfortunately,fucking,creepy,worst,disgusting,horrible,terrifying
false,disturbing,ridiculous,seriously,terrible,wrong,terribly,hate,bad,dangerous,illegal,crazy,scary,shit,uncomfortable,rounded,awful,missing,unfortunately,fucking,creepy,worst,disgusting,horrible,terrifying
false,disturbing,ridiculous,seriously,terrible,wrong,terribly,hate,bad,dangerous,illegal,crazy,scary,shit,uncomfortable,rounded,awful,missing,unfortunately,fucking,creepy,worst,disgusting,horrible,terrifying
false,disturbing,ridiculous,seriously,terrible,wrong,terribly,hate,bad,dangerous,illegal,crazy,scary,shit,uncomfortable,rounded,awful,missing,unfortunately,fucking,creepy,worst,disgusting,horrible,terrifying
false,disturbing,ridiculous,seriously,terrible,wrong,terribly,hate,bad,dangerous,illegal,crazy,scary,shit,uncomfortable,rounded,awful,missing,unfortunately,fucking,creepy,worst,disgusting,horrible,terrifying
false,disturbing,ridiculous,seriously,terrible,wrong,terribly,hate,bad,dangerous,illegal,crazy,scary,shit,uncomfortable,rounded,awful,missing,unfortunately,fucking,creepy,worst,disgusting,horrible,terrifying
false,disturbing,ridiculous,seriously,terrible,wrong,terribly,hate,bad,dangerous,illegal,crazy,scary,shit,uncomfortable,rounded,awful,missing,unfortunately,fucking,creepy,worst,disgusting,horrible,terrifying
false,disturbing,ridiculous,seriously,terrible,wrong,terribly,hate,bad,dangerous,illegal,crazy,scary,shit,uncomfortable,rounded,awful,missing,unfortunately,fucking,creepy,worst,disgusting,horrible,terrifying
false,disturbing,ridiculous,seriously,terrible,wrong,terribly,hate,bad,dangerous,illegal,crazy,scary,shit,uncomfortable,rounded,awful,missing,unfortunately,fucking,creepy,worst,disgusting,horrible,terrifying
false,disturbing,ridiculous,seriously,terrible,wrong,terribly,hate,bad,dangerous,illegal,crazy,scary,shit,uncomfortable,rounded,awful,missing,unfortunately,fucking,creepy,worst,disgusting,horrible,terrifying
false,disturbing,ridiculous,seriously,terrible,wrong,terribly,hate,bad,dangerous,illegal,crazy,scary,shit,uncomfortable,rounded,awful,missing,unfortunately,fucking,creepy,worst,disgusting,horrible,terrifying
false,disturbing,ridiculous,seriously,terrible,wrong,terribly,hate,bad,dangerous,illegal,crazy,scary,shit,uncomfortable,rounded,awful,missing,unfortunately,fucking,creepy,worst,disgusting,horrible,terrifying
false,disturbing,ridiculous,seriously,terrible,wrong,terribly,hate,bad,dangerous,illegal,crazy,scary,shit,uncomfortable,rounded,awful,missing,unfortunately,fucking,creepy,worst,disgusting,horrible,terrifying
false,disturbing,ridiculous,seriously,terrible,wrong,terribly,hate,bad,dangerous,illegal,crazy,scary,shit,uncomfortable,rounded,awful,missing,unfortunately,fucking,creepy,worst,disgusting,horrible,terrifying
false,disturbing,ridiculous,seriously,terrible,wrong,terribly,hate,bad,dangerous,illegal,crazy,scary,shit,uncomfortable,rounded,awful,missing,unfortunately,fucking,creepy,worst,disgusting,horrible,terrifying
false,disturbing,ridiculous,seriously,terrible,wrong,terribly,hate,bad,dangerous,illegal,crazy,scary,shit,uncomfortable,rounded,awful,missing,unfortunately,fucking,creepy,worst,disgusting,horrible,terrifying
false,disturbing,ridiculous,seriously,terrible,wrong,terribly,hate,bad,dangerous,illegal,crazy,scary,shit,uncomfortable,rounded,awful,missing,unfortunately,fucking,creepy,worst,disgusting,horrible,terrifying
false,disturbing,ridiculous,seriously,terrible,wrong,terribly,hate,bad,dangerous,illegal,crazy,scary,shit,uncomfortable,rounded,awful,missing,unfortunately,fucking,creepy,worst,disgusting,horrible,terrifying
false,disturbing,ridiculous,seriously,terrible,wrong,terribly,hate,bad,dangerous,illegal,crazy,scary,shit,uncomfortable,rounded,awful,missing,unfortunately,fucking,creepy,worst,disgusting,horrible,terrifying
false,disturbing,ridiculous,seriously,terrible,wrong,terribly,hate,bad,dangerous,illegal,crazy,scary,shit,uncomfortable,rounded,awful,missing,unfortunately,fucking,creepy,worst,disgusting,horrible,terrifying
false,disturbing,ridiculous,seriously,terrible,wrong,terribly,hate,bad,dangerous,illegal,crazy,scary,shit,uncomfortable,rounded,awful,missing,unfortunately,fucking,creepy,worst,disgusting,horrible,terrifying
false,disturbing,ridiculous,seriously,terrible,wrong,terribly,hate,bad,dangerous,illegal,crazy,scary,shit,uncomfortable,rounded,awful,missing,unfortunately,fucking,creepy,worst,disgusting,horrible,terrifying
false,disturbing,ridiculous,seriously,terrible,wrong,terribly,hate,bad,dangerous,illegal,crazy,scary,shit,uncomfortable,rounded,awful,missing,unfortunately,fucking,creepy,worst,disgusting,horrible,terrifying
false,disturbing,ridiculous,seriously,terrible,wrong,terribly,hate,bad,dangerous,illegal,crazy,scary,shit,uncomfortable,rounded,awful,missing,unfortunately,fucking,creepy,worst,disgusting,horrible,terrifying
false,disturbing,ridiculous,seriously,terrible,wrong,terribly,hate,bad,dangerous,illegal,crazy,scary,shit,uncomfortable,rounded,awful,missing,unfortunately,fucking,creepy,worst,disgusting,horrible,terrifying
false,disturbing,ridiculous,seriously,terrible,wrong,terribly,hate,bad,dangerous,illegal,crazy,scary,shit,uncomfortable,rounded,awful,missing,unfortunately,fucking,creepy,worst,disgusting,horrible,terrifying
false,disturbing,ridiculous,seriously,terrible,wrong,terribly,hate,bad,dangerous,illegal,crazy,scary,shit,uncomfortable,rounded,awful,missing,unfortunately,fucking,creepy,worst,disgusting,horrible,terrifying
false,disturbing,ridiculous,seriously,terrible,wrong,terribly,hate,bad,dangerous,illegal,crazy,scary,shit,uncomfortable,rounded,awful,missing,unfortunately,fucking,creepy,worst,disgusting,horrible,terrifying
false,disturbing,ridiculous,seriously,terrible,wrong,terribly,hate,bad,dangerous,illegal,crazy,scary,shit,uncomfortable,rounded,awful,missing,unfortunately,fucking,creepy,worst,disgusting,horrible,terrifying
false,disturbing,ridiculous,seriously,terrible,wrong,terribly,hate,bad,dangerous,illegal,crazy,scary,shit,uncomfortable,rounded,awful,missing,unfortunately,fucking,creepy,worst,disgusting,horrible,terrifying
false,disturbing,ridiculous,seriously,terrible,wrong,terribly,hate,bad,dangerous,illegal,crazy,scary,shit,uncomfortable,rounded,awful,missing,unfortunately,fucking,creepy,worst,disgusting,horrible,terrifying
false,disturbing,ridiculous,seriously,terrible,wrong,terribly,hate,bad,dangerous,illegal,crazy,scary,shit,uncomfortable,rounded,awful,missing,unfortunately,fucking,creepy,worst,disgusting,horrible,terrifying
false,disturbing,ridiculous,seriously,terrible,wrong,terribly,hate,bad,dangerous,illegal,crazy,scary,shit,uncomfortable,rounded,awful,missing,unfortunately,fucking,creepy,worst,disgusting,horrible,terrifying
false,disturbing,ridiculous,seriously,terrible,wrong,terribly,hate,bad,dangerous,illegal,crazy,scary,shit,uncomfortable,rounded,awful,missing,unfortunately,fucking,creepy,worst,disgusting,horrible,terrifying
false,disturbing,ridiculous,seriously,terrible,wrong,terribly,hate,bad,dangerous,illegal,crazy,scary,shit,uncomfortable,rounded,awful,missing,unfortunately,fucking,creepy,worst,disgusting,horrible,terrifying
false,disturbing,ridiculous,seriously,terrible,wrong,terribly,hate,bad,dangerous,illegal,crazy,scary,shit,uncomfortable,rounded,awful,missing,unfortunately,fucking,creepy,worst,disgusting,horrible,terrifying
false,disturbing,ridiculous,seriously,terrible,wrong,terribly,hate,bad,dangerous,illegal,crazy,scary,shit,uncomfortable,rounded,awful,missing,unfortunately,fucking,creepy,worst,disgusting,horrible,terrifying
false,disturbing,ridiculous,seriously,terrible,wrong,terribly,hate,bad,dangerous,illegal,crazy,scary,shit,uncomfortable,rounded,awful,missing,unfortunately,fucking,creepy,worst,disgusting,horrible,terrifying
false,disturbing,ridiculous,seriously,terrible,wrong,terribly,hate,bad,dangerous,illegal,crazy,scary,shit,uncomfortable,rounded,awful,missing,unfortunately,fucking,creepy,worst,disgusting,horrible,terrifying
false,disturbing,ridiculous,seriously,terrible,wrong,terribly,hate,bad,dangerous,illegal,crazy,scary,shit,uncomfortable,rounded,awful,missing,unfortunately,fucking,creepy,worst,disgusting,horrible,terrifying
false,disturbing,ridiculous,seriously,terrible,wrong,terribly,hate,bad,dangerous,illegal,crazy,scary,shit,uncomfortable,rounded,awful,missing,unfortunately,fucking,creepy,worst,disgusting,horrible,terrifying
false,disturbing,ridiculous,seriously,terrible,wrong,terribly,hate,bad,dangerous,illegal,crazy,scary,shit,uncomfortable,rounded,awful,missing,unfortunately,fucking,creepy,worst,disgusting,horrible,terrifying
false,disturbing,ridiculous,seriously,terrible,wrong,terribly,hate,bad,dangerous,illegal,crazy,scary,shit,uncomfortable,rounded,awful,missing,unfortunately,fucking,creepy,worst,disgusting,horrible,terrifying
false,disturbing,ridiculous,seriously,terrible,wrong,terribly,hate,bad,dangerous,illegal,crazy,scary,shit,uncomfortable,rounded,awful,missing,unfortunately,fucking,creepy,worst,disgusting,horrible,terrifying
false,disturbing,ridiculous,seriously,terrible,wrong,terribly,hate,bad,dangerous,illegal,crazy,scary,shit,uncomfortable,rounded,awful,missing,unfortunately,fucking,creepy,worst,disgusting,horrible,terrifying
false,disturbing,ridiculous,seriously,terrible,wrong,terribly,hate,bad,dangerous,illegal,crazy,scary,shit,uncomfortable,rounded,awful,missing,unfortunately,fucking,creepy,worst,disgusting,horrible,terrifying
false,disturbing,ridiculous,seriously,terrible,wrong,terribly,hate,bad,dangerous,illegal,crazy,scary,shit,uncomfortable,rounded,awful,missing,unfortunately,fucking,creepy,worst,disgusting,horrible,terrifying
false,disturbing,ridiculous,seriously,terrible,wrong,terribly,hate,bad,dangerous,illegal,crazy,scary,shit,uncomfortable,rounded,awful,missing,unfortunately,fucking,creepy,worst,disgusting,horrible,terrifying
false,disturbing,ridiculous,seriously,terrible,wrong,terribly,hate,bad,dangerous,illegal,crazy,scary,shit,uncomfortable,rounded,awful,missing,unfortunately,fucking,creepy,worst,disgusting,horrible,terrifying
false,disturbing,ridiculous,seriously,terrible,wrong,terribly,hate,bad,dangerous,illegal,crazy,scary,shit,uncomfortable,rounded,awful,missing,unfortunately,fucking,creepy,worst,disgusting,horrible,terrifying
false,disturbing,ridiculous,seriously,terrible,wrong,terribly,hate,bad,dangerous,illegal,crazy,scary,shit,uncomfortable,rounded,awful,missing,unfortunately,fucking,creepy,worst,disgusting,horrible,terrifying
false,disturbing,ridiculous,seriously,terrible,wrong,terribly,hate,bad,dangerous,illegal,crazy,scary,shit,uncomfortable,rounded,awful,missing,unfortunately,fucking,creepy,worst,disgusting,horrible,terrifying
false,disturbing,ridiculous,seriously,terrible,wrong,terribly,hate,bad,dangerous,illegal,crazy,scary,shit,uncomfortable,rounded,awful,missing,unfortunately,fucking,creepy,worst,disgusting,horrible,terrifying
false,disturbing,ridiculous,seriously,terrible,wrong,terribly,hate,bad,dangerous,illegal,crazy,scary,shit,uncomfortable,rounded,awful,missing,unfortunately,fucking,creepy,worst,disgusting,horrible,terrifying
false,disturbing,ridiculous,seriously,terrible,wrong,terribly,hate,bad,dangerous,illegal,crazy,scary,shit,uncomfortable,rounded,awful,missing,unfortunately,fucking,creepy,worst,disgusting,horrible,terrifying
false,disturbing,ridiculous,seriously,terrible,wrong,terribly,hate,bad,dangerous,illegal,crazy,scary,shit,uncomfortable,rounded,awful,missing,unfortunately,fucking,creepy,worst,disgusting,horrible,terrifying
false,disturbing,ridiculous,seriously,terrible,wrong,terribly,hate,bad,dangerous,illegal,crazy,scary,shit,uncomfortable,rounded,awful,missing,unfortunately,fucking,creepy,worst,disgusting,horrible,terrifying
false,disturbing,ridiculous,seriously,terrible,wrong,terribly,hate,bad,dangerous,illegal,crazy,scary,shit,uncomfortable,rounded,awful,missing,unfortunately,fucking,creepy,worst,disgusting,horrible,terrifying
false,disturbing,ridiculous,seriously,terrible,wrong,terribly,hate,bad,dangerous,illegal,crazy,scary,shit,uncomfortable,rounded,awful,missing,unfortunately,fucking,creepy,worst,disgusting,horrible,terrifying
false,disturbing,ridiculous,seriously,terrible,wrong,terribly,hate,bad,dangerous,illegal,crazy,scary,shit,uncomfortable,rounded,awful,missing,unfortunately,fucking,creepy,worst,disgusting,horrible,terrifying
false,disturbing,ridiculous,seriously,terrible,wrong,terribly,hate,bad,dangerous,illegal,crazy,scary,shit,uncomfortable,rounded,awful,missing,unfortunately,fucking,creepy,worst,disgusting,horrible,terrifying
false,disturbing,ridiculous,seriously,terrible,wrong,terribly,hate,bad,dangerous,illegal,crazy,scary,shit,uncomfortable,rounded,awful,missing,unfortunately,fucking,creepy,worst,disgusting,horrible,terrifying
false,disturbing,ridiculous,seriously,terrible,wrong,terribly,hate,bad,dangerous,illegal,crazy,scary,shit,uncomfortable,rounded,awful,missing,unfortunately,fucking,creepy,worst,disgusting,horrible,terrifying
false,disturbing,ridiculous,seriously,terrible,wrong,terribly,hate,bad,dangerous,illegal,crazy,scary,shit,uncomfortable,rounded,awful,missing,unfortunately,fucking,creepy,worst,disgusting,horrible,terrifying
false,disturbing,ridiculous,seriously,terrible,wrong,terribly,hate,bad,dangerous,illegal,crazy,scary,shit,uncomfortable,rounded,awful,missing,unfortunately,fucking,creepy,worst,disgusting,horrible,terrifying
false,disturbing,ridiculous,seriously,terrible,wrong,terribly,hate,bad,dangerous,illegal,crazy,scary,shit,uncomfortable,rounded,awful,missing,unfortunately,fucking,creepy,worst,disgusting,horrible,terrifying
false,disturbing,ridiculous,seriously,terrible,wrong,terribly,hate,bad,dangerous,illegal,crazy,scary,shit,uncomfortable,rounded,awful,missing,unfortunately,fucking,creepy,worst,disgusting,horrible,terrifying
false,disturbing,ridiculous,seriously,terrible,wrong,terribly,hate,bad,dangerous,illegal,crazy,scary,shit,uncomfortable,rounded,awful,missing,unfortunately,fucking,creepy,worst,disgusting,horrible,terrifying
false,disturbing,ridiculous,seriously,terrible,wrong,terribly,hate,bad,dangerous,illegal,crazy,scary,shit,uncomfortable,rounded,awful,missing,unfortunately,fucking,creepy,worst,disgusting,horrible,terrifying
false,disturbing,ridiculous,seriously,terrible,wrong,terribly,hate,bad,dangerous,illegal,crazy,scary,shit,uncomfortable,rounded,awful,missing,unfortunately,fucking,creepy,worst,disgusting,horrible,terrifying
false,disturbing,ridiculous,seriously,terrible,wrong,terribly,hate,bad,dangerous,illegal,crazy,scary,shit,uncomfortable,rounded,awful,missing,unfortunately,fucking,creepy,worst,disgusting,horrible,terrifying
false,disturbing,ridiculous,seriously,terrible,wrong,terribly,hate,bad,dangerous,illegal,crazy,scary,shit,uncomfortable,rounded,awful,missing,unfortunately,fucking,creepy,worst,disgusting,horrible,terrifying
false,disturbing,ridiculous,seriously,terrible,wrong,terribly,hate,bad,dangerous,illegal,crazy,scary,shit,uncomfortable,rounded,awful,missing,unfortunately,fucking,creepy,worst,disgusting,horrible,terrifying
false,disturbing,ridiculous,seriously,terrible,wrong,terribly,hate,bad,dangerous,illegal,crazy,scary,shit,uncomfortable,rounded,awful,missing,unfortunately,fucking,creepy,worst,disgusting,horrible,terrifying
false,disturbing,ridiculous,seriously,terrible,wrong,terribly,hate,bad,dangerous,illegal,crazy,scary,shit,uncomfortable,rounded,awful,missing,unfortunately,fucking,creepy,worst,disgusting,horrible,terrifying
false,disturbing,ridiculous,seriously,terrible,wrong,terribly,hate,bad,dangerous,illegal,crazy,scary,shit,uncomfortable,rounded,awful,missing,unfortunately,fucking,creepy,worst,disgusting,horrible,terrifying
false,disturbing,ridiculous,seriously,terrible,wrong,terribly,hate,bad,dangerous,illegal,crazy,scary,shit,uncomfortable,rounded,awful,missing,unfortunately,fucking,creepy,worst,disgusting,horrible,terrifying
false,disturbing,ridiculous,seriously,terrible,wrong,terribly,hate,bad,dangerous,illegal,crazy,scary,shit,uncomfortable,rounded,awful,missing,unfortunately,fucking,creepy,worst,disgusting,horrible,terrifying
false,disturbing,ridiculous,seriously,terrible,wrong,terribly,hate,bad,dangerous,illegal,crazy,scary,shit,uncomfortable,rounded,awful,missing,unfortunately,fucking,creepy,worst,disgusting,horrible,terrifying
false,disturbing,ridiculous,seriously,terrible,wrong,terribly,hate,bad,dangerous,illegal,crazy,scary,shit,uncomfortable,rounded,awful,missing,unfortunately,fucking,creepy,worst,disgusting,horrible,terrifying
false,disturbing,ridiculous,seriously,terrible,wrong,terribly,hate,bad,dangerous,illegal,crazy,scary,shit,uncomfortable,rounded,awful,missing,unfortunately,fucking,creepy,worst,disgusting,horrible,terrifying
false,disturbing,ridiculous,seriously,terrible,wrong,terribly,hate,bad,dangerous,illegal,crazy,scary,shit,uncomfortable,rounded,awful,missing,unfortunately,fucking,creepy,worst,disgusting,horrible,terrifying
false,disturbing,ridiculous,seriously,terrible,wrong,terribly,hate,bad,dangerous,illegal,crazy,scary,shit,uncomfortable,rounded,awful,missing,unfortunately,fucking,creepy,worst,disgusting,horrible,terrifying
false,disturbing,ridiculous,seriously,terrible,wrong,terribly,hate,bad,dangerous,illegal,crazy,scary,shit,uncomfortable,rounded,awful,missing,unfortunately,fucking,creepy,worst,disgusting,horrible,terrifying
false,disturbing,ridiculous,seriously,terrible,wrong,terribly,hate,bad,dangerous,illegal,crazy,scary,shit,uncomfortable,rounded,awful,missing,unfortunately,fucking,creepy,worst,disgusting,horrible,terrifying
false,disturbing,ridiculous,seriously,terrible,wrong,terribly,hate,bad,dangerous,illegal,crazy,scary,shit,uncomfortable,rounded,awful,missing,unfortunately,fucking,creepy,worst,disgusting,horrible,terrifying
false,disturbing,ridiculous,seriously,terrible,wrong,terribly,hate,bad,dangerous,illegal,crazy,scary,shit,uncomfortable,rounded,awful,missing,unfortunately,fucking,creepy,worst,disgusting,horrible,terrifying
false,disturbing,ridiculous,seriously,terrible,wrong,terribly,hate,bad,dangerous,illegal,crazy,scary,shit,uncomfortable,rounded,awful,missing,unfortunately,fucking,creepy,worst,disgusting,horrible,terrifying
false,disturbing,ridiculous,seriously,terrible,wrong,terribly,hate,bad,dangerous,illegal,crazy,scary,shit,uncomfortable,rounded,awful,missing,unfortunately,fucking,creepy,worst,disgusting,horrible,terrifying
false,disturbing,ridiculous,seriously,terrible,wrong,terribly,hate,bad,dangerous,illegal,crazy,scary,shit,uncomfortable,rounded,awful,missing,unfortunately,fucking,creepy,worst,disgusting,horrible,terrifying
false,disturbing,ridiculous,seriously,terrible,wrong,terribly,hate,bad,dangerous,illegal,crazy,scary,shit,uncomfortable,rounded,awful,missing,unfortunately,fucking,creepy,worst,disgusting,horrible,terrifying
false,disturbing,ridiculous,seriously,terrible,wrong,terribly,hate,bad,dangerous,illegal,crazy,scary,shit,uncomfortable,rounded,awful,missing,unfortunately,fucking,creepy,worst,disgusting,horrible,terrifying
false,disturbing,ridiculous,seriously,terrible,wrong,terribly,hate,bad,dangerous,illegal,crazy,scary,shit,uncomfortable,rounded,awful,missing,unfortunately,fucking,creepy,worst,disgusting,horrible,terrifying
false,disturbing,ridiculous,seriously,terrible,wrong,terribly,hate,bad,dangerous,illegal,crazy,scary,shit,uncomfortable,rounded,awful,missing,unfortunately,fucking,creepy,worst,disgusting,horrible,terrifying
false,disturbing,ridiculous,seriously,terrible,wrong,terribly,hate,bad,dangerous,illegal,crazy,scary,shit,uncomfortable,rounded,awful,missing,unfortunately,fucking,creepy,worst,disgusting,horrible,terrifying
false,disturbing,ridiculous,seriously,terrible,wrong,terribly,hate,bad,dangerous,illegal,crazy,scary,shit,uncomfortable,rounded,awful,missing,unfortunately,fucking,creepy,worst,disgusting,horrible,terrifying
false,disturbing,ridiculous,seriously,terrible,wrong,terribly,hate,bad,dangerous,illegal,crazy,scary,shit,uncomfortable,rounded,awful,missing,unfortunately,fucking,creepy,worst,disgusting,horrible,terrifying
false,disturbing,ridiculous,seriously,terrible,wrong,terribly,hate,bad,dangerous,illegal,crazy,scary,shit,uncomfortable,rounded,awful,missing,unfortunately,fucking,creepy,worst,disgusting,horrible,terrifying
false,disturbing,ridiculous,seriously,terrible,wrong,terribly,hate,bad,dangerous,illegal,crazy,scary,shit,uncomfortable,rounded,awful,missing,unfortunately,fucking,creepy,worst,disgusting,horrible,terrifying
false,disturbing,ridiculous,seriously,terrible,wrong,terribly,hate,bad,dangerous,illegal,crazy,scary,shit,uncomfortable,rounded,awful,missing,unfortunately,fucking,creepy,worst,disgusting,horrible,terrifying
false,disturbing,ridiculous,seriously,terrible,wrong,terribly,hate,bad,dangerous,illegal,crazy,scary,shit,uncomfortable,rounded,awful,missing,unfortunately,fucking,creepy,worst,disgusting,horrible,terrifying
false,disturbing,ridiculous,seriously,terrible,wrong,terribly,hate,bad,dangerous,illegal,crazy,scary,shit,uncomfortable,rounded,awful,missing,unfortunately,fucking,creepy,worst,disgusting,horrible,terrifying
false,disturbing,ridiculous,seriously,terrible,wrong,terribly,hate,bad,dangerous,illegal,crazy,scary,shit,uncomfortable,rounded,awful,missing,unfortunately,fucking,creepy,worst,disgusting,horrible,terrifying
false,disturbing,ridiculous,seriously,terrible,wrong,terribly,hate,bad,dangerous,illegal,crazy,scary,shit,uncomfortable,rounded,awful,missing,unfortunately,fucking,creepy,worst,disgusting,horrible,terrifying
false,disturbing,ridiculous,seriously,terrible,wrong,terribly,hate,bad,dangerous,illegal,crazy,scary,shit,uncomfortable,rounded,awful,missing,unfortunately,fucking,creepy,worst,disgusting,horrible,terrifying
false,disturbing,ridiculous,seriously,terrible,wrong,terribly,hate,bad,dangerous,illegal,crazy,scary,shit,uncomfortable,rounded,awful,missing,unfortunately,fucking,creepy,worst,disgusting,horrible,terrifying
false,disturbing,ridiculous,seriously,terrible,wrong,terribly,hate,bad,dangerous,illegal,crazy,scary,shit,uncomfortable,rounded,awful,missing,unfortunately,fucking,creepy,worst,disgusting,horrible,terrifying
false,disturbing,ridiculous,seriously,terrible,wrong,terribly,hate,bad,dangerous,illegal,crazy,scary,shit,uncomfortable,rounded,awful,missing,unfortunately,fucking,creepy,worst,disgusting,horrible,terrifying
false,disturbing,ridiculous,seriously,terrible,wrong,terribly,hate,bad,dangerous,illegal,crazy,scary,shit,uncomfortable,rounded,awful,missing,unfortunately,fucking,creepy,worst,disgusting,horrible,terrifying
false,disturbing,ridiculous,seriously,terrible,wrong,terribly,hate,bad,dangerous,illegal,crazy,scary,shit,uncomfortable,rounded,awful,missing,unfortunately,fucking,creepy,worst,disgusting,horrible,terrifying
false,disturbing,ridiculous,seriously,terrible,wrong,terribly,hate,bad,dangerous,illegal,crazy,scary,shit,uncomfortable,rounded,awful,missing,unfortunately,fucking,creepy,worst,disgusting,horrible,terrifying
false,disturbing,ridiculous,seriously,terrible,wrong,terribly,hate,bad,dangerous,illegal,crazy,scary,shit,uncomfortable,rounded,awful,missing,unfortunately,fucking,creepy,worst,disgusting,horrible,terrifying
false,disturbing,ridiculous,seriously,terrible,wrong,terribly,hate,bad,dangerous,illegal,crazy,scary,shit,uncomfortable,rounded,awful,missing,unfortunately,fucking,creepy,worst,disgusting,horrible,terrifying
false,disturbing,ridiculous,seriously,terrible,wrong,terribly,hate,bad,dangerous,illegal,crazy,scary,shit,uncomfortable,rounded,awful,missing,unfortunately,fucking,creepy,worst,disgusting,horrible,terrifying
false,disturbing,ridiculous,seriously,terrible,wrong,terribly,hate,bad,dangerous,illegal,crazy,scary,shit,uncomfortable,rounded,awful,missing,unfortunately,fucking,creepy,worst,disgusting,horrible,terrifying
false,disturbing,ridiculous,seriously,terrible,wrong,terribly,hate,bad,dangerous,illegal,crazy,scary,shit,uncomfortable,rounded,awful,missing,unfortunately,fucking,creepy,worst,disgusting,horrible,terrifying
false,disturbing,ridiculous,seriously,terrible,wrong,terribly,hate,bad,dangerous,illegal,crazy,scary,shit,uncomfortable,rounded,awful,missing,unfortunately,fucking,creepy,worst,disgusting,horrible,terrifying
false,disturbing,ridiculous,seriously,terrible,wrong,terribly,hate,bad,dangerous,illegal,crazy,scary,shit,uncomfortable,rounded,awful,missing,unfortunately,fucking,creepy,worst,disgusting,horrible,terrifying
false,disturbing,ridiculous,seriously,terrible,wrong,terribly,hate,bad,dangerous,illegal,crazy,scary,shit,uncomfortable,rounded,awful,missing,unfortunately,fucking,creepy,worst,disgusting,horrible,terrifying
false,disturbing,ridiculous,seriously,terrible,wrong,terribly,hate,bad,dangerous,illegal,crazy,scary,shit,uncomfortable,rounded,awful,missing,unfortunately,fucking,creepy,worst,disgusting,horrible,terrifying
false,disturbing,ridiculous,seriously,terrible,wrong,terribly,hate,bad,dangerous,illegal,crazy,scary,shit,uncomfortable,rounded,awful,missing,unfortunately,fucking,creepy,worst,disgusting,horrible,terrifying
false,disturbing,ridiculous,seriously,terrible,wrong,terribly,hate,bad,dangerous,illegal,crazy,scary,shit,uncomfortable,rounded,awful,missing,unfortunately,fucking,creepy,worst,disgusting,horrible,terrifying
false,disturbing,ridiculous,seriously,terrible,wrong,terribly,hate,bad,dangerous,illegal,crazy,scary,shit,uncomfortable,rounded,awful,missing,unfortunately,fucking,creepy,worst,disgusting,horrible,terrifying
false,disturbing,ridiculous,seriously,terrible,wrong,terribly,hate,bad,dangerous,illegal,crazy,scary,shit,uncomfortable,rounded,awful,missing,unfortunately,fucking,creepy,worst,disgusting,horrible,terrifying
false,disturbing,ridiculous,seriously,terrible,wrong,terribly,hate,bad,dangerous,illegal,crazy,scary,shit,uncomfortable,rounded,awful,missing,unfortunately,fucking,creepy,worst,disgusting,horrible,terrifying
false,disturbing,ridiculous,seriously,terrible,wrong,terribly,hate,bad,dangerous,illegal,crazy,scary,shit,uncomfortable,rounded,awful,missing,unfortunately,fucking,creepy,worst,disgusting,horrible,terrifying
false,disturbing,ridiculous,seriously,terrible,wrong,terribly,hate,bad,dangerous,illegal,crazy,scary,shit,uncomfortable,rounded,awful,missing,unfortunately,fucking,creepy,worst,disgusting,horrible,terrifying
false,disturbing,ridiculous,seriously,terrible,wrong,terribly,hate,bad,dangerous,illegal,crazy,scary,shit,uncomfortable,rounded,awful,missing,unfortunately,fucking,creepy,worst,disgusting,horrible,terrifying
false,disturbing,ridiculous,seriously,terrible,wrong,terribly,hate,bad,dangerous,illegal,crazy,scary,shit,uncomfortable,rounded,awful,missing,unfortunately,fucking,creepy,worst,disgusting,horrible,terrifying
false,disturbing,ridiculous,seriously,terrible,wrong,terribly,hate,bad,dangerous,illegal,crazy,scary,shit,uncomfortable,rounded,awful,missing,unfortunately,fucking,creepy,worst,disgusting,horrible,terrifying
false,disturbing,ridiculous,seriously,terrible,wrong,terribly,hate,bad,dangerous,illegal,crazy,scary,shit,uncomfortable,rounded,awful,missing,unfortunately,fucking,creepy,worst,disgusting,horrible,terrifying
false,disturbing,ridiculous,seriously,terrible,wrong,terribly,hate,bad,dangerous,illegal,crazy,scary,shit,uncomfortable,rounded,awful,missing,unfortunately,fucking,creepy,worst,disgusting,horrible,terrifying
false,disturbing,ridiculous,seriously,terrible,wrong,terribly,hate,bad,dangerous,illegal,crazy,scary,shit,uncomfortable,rounded,awful,missing,unfortunately,fucking,creepy,worst,disgusting,horrible,terrifying
false,disturbing,ridiculous,seriously,terrible,wrong,terribly,hate,bad,dangerous,illegal,crazy,scary,shit,uncomfortable,rounded,awful,missing,unfortunately,fucking,creepy,worst,disgusting,horrible,terrifying
false,disturbing,ridiculous,seriously,terrible,wrong,terribly,hate,bad,dangerous,illegal,crazy,scary,shit,uncomfortable,rounded,awful,missing,unfortunately,fucking,creepy,worst,disgusting,horrible,terrifying
false,disturbing,ridiculous,seriously,terrible,wrong,terribly,hate,bad,dangerous,illegal,crazy,scary,shit,uncomfortable,rounded,awful,missing,unfortunately,fucking,creepy,worst,disgusting,horrible,terrifying
false,disturbing,ridiculous,seriously,terrible,wrong,terribly,hate,bad,dangerous,illegal,crazy,scary,shit,uncomfortable,rounded,awful,missing,unfortunately,fucking,creepy,worst,disgusting,horrible,terrifying
false,disturbing,ridiculous,seriously,terrible,wrong,terribly,hate,bad,dangerous,illegal,crazy,scary,shit,uncomfortable,rounded,awful,missing,unfortunately,fucking,creepy,worst,disgusting,horrible,terrifying
false,disturbing,ridiculous,seriously,terrible,wrong,terribly,hate,bad,dangerous,illegal,crazy,scary,shit,uncomfortable,rounded,awful,missing,unfortunately,fucking,creepy,worst,disgusting,horrible,terrifying
false,disturbing,ridiculous,seriously,terrible,wrong,terribly,hate,bad,dangerous,illegal,crazy,scary,shit,uncomfortable,rounded,awful,missing,unfortunately,fucking,creepy,worst,disgusting,horrible,terrifying
false,disturbing,ridiculous,seriously,terrible,wrong,terribly,hate,bad,dangerous,illegal,crazy,scary,shit,uncomfortable,rounded,awful,missing,unfortunately,fucking,creepy,worst,disgusting,horrible,terrifying
false,disturbing,ridiculous,seriously,terrible,wrong,terribly,hate,bad,dangerous,illegal,crazy,scary,shit,uncomfortable,rounded,awful,missing,unfortunately,fucking,creepy,worst,disgusting,horrible,terrifying
false,disturbing,ridiculous,seriously,terrible,wrong,terribly,hate,bad,dangerous,illegal,crazy,scary,shit,uncomfortable,rounded,awful,missing,unfortunately,fucking,creepy,worst,disgusting,horrible,terrifying
false,disturbing,ridiculous,seriously,terrible,wrong,terribly,hate,bad,dangerous,illegal,crazy,scary,shit,uncomfortable,rounded,awful,missing,unfortunately,fucking,creepy,worst,disgusting,horrible,terrifying
false,disturbing,ridiculous,seriously,terrible,wrong,terribly,hate,bad,dangerous,illegal,crazy,scary,shit,uncomfortable,rounded,awful,missing,unfortunately,fucking,creepy,worst,disgusting,horrible,terrifying
false,disturbing,ridiculous,seriously,terrible,wrong,terribly,hate,bad,dangerous,illegal,crazy,scary,shit,uncomfortable,rounded,awful,missing,unfortunately,fucking,creepy,worst,disgusting,horrible,terrifying
false,disturbing,ridiculous,seriously,terrible,wrong,terribly,hate,bad,dangerous,illegal,crazy,scary,shit,uncomfortable,rounded,awful,missing,unfortunately,fucking,creepy,worst,disgusting,horrible,terrifying
false,disturbing,ridiculous,seriously,terrible,wrong,terribly,hate,bad,dangerous,illegal,crazy,scary,shit,uncomfortable,rounded,awful,missing,unfortunately,fucking,creepy,worst,disgusting,horrible,terrifying
false,disturbing,ridiculous,seriously,terrible,wrong,terribly,hate,bad,dangerous,illegal,crazy,scary,shit,uncomfortable,rounded,awful,missing,unfortunately,fucking,creepy,worst,disgusting,horrible,terrifying
false,disturbing,ridiculous,seriously,terrible,wrong,terribly,hate,bad,dangerous,illegal,crazy,scary,shit,uncomfortable,rounded,awful,missing,unfortunately,fucking,creepy,worst,disgusting,horrible,terrifying
false,disturbing,ridiculous,seriously,terrible,wrong,terribly,hate,bad,dangerous,illegal,crazy,scary,shit,uncomfortable,rounded,awful,missing,unfortunately,fucking,creepy,worst,disgusting,horrible,terrifying
false,disturbing,ridiculous,seriously,terrible,wrong,terribly,hate,bad,dangerous,illegal,crazy,scary,shit,uncomfortable,rounded,awful,missing,unfortunately,fucking,creepy,worst,disgusting,horrible,terrifying
false,disturbing,ridiculous,seriously,terrible,wrong,terribly,hate,bad,dangerous,illegal,crazy,scary,shit,uncomfortable,rounded,awful,missing,unfortunately,fucking,creepy,worst,disgusting,horrible,terrifying
false,disturbing,ridiculous,seriously,terrible,wrong,terribly,hate,bad,dangerous,illegal,crazy,scary,shit,uncomfortable,rounded,awful,missing,unfortunately,fucking,creepy,worst,disgusting,horrible,terrifying
false,disturbing,ridiculous,seriously,terrible,wrong,terribly,hate,bad,dangerous,illegal,crazy,scary,shit,uncomfortable,rounded,awful,missing,unfortunately,fucking,creepy,worst,disgusting,horrible,terrifying
false,disturbing,ridiculous,seriously,terrible,wrong,terribly,hate,bad,dangerous,illegal,crazy,scary,shit,uncomfortable,rounded,awful,missing,unfortunately,fucking,creepy,worst,disgusting,horrible,terrifying
false,disturbing,ridiculous,seriously,terrible,wrong,terribly,hate,bad,dangerous,illegal,crazy,scary,shit,uncomfortable,rounded,awful,missing,unfortunately,fucking,creepy,worst,disgusting,horrible,terrifying
false,disturbing,ridiculous,seriously,terrible,wrong,terribly,hate,bad,dangerous,illegal,crazy,scary,shit,uncomfortable,rounded,awful,missing,unfortunately,fucking,creepy,worst,disgusting,horrible,terrifying
false,disturbing,ridiculous,seriously,terrible,wrong,terribly,hate,bad,dangerous,illegal,crazy,scary,shit,uncomfortable,rounded,awful,missing,unfortunately,fucking,creepy,worst,disgusting,horrible,terrifying
false,disturbing,ridiculous,seriously,terrible,wrong,terribly,hate,bad,dangerous,illegal,crazy,scary,shit,uncomfortable,rounded,awful,missing,unfortunately,fucking,creepy,worst,disgusting,horrible,terrifying
false,disturbing,ridiculous,seriously,terrible,wrong,terribly,hate,bad,dangerous,illegal,crazy,scary,shit,uncomfortable,rounded,awful,missing,unfortunately,fucking,creepy,worst,disgusting,horrible,terrifying
false,disturbing,ridiculous,seriously,terrible,wrong,terribly,hate,bad,dangerous,illegal,crazy,scary,shit,uncomfortable,rounded,awful,missing,unfortunately,fucking,creepy,worst,disgusting,horrible,terrifying
false,disturbing,ridiculous,seriously,terrible,wrong,terribly,hate,bad,dangerous,illegal,crazy,scary,shit,uncomfortable,rounded,awful,missing,unfortunately,fucking,creepy,worst,disgusting,horrible,terrifying
false,disturbing,ridiculous,seriously,terrible,wrong,terribly,hate,bad,dangerous,illegal,crazy,scary,shit,uncomfortable,rounded,awful,missing,unfortunately,fucking,creepy,worst,disgusting,horrible,terrifying
false,disturbing,ridiculous,seriously,terrible,wrong,terribly,hate,bad,dangerous,illegal,crazy,scary,shit,uncomfortable,rounded,awful,missing,unfortunately,fucking,creepy,worst,disgusting,horrible,terrifying
false,disturbing,ridiculous,seriously,terrible,wrong,terribly,hate,bad,dangerous,illegal,crazy,scary,shit,uncomfortable,rounded,awful,missing,unfortunately,fucking,creepy,worst,disgusting,horrible,terrifying
false,disturbing,ridiculous,seriously,terrible,wrong,terribly,hate,bad,dangerous,illegal,crazy,scary,shit,uncomfortable,rounded,awful,missing,unfortunately,fucking,creepy,worst,disgusting,horrible,terrifying
false,disturbing,ridiculous,seriously,terrible,wrong,terribly,hate,bad,dangerous,illegal,crazy,scary,shit,uncomfortable,rounded,awful,missing,unfortunately,fucking,creepy,worst,disgusting,horrible,terrifying
false,disturbing,ridiculous,seriously,terrible,wrong,terribly,hate,bad,dangerous,illegal,crazy,scary,shit,uncomfortable,rounded,awful,missing,unfortunately,fucking,creepy,worst,disgusting,horrible,terrifying
false,disturbing,ridiculous,seriously,terrible,wrong,terribly,hate,bad,dangerous,illegal,crazy,scary,shit,uncomfortable,rounded,awful,missing,unfortunately,fucking,creepy,worst,disgusting,horrible,terrifying
false,disturbing,ridiculous,seriously,terrible,wrong,terribly,hate,bad,dangerous,illegal,crazy,scary,shit,uncomfortable,rounded,awful,missing,unfortunately,fucking,creepy,worst,disgusting,horrible,terrifying
false,disturbing,ridiculous,seriously,terrible,wrong,terribly,hate,bad,dangerous,illegal,crazy,scary,shit,uncomfortable,rounded,awful,missing,unfortunately,fucking,creepy,worst,disgusting,horrible,terrifying
false,disturbing,ridiculous,seriously,terrible,wrong,terribly,hate,bad,dangerous,illegal,crazy,scary,shit,uncomfortable,rounded,awful,missing,unfortunately,fucking,creepy,worst,disgusting,horrible,terrifying
false,disturbing,ridiculous,seriously,terrible,wrong,terribly,hate,bad,dangerous,illegal,crazy,scary,shit,uncomfortable,rounded,awful,missing,unfortunately,fucking,creepy,worst,disgusting,horrible,terrifying
false,disturbing,ridiculous,seriously,terrible,wrong,terribly,hate,bad,dangerous,illegal,crazy,scary,shit,uncomfortable,rounded,awful,missing,unfortunately,fucking,creepy,worst,disgusting,horrible,terrifying
false,disturbing,ridiculous,seriously,terrible,wrong,terribly,hate,bad,dangerous,illegal,crazy,scary,shit,uncomfortable,rounded,awful,missing,unfortunately,fucking,creepy,worst,disgusting,horrible,terrifying
false,disturbing,ridiculous,seriously,terrible,wrong,terribly,hate,bad,dangerous,illegal,crazy,scary,shit,uncomfortable,rounded,awful,missing,unfortunately,fucking,creepy,worst,disgusting,horrible,terrifying
false,disturbing,ridiculous,seriously,terrible,wrong,terribly,hate,bad,dangerous,illegal,crazy,scary,shit,uncomfortable,rounded,awful,missing,unfortunately,fucking,creepy,worst,disgusting,horrible,terrifying
false,disturbing,ridiculous,seriously,terrible,wrong,terribly,hate,bad,dangerous,illegal,crazy,scary,shit,uncomfortable,rounded,awful,missing,unfortunately,fucking,creepy,worst,disgusting,horrible,terrifying
false,disturbing,ridiculous,seriously,terrible,wrong,terribly,hate,bad,dangerous,illegal,crazy,scary,shit,uncomfortable,rounded,awful,missing,unfortunately,fucking,creepy,worst,disgusting,horrible,terrifying
false,disturbing,ridiculous,seriously,terrible,wrong,terribly,hate,bad,dangerous,illegal,crazy,scary,shit,uncomfortable,rounded,awful,missing,unfortunately,fucking,creepy,worst,disgusting,horrible,terrifying
false,disturbing,ridiculous,seriously,terrible,wrong,terribly,hate,bad,dangerous,illegal,crazy,scary,shit,uncomfortable,rounded,awful,missing,unfortunately,fucking,creepy,worst,disgusting,horrible,terrifying
false,disturbing,ridiculous,seriously,terrible,wrong,terribly,hate,bad,dangerous,illegal,crazy,scary,shit,uncomfortable,rounded,awful,missing,unfortunately,fucking,creepy,worst,disgusting,horrible,terrifying
false,disturbing,ridiculous,seriously,terrible,wrong,terribly,hate,bad,dangerous,illegal,crazy,scary,shit,uncomfortable,rounded,awful,missing,unfortunately,fucking,creepy,worst,disgusting,horrible,terrifying
false,disturbing,ridiculous,seriously,terrible,wrong,terribly,hate,bad,dangerous,illegal,crazy,scary,shit,uncomfortable,rounded,awful,missing,unfortunately,fucking,creepy,worst,disgusting,horrible,terrifying
false,disturbing,ridiculous,seriously,terrible,wrong,terribly,hate,bad,dangerous,illegal,crazy,scary,shit,uncomfortable,rounded,awful,missing,unfortunately,fucking,creepy,worst,disgusting,horrible,terrifying
false,disturbing,ridiculous,seriously,terrible,wrong,terribly,hate,bad,dangerous,illegal,crazy,scary,shit,uncomfortable,rounded,awful,missing,unfortunately,fucking,creepy,worst,disgusting,horrible,terrifying
false,disturbing,ridiculous,seriously,terrible,wrong,terribly,hate,bad,dangerous,illegal,crazy,scary,shit,uncomfortable,rounded,awful,missing,unfortunately,fucking,creepy,worst,disgusting,horrible,terrifying
false,disturbing,ridiculous,seriously,terrible,wrong,terribly,hate,bad,dangerous,illegal,crazy,scary,shit,uncomfortable,rounded,awful,missing,unfortunately,fucking,creepy,worst,disgusting,horrible,terrifying
false,disturbing,ridiculous,seriously,terrible,wrong,terribly,hate,bad,dangerous,illegal,crazy,scary,shit,uncomfortable,rounded,awful,missing,unfortunately,fucking,creepy,worst,disgusting,horrible,terrifying
false,disturbing,ridiculous,seriously,terrible,wrong,terribly,hate,bad,dangerous,illegal,crazy,scary,shit,uncomfortable,rounded,awful,missing,unfortunately,fucking,creepy,worst,disgusting,horrible,terrifying
false,disturbing,ridiculous,seriously,terrible,wrong,terribly,hate,bad,dangerous,illegal,crazy,scary,shit,uncomfortable,rounded,awful,missing,unfortunately,fucking,creepy,worst,disgusting,horrible,terrifying
false,disturbing,ridiculous,seriously,terrible,wrong,terribly,hate,bad,dangerous,illegal,crazy,scary,shit,uncomfortable,rounded,awful,missing,unfortunately,fucking,creepy,worst,disgusting,horrible,terrifying
false,disturbing,ridiculous,seriously,terrible,wrong,terribly,hate,bad,dangerous,illegal,crazy,scary,shit,uncomfortable,rounded,awful,missing,unfortunately,fucking,creepy,worst,disgusting,horrible,terrifying
false,disturbing,ridiculous,seriously,terrible,wrong,terribly,hate,bad,dangerous,illegal,crazy,scary,shit,uncomfortable,rounded,awful,missing,unfortunately,fucking,creepy,worst,disgusting,horrible,terrifying
false,disturbing,ridiculous,seriously,terrible,wrong,terribly,hate,bad,dangerous,illegal,crazy,scary,shit,uncomfortable,rounded,awful,missing,unfortunately,fucking,creepy,worst,disgusting,horrible,terrifying
false,disturbing,ridiculous,seriously,terrible,wrong,terribly,hate,bad,dangerous,illegal,crazy,scary,shit,uncomfortable,rounded,awful,missing,unfortunately,fucking,creepy,worst,disgusting,horrible,terrifying
false,disturbing,ridiculous,seriously,terrible,wrong,terribly,hate,bad,dangerous,illegal,crazy,scary,shit,uncomfortable,rounded,awful,missing,unfortunately,fucking,creepy,worst,disgusting,horrible,terrifying
false,disturbing,ridiculous,seriously,terrible,wrong,terribly,hate,bad,dangerous,illegal,crazy,scary,shit,uncomfortable,rounded,awful,missing,unfortunately,fucking,creepy,worst,disgusting,horrible,terrifying
false,disturbing,ridiculous,seriously,terrible,wrong,terribly,hate,bad,dangerous,illegal,crazy,scary,shit,uncomfortable,rounded,awful,missing,unfortunately,fucking,creepy,worst,disgusting,horrible,terrifying
false,disturbing,ridiculous,seriously,terrible,wrong,terribly,hate,bad,dangerous,illegal,crazy,scary,shit,uncomfortable,rounded,awful,missing,unfortunately,fucking,creepy,worst,disgusting,horrible,terrifying
false,disturbing,ridiculous,seriously,terrible,wrong,terribly,hate,bad,dangerous,illegal,crazy,scary,shit,uncomfortable,rounded,awful,missing,unfortunately,fucking,creepy,worst,disgusting,horrible,terrifying
false,disturbing,ridiculous,seriously,terrible,wrong,terribly,hate,bad,dangerous,illegal,crazy,scary,shit,uncomfortable,rounded,awful,missing,unfortunately,fucking,creepy,worst,disgusting,horrible,terrifying
false,disturbing,ridiculous,seriously,terrible,wrong,terribly,hate,bad,dangerous,illegal,crazy,scary,shit,uncomfortable,rounded,awful,missing,unfortunately,fucking,creepy,worst,disgusting,horrible,terrifying
false,disturbing,ridiculous,seriously,terrible,wrong,terribly,hate,bad,dangerous,illegal,crazy,scary,shit,uncomfortable,rounded,awful,missing,unfortunately,fucking,creepy,worst,disgusting,horrible,terrifying
false,disturbing,ridiculous,seriously,terrible,wrong,terribly,hate,bad,dangerous,illegal,crazy,scary,shit,uncomfortable,rounded,awful,missing,unfortunately,fucking,creepy,worst,disgusting,horrible,terrifying
false,disturbing,ridiculous,seriously,terrible,wrong,terribly,hate,bad,dangerous,illegal,crazy,scary,shit,uncomfortable,rounded,awful,missing,unfortunately,fucking,creepy,worst,disgusting,horrible,terrifying
false,disturbing,ridiculous,seriously,terrible,wrong,terribly,hate,bad,dangerous,illegal,crazy,scary,shit,uncomfortable,rounded,awful,missing,unfortunately,fucking,creepy,worst,disgusting,horrible,terrifying
false,disturbing,ridiculous,seriously,terrible,wrong,terribly,hate,bad,dangerous,illegal,crazy,scary,shit,uncomfortable,rounded,awful,missing,unfortunately,fucking,creepy,worst,disgusting,horrible,terrifying
false,disturbing,ridiculous,seriously,terrible,wrong,terribly,hate,bad,dangerous,illegal,crazy,scary,shit,uncomfortable,rounded,awful,missing,unfortunately,fucking,creepy,worst,disgusting,horrible,terrifying
false,disturbing,ridiculous,seriously,terrible,wrong,terribly,hate,bad,dangerous,illegal,crazy,scary,shit,uncomfortable,rounded,awful,missing,unfortunately,fucking,creepy,worst,disgusting,horrible,terrifying
false,disturbing,ridiculous,seriously,terrible,wrong,terribly,hate,bad,dangerous,illegal,crazy,scary,shit,uncomfortable,rounded,awful,missing,unfortunately,fucking,creepy,worst,disgusting,horrible,terrifying
false,disturbing,ridiculous,seriously,terrible,wrong,terribly,hate,bad,dangerous,illegal,crazy,scary,shit,uncomfortable,rounded,awful,missing,unfortunately,fucking,creepy,worst,disgusting,horrible,terrifying
false,disturbing,ridiculous,seriously,terrible,wrong,terribly,hate,bad,dangerous,illegal,crazy,scary,shit,uncomfortable,rounded,awful,missing,unfortunately,fucking,creepy,worst,disgusting,horrible,terrifying
false,disturbing,ridiculous,seriously,terrible,wrong,terribly,hate,bad,dangerous,illegal,crazy,scary,shit,uncomfortable,rounded,awful,missing,unfortunately,fucking,creepy,worst,disgusting,horrible,terrifying
false,disturbing,ridiculous,seriously,terrible,wrong,terribly,hate,bad,dangerous,illegal,crazy,scary,shit,uncomfortable,rounded,awful,missing,unfortunately,fucking,creepy,worst,disgusting,horrible,terrifying
false,disturbing,ridiculous,seriously,terrible,wrong,terribly,hate,bad,dangerous,illegal,crazy,scary,shit,uncomfortable,rounded,awful,missing,unfortunately,fucking,creepy,worst,disgusting,horrible,terrifying
false,disturbing,ridiculous,seriously,terrible,wrong,terribly,hate,bad,dangerous,illegal,crazy,scary,shit,uncomfortable,rounded,awful,missing,unfortunately,fucking,creepy,worst,disgusting,horrible,terrifying
false,disturbing,ridiculous,seriously,terrible,wrong,terribly,hate,bad,dangerous,illegal,crazy,scary,shit,uncomfortable,rounded,awful,missing,unfortunately,fucking,creepy,worst,disgusting,horrible,terrifying
false,disturbing,ridiculous,seriously,terrible,wrong,terribly,hate,bad,dangerous,illegal,crazy,scary,shit,uncomfortable,rounded,awful,missing,unfortunately,fucking,creepy,worst,disgusting,horrible,terrifying
false,disturbing,ridiculous,seriously,terrible,wrong,terribly,hate,bad,dangerous,illegal,crazy,scary,shit,uncomfortable,rounded,awful,missing,unfortunately,fucking,creepy,worst,disgusting,horrible,terrifying
false,disturbing,ridiculous,seriously,terrible,wrong,terribly,hate,bad,dangerous,illegal,crazy,scary,shit,uncomfortable,rounded,awful,missing,unfortunately,fucking,creepy,worst,disgusting,horrible,terrifying
false,disturbing,ridiculous,seriously,terrible,wrong,terribly,hate,bad,dangerous,illegal,crazy,scary,shit,uncomfortable,rounded,awful,missing,unfortunately,fucking,creepy,worst,disgusting,horrible,terrifying
false,disturbing,ridiculous,seriously,terrible,wrong,terribly,hate,bad,dangerous,illegal,crazy,scary,shit,uncomfortable,rounded,awful,missing,unfortunately,fucking,creepy,worst,disgusting,horrible,terrifying
false,disturbing,ridiculous,seriously,terrible,wrong,terribly,hate,bad,dangerous,illegal,crazy,scary,shit,uncomfortable,rounded,awful,missing,unfortunately,fucking,creepy,worst,disgusting,horrible,terrifying
false,disturbing,ridiculous,seriously,terrible,wrong,terribly,hate,bad,dangerous,illegal,crazy,scary,shit,uncomfortable,rounded,awful,missing,unfortunately,fucking,creepy,worst,disgusting,horrible,terrifying
false,disturbing,ridiculous,seriously,terrible,wrong,terribly,hate,bad,dangerous,illegal,crazy,scary,shit,uncomfortable,rounded,awful,missing,unfortunately,fucking,creepy,worst,disgusting,horrible,terrifying
false,disturbing,ridiculous,seriously,terrible,wrong,terribly,hate,bad,dangerous,illegal,crazy,scary,shit,uncomfortable,rounded,awful,missing,unfortunately,fucking,creepy,worst,disgusting,horrible,terrifying
false,disturbing,ridiculous,seriously,terrible,wrong,terribly,hate,bad,dangerous,illegal,crazy,scary,shit,uncomfortable,rounded,awful,missing,unfortunately,fucking,creepy,worst,disgusting,horrible,terrifying
false,disturbing,ridiculous,seriously,terrible,wrong,terribly,hate,bad,dangerous,illegal,crazy,scary,shit,uncomfortable,rounded,awful,missing,unfortunately,fucking,creepy,worst,disgusting,horrible,terrifying
false,disturbing,ridiculous,seriously,terrible,wrong,terribly,hate,bad,dangerous,illegal,crazy,scary,shit,uncomfortable,rounded,awful,missing,unfortunately,fucking,creepy,worst,disgusting,horrible,terrifying
false,disturbing,ridiculous,seriously,terrible,wrong,terribly,hate,bad,dangerous,illegal,crazy,scary,shit,uncomfortable,rounded,awful,missing,unfortunately,fucking,creepy,worst,disgusting,horrible,terrifying
false,disturbing,ridiculous,seriously,terrible,wrong,terribly,hate,bad,dangerous,illegal,crazy,scary,shit,uncomfortable,rounded,awful,missing,unfortunately,fucking,creepy,worst,disgusting,horrible,terrifying
false,disturbing,ridiculous,seriously,terrible,wrong,terribly,hate,bad,dangerous,illegal,crazy,scary,shit,uncomfortable,rounded,awful,missing,unfortunately,fucking,creepy,worst,disgusting,horrible,terrifying
false,disturbing,ridiculous,seriously,terrible,wrong,terribly,hate,bad,dangerous,illegal,crazy,scary,shit,uncomfortable,rounded,awful,missing,unfortunately,fucking,creepy,worst,disgusting,horrible,terrifying
false,disturbing,ridiculous,seriously,terrible,wrong,terribly,hate,bad,dangerous,illegal,crazy,scary,shit,uncomfortable,rounded,awful,missing,unfortunately,fucking,creepy,worst,disgusting,horrible,terrifying
false,disturbing,ridiculous,seriously,terrible,wrong,terribly,hate,bad,dangerous,illegal,crazy,scary,shit,uncomfortable,rounded,awful,missing,unfortunately,fucking,creepy,worst,disgusting,horrible,terrifying
false,disturbing,ridiculous,seriously,terrible,wrong,terribly,hate,bad,dangerous,illegal,crazy,scary,shit,uncomfortable,rounded,awful,missing,unfortunately,fucking,creepy,worst,disgusting,horrible,terrifying
false,disturbing,ridiculous,seriously,terrible,wrong,terribly,hate,bad,dangerous,illegal,crazy,scary,shit,uncomfortable,rounded,awful,missing,unfortunately,fucking,creepy,worst,disgusting,horrible,terrifying
false,disturbing,ridiculous,seriously,terrible,wrong,terribly,hate,bad,dangerous,illegal,crazy,scary,shit,uncomfortable,rounded,awful,missing,unfortunately,fucking,creepy,worst,disgusting,horrible,terrifying
false,disturbing,ridiculous,seriously,terrible,wrong,terribly,hate,bad,dangerous,illegal,crazy,scary,shit,uncomfortable,rounded,awful,missing,unfortunately,fucking,creepy,worst,disgusting,horrible,terrifying
false,disturbing,ridiculous,seriously,terrible,wrong,terribly,hate,bad,dangerous,illegal,crazy,scary,shit,uncomfortable,rounded,awful,missing,unfortunately,fucking,creepy,worst,disgusting,horrible,terrifying
false,disturbing,seriously,dangerously,terrible,wrong,terribly,hate,bad,dangerous,illegal,crazy,scary,shit,uncomfortable,rounded,awful,missing,unfortunately,fucking,creepy,worst,disgusting,horrible,terrifying
false,disturbing,seriously,dangerously,terrible,wrong,terribly,hate,bad,dangerous,illegal,crazy,scary,shit,uncomfortable,rounded,awful,missing,unfortunately,fucking,creepy,worst,disgusting,horrible,terrifying
false,disturbing,seriously,dangerously,terrible,wrong,terribly,hate,bad,dangerous,illegal,crazy,scary,shit,uncomfortable,rounded,awful,missing,unfortunately,fucking,creepy,worst,disgusting,horrible,terrifying
false,disturbing,seriously,dangerously,terrible,wrong,terribly,hate,bad,dangerous,illegal,crazy,scary,shit,uncomfortable,rounded,awful,missing,unfortunately,fucking,creepy,worst,disgusting,horrible,terrifying
false,disturbing,seriously,dangerously,terrible,wrong,terribly,hate,bad,dangerous,illegal,crazy,scary,shit,uncomfortable,rounded,awful,missing,unfortunately,fucking,creepy,worst,disgusting,horrible,terrifying
false,disturbing,seriously,dangerously,terrible,wrong,terribly,hate,bad,dangerous,illegal,crazy,scary,shit,uncomfortable,rounded,awful,missing,unfortunately,fucking,creepy,worst,disgusting,horrible,terrifying
false,disturbing,seriously,dangerously,terrible,wrong,terribly,hate,bad,dangerous,illegal,crazy,scary,shit,uncomfortable,rounded,awful,missing,unfortunately,fucking,creepy,worst,disgusting,horrible,terrifying
false,disturbing,seriously,dangerously,terrible,wrong,terribly,hate,bad,dangerous,illegal,crazy,scary,shit,uncomfortable,rounded,awful,missing,unfortunately,fucking,creepy,worst,disgusting,horrible,terrifying
false,disturbing,seriously,dangerously,terrible,wrong,terribly,hate,bad,dangerous,illegal,crazy,scary,shit,uncomfortable,rounded,awful,missing,unfortunately,fucking,creepy,worst,disgusting,horrible,terrifying
false,disturbing,seriously,dangerously,terrible,wrong,terribly,hate,bad,dangerous,illegal,crazy,scary,shit,uncomfortable,rounded,awful,missing,unfortunately,fucking,creepy,worst,disgusting,horrible,terrifying
false,disturbing,seriously,dangerously,terrible,wrong,terribly,hate,bad,dangerous,illegal,crazy,scary,shit,uncomfortable,rounded,awful,missing,unfortunately,fucking,creepy,worst,disgusting,horrible,terrifying
false,disturbing,seriously,dangerously,terrible,wrong,terribly,hate,bad,dangerous,illegal,crazy,scary,shit,uncomfortable,rounded,awful,missing,unfortunately,fucking,creepy,worst,disgusting,horrible,terrifying
false,disturbing,seriously,dangerously,terrible,wrong,terribly,hate,bad,dangerous,illegal,crazy,scary,shit,uncomfortable,rounded,awful,missing,unfortunately,fucking,creepy,worst,disgusting,horrible,terrifying
false,disturbing,seriously,dangerously,terrible,wrong,terribly,hate,bad,dangerous,illegal,crazy,scary,shit,uncomfortable,rounded,awful,missing,unfortunately,fucking,creepy,worst,disgusting,horrible,terrifying
false,disturbing,seriously,dangerously,terrible,wrong,terribly,hate,bad,dangerous,illegal,crazy,scary,shit,uncomfortable,rounded,awful,missing,unfortunately,fucking,creepy,worst,disgusting,horrible,terrifying
false,disturbing,seriously,dangerously,terrible,wrong,terribly,hate,bad,dangerous,illegal,crazy,scary,shit,uncomfortable,rounded,awful,missing,unfortunately,fucking,creepy,worst,disgusting,horrible,terrifying
false,disturbing,seriously,dangerously,terrible,wrong,terribly,hate,bad,dangerous,illegal,crazy,scary,shit,uncomfortable,rounded,awful,missing,unfortunately,fucking,creepy,worst,disgusting,horrible,terrifying
false,disturbing,seriously,dangerously,terrible,wrong,terribly,hate,bad,dangerous,illegal,crazy,scary,shit,uncomfortable,rounded,awful,missing,unfortunately,fucking,creepy,worst,disgusting,horrible,terrifying
false,disturbing,seriously,dangerously,terrible,wrong,terribly,hate,bad,dangerous,illegal,crazy,scary,shit,uncomfortable,rounded,awful,missing,unfortunately,fucking,creepy,worst,disgusting,horrible,terrifying
false,disturbing,seriously,dangerously,terrible,wrong,terribly,hate,bad,dangerous,illegal,crazy,scary,shit,uncomfortable,rounded,awful,missing,unfortunately,fucking,creepy,worst,disgusting,horrible,terrifying
false,disturbing,seriously,dangerously,terrible,wrong,terribly,hate,bad,dangerous,illegal,crazy,scary,shit,uncomfortable,rounded,awful,missing,unfortunately,fucking,creepy,worst,disgusting,horrible,terrifying
false,disturbing,seriously,dangerously,terrible,wrong,terribly,hate,bad,dangerous,illegal,crazy,scary,shit,uncomfortable,rounded,awful,missing,unfortunately,fucking,creepy,worst,disgusting,horrible,terrifying
false,disturbing,seriously,dangerously,terrible,wrong,terribly,hate,bad,dangerous,illegal,crazy,scary,shit,uncomfortable,rounded,awful,missing,unfortunately,fucking,creepy,worst,disgusting,horrible,terrifying
false,disturbing,seriously,dangerously,terrible,wrong,terribly,hate,bad,dangerous,illegal,crazy,scary,shit,uncomfortable,rounded,awful,missing,unfortunately,fucking,creepy,worst,disgusting,horrible,terrifying
false,disturbing,seriously,dangerously,terrible,wrong,terribly,hate,bad,dangerous,illegal,crazy,scary,shit,uncomfortable,rounded,awful,missing,unfortunately,fucking,creepy,worst,disgusting,horrible,terrifying
false,disturbing,seriously,dangerously,terrible,wrong,terribly,hate,bad,dangerous,illegal,crazy,scary,shit,uncomfortable,rounded,awful,missing,unfortunately,fucking,creepy,worst,disgusting,horrible,terrifying
false,disturbing,seriously,dangerously,terrible,wrong,terribly,hate,bad,dangerous,illegal,crazy,scary,shit,uncomfortable,rounded,awful,missing,unfortunately,fucking,creepy,worst,disgusting,horrible,terrifying
false,disturbing,seriously,dangerously,terrible,wrong,terribly,hate,bad,dangerous,illegal,crazy,scary,shit,uncomfortable,rounded,awful,missing,unfortunately,fucking,creepy,worst,disgusting,horrible,terrifying
false,disturbing,seriously,dangerously,terrible,wrong,terribly,hate,bad,dangerous,illegal,crazy,scary,shit,uncomfortable,rounded,awful,missing,unfortunately,fucking,creepy,worst,disgusting,horrible,terrifying
false,disturbing,seriously,dangerously,terrible,wrong,terribly,hate,bad,dangerous,illegal,crazy,scary,shit,uncomfortable,rounded,awful,missing,unfortunately,fucking,creepy,worst,disgusting,horrible,terrifying
false,disturbing,seriously,dangerously,terrible,wrong,terribly,hate,bad,dangerous,illegal,crazy,scary,shit,uncomfortable,rounded,awful,missing,unfortunately,fucking,creepy,worst,disgusting,horrible,terrifying
false,disturbing,seriously,dangerously,terrible,wrong,terribly,hate,bad,dangerous,illegal,crazy,scary,shit,uncomfortable,rounded,awful,missing,unfortunately,fucking,creepy,worst,disgusting,horrible,terrifying
false,disturbing,seriously,dangerously,terrible,wrong,terribly,hate,bad,dangerous,illegal,crazy,scary,shit,uncomfortable,rounded,awful,missing,unfortunately,fucking,creepy,worst,disgusting,horrible,terrifying
false,disturbing,seriously,dangerously,terrible,wrong,terribly,hate,bad,dangerous,illegal,crazy,scary,shit,uncomfortable,rounded,awful,missing,unfortunately,fucking,creepy,worst,disgusting,horrible,terrifying
false,disturbing,seriously,dangerously,terrible,wrong,terribly,hate,bad,dangerous,illegal,crazy,scary,shit,uncomfortable,rounded,awful,missing,unfortunately,fucking,creepy,worst,disgusting,horrible,terrifying
false,disturbing,seriously,dangerously,terrible,wrong,terribly,hate,bad,dangerous,illegal,crazy,scary,shit,uncomfortable,rounded,awful,missing,unfortunately,fucking,creepy,worst,disgusting,horrible,terrifying
false,disturbing,seriously,dangerously,terrible,wrong,terribly,hate,bad,dangerous,illegal,crazy,scary,shit,uncomfortable,rounded,awful,missing,unfortunately,fucking,creepy,worst,disgusting,horrible,terrifying
false,disturbing,seriously,dangerously,terrible,wrong,terribly,hate,bad,dangerous,illegal,crazy,scary,shit,uncomfortable,rounded,awful,missing,unfortunately,fucking,creepy,worst,disgusting,horrible,terrifying
false,disturbing,seriously,dangerously,terrible,wrong,terribly,hate,bad,dangerous,illegal,crazy,scary,shit,uncomfortable,rounded,awful,missing,unfortunately,fucking,creepy,worst,disgusting,horrible,terrifying
false,disturbing,seriously,dangerously,terrible,wrong,terribly,hate,bad,dangerous,illegal,crazy,scary,shit,uncomfortable,rounded,awful,missing,unfortunately,fucking,creepy,worst,disgusting,horrible,terrifying
false,disturbing,seriously,dangerously,terrible,wrong,terribly,hate,bad,dangerous,illegal,crazy,scary,shit,uncomfortable,rounded,awful,missing,unfortunately,fucking,creepy,worst,disgusting,horrible,terrifying
false,disturbing,seriously,dangerously,terrible,wrong,terribly,hate,bad,dangerous,illegal,crazy,scary,shit,uncomfortable,rounded,awful,missing,unfortunately,fucking,creepy,worst,disgusting,horrible,terrifying
false,disturbing,seriously,dangerously,terrible,wrong,badly,terribly,bad,dangerous,illegal,crazy,scary,shit,uncomfortable,rounded,awful,missing,unfortunately,fucking,creepy,worst,disgusting,horrible,terrifying
false,disturbing,seriously,dangerously,terrible,wrong,badly,terribly,bad,dangerous,illegal,crazy,scary,shit,uncomfortable,rounded,awful,missing,unfortunately,fucking,creepy,worst,disgusting,horrible,terrifying
false,disturbing,seriously,dangerously,terrible,wrong,badly,terribly,bad,dangerous,illegal,crazy,scary,shit,uncomfortable,rounded,awful,missing,unfortunately,fucking,creepy,worst,disgusting,horrible,terrifying
false,disturbing,seriously,dangerously,terrible,wrong,badly,terribly,bad,dangerous,illegal,crazy,scary,shit,uncomfortable,rounded,awful,missing,unfortunately,fucking,creepy,worst,disgusting,horrible,terrifying
false,disturbing,seriously,dangerously,terrible,wrong,badly,terribly,bad,dangerous,illegal,crazy,scary,shit,uncomfortable,rounded,awful,missing,unfortunately,fucking,creepy,worst,disgusting,horrible,terrifying
false,disturbing,seriously,dangerously,terrible,wrong,badly,terribly,bad,dangerous,illegal,crazy,scary,shit,uncomfortable,rounded,awful,missing,unfortunately,fucking,creepy,worst,disgusting,horrible,terrifying
false,disturbing,seriously,dangerously,terrible,wrong,badly,terribly,bad,dangerous,illegal,crazy,scary,shit,uncomfortable,rounded,awful,missing,unfortunately,fucking,creepy,worst,disgusting,horrible,terrifying
false,disturbing,seriously,dangerously,terrible,wrong,badly,terribly,bad,dangerous,illegal,crazy,scary,shit,uncomfortable,rounded,awful,missing,unfortunately,fucking,creepy,worst,disgusting,horrible,terrifying
false,disturbing,seriously,dangerously,terrible,wrong,badly,terribly,bad,dangerous,illegal,crazy,scary,shit,uncomfortable,rounded,awful,missing,unfortunately,fucking,creepy,worst,disgusting,horrible,terrifying
false,disturbing,seriously,dangerously,terrible,wrong,badly,terribly,bad,dangerous,illegal,crazy,scary,shit,uncomfortable,rounded,awful,missing,unfortunately,fucking,creepy,worst,disgusting,horrible,terrifying
false,disturbing,seriously,dangerously,terrible,wrong,badly,terribly,bad,dangerous,illegal,crazy,scary,shit,uncomfortable,rounded,awful,missing,unfortunately,fucking,creepy,worst,disgusting,horrible,terrifying
false,disturbing,seriously,dangerously,terrible,wrong,badly,terribly,bad,dangerous,illegal,crazy,scary,shit,uncomfortable,rounded,awful,missing,unfortunately,fucking,creepy,worst,disgusting,horrible,terrifying
false,disturbing,seriously,dangerously,terrible,wrong,badly,terribly,bad,dangerous,illegal,crazy,scary,shit,uncomfortable,rounded,awful,missing,unfortunately,fucking,creepy,worst,disgusting,horrible,terrifying
false,disturbing,seriously,dangerously,terrible,wrong,badly,terribly,bad,dangerous,illegal,crazy,scary,shit,uncomfortable,rounded,awful,missing,unfortunately,fucking,creepy,worst,disgusting,horrible,terrifying
false,disturbing,seriously,dangerously,terrible,wrong,badly,terribly,bad,dangerous,illegal,crazy,scary,shit,uncomfortable,rounded,awful,missing,unfortunately,fucking,creepy,worst,disgusting,horrible,terrifying
false,disturbing,seriously,dangerously,terrible,wrong,badly,terribly,bad,dangerous,illegal,crazy,scary,shit,uncomfortable,rounded,awful,missing,unfortunately,fucking,creepy,worst,disgusting,horrible,terrifying
false,disturbing,seriously,dangerously,terrible,wrong,badly,terribly,bad,dangerous,illegal,crazy,scary,shit,uncomfortable,rounded,awful,missing,unfortunately,fucking,creepy,worst,disgusting,horrible,terrifying
false,disturbing,seriously,dangerously,terrible,wrong,badly,terribly,bad,dangerous,illegal,crazy,scary,shit,uncomfortable,rounded,awful,missing,unfortunately,fucking,creepy,worst,disgusting,horrible,terrifying
false,disturbing,seriously,dangerously,terrible,wrong,badly,terribly,bad,dangerous,illegal,crazy,scary,shit,uncomfortable,rounded,awful,missing,unfortunately,fucking,creepy,worst,disgusting,horrible,terrifying
false,disturbing,seriously,dangerously,terrible,wrong,badly,terribly,bad,dangerous,illegal,crazy,scary,shit,uncomfortable,rounded,awful,missing,unfortunately,fucking,creepy,worst,disgusting,horrible,terrifying
false,disturbing,seriously,dangerously,terrible,wrong,badly,terribly,bad,dangerous,illegal,crazy,scary,shit,uncomfortable,rounded,awful,missing,unfortunately,fucking,creepy,worst,disgusting,horrible,terrifying
false,disturbing,seriously,dangerously,terrible,wrong,badly,terribly,bad,dangerous,illegal,crazy,scary,shit,uncomfortable,rounded,awful,missing,unfortunately,fucking,creepy,worst,disgusting,horrible,terrifying
false,disturbing,seriously,dangerously,terrible,wrong,badly,terribly,bad,dangerous,illegal,crazy,scary,shit,uncomfortable,rounded,awful,missing,unfortunately,fucking,creepy,worst,disgusting,horrible,terrifying
false,disturbing,seriously,dangerously,terrible,wrong,badly,terribly,bad,dangerous,illegal,crazy,scary,shit,uncomfortable,rounded,awful,missing,unfortunately,fucking,creepy,worst,disgusting,horrible,terrifying
false,disturbing,seriously,dangerously,terrible,wrong,badly,terribly,bad,dangerous,illegal,crazy,scary,shit,uncomfortable,rounded,awful,missing,unfortunately,fucking,creepy,worst,disgusting,horrible,terrifying
false,disturbing,seriously,dangerously,terrible,wrong,badly,terribly,bad,dangerous,illegal,crazy,scary,shit,uncomfortable,rounded,awful,missing,unfortunately,fucking,creepy,worst,disgusting,horrible,terrifying
false,disturbing,seriously,dangerously,terrible,wrong,badly,terribly,bad,dangerous,illegal,crazy,scary,shit,uncomfortable,rounded,awful,missing,unfortunately,fucking,creepy,worst,disgusting,horrible,terrifying
false,disturbing,seriously,dangerously,terrible,wrong,badly,terribly,bad,dangerous,illegal,crazy,scary,shit,uncomfortable,rounded,awful,missing,unfortunately,fucking,creepy,worst,disgusting,horrible,terrifying
false,disturbing,seriously,dangerously,terrible,wrong,badly,terribly,bad,dangerous,illegal,crazy,scary,shit,uncomfortable,rounded,awful,missing,unfortunately,fucking,creepy,worst,disgusting,horrible,terrifying
false,disturbing,seriously,dangerously,terrible,wrong,badly,terribly,bad,dangerous,illegal,crazy,scary,shit,uncomfortable,rounded,awful,missing,unfortunately,fucking,creepy,worst,disgusting,horrible,terrifying
false,disturbing,seriously,dangerously,terrible,wrong,badly,terribly,bad,dangerous,illegal,crazy,scary,shit,uncomfortable,rounded,awful,missing,unfortunately,fucking,creepy,worst,disgusting,horrible,terrifying
false,disturbing,seriously,dangerously,terrible,wrong,badly,terribly,bad,dangerous,illegal,crazy,scary,shit,uncomfortable,rounded,awful,missing,unfortunately,fucking,creepy,worst,disgusting,horrible,terrifying
false,disturbing,seriously,dangerously,terrible,wrong,badly,terribly,bad,dangerous,illegal,crazy,scary,shit,uncomfortable,rounded,awful,missing,unfortunately,fucking,creepy,worst,disgusting,horrible,terrifying
false,disturbing,seriously,dangerously,terrible,wrong,badly,terribly,bad,dangerous,illegal,crazy,scary,shit,uncomfortable,rounded,awful,missing,unfortunately,fucking,creepy,worst,disgusting,horrible,terrifying
false,disturbing,seriously,dangerously,terrible,wrong,badly,terribly,bad,dangerous,illegal,crazy,scary,shit,uncomfortable,rounded,awful,missing,unfortunately,fucking,creepy,worst,disgusting,horrible,terrifying
false,disturbing,seriously,dangerously,terrible,wrong,badly,terribly,bad,dangerous,illegal,crazy,scary,shit,uncomfortable,rounded,awful,missing,unfortunately,fucking,creepy,worst,disgusting,horrible,terrifying
false,disturbing,seriously,dangerously,terrible,wrong,badly,terribly,bad,dangerous,illegal,crazy,scary,shit,uncomfortable,rounded,awful,missing,unfortunately,fucking,creepy,worst,disgusting,horrible,terrifying
false,disturbing,seriously,dangerously,terrible,wrong,badly,terribly,bad,dangerous,illegal,crazy,scary,shit,uncomfortable,rounded,awful,missing,unfortunately,fucking,creepy,worst,disgusting,horrible,terrifying
false,disturbing,seriously,dangerously,terrible,wrong,badly,terribly,bad,dangerous,illegal,crazy,scary,shit,uncomfortable,rounded,awful,missing,unfortunately,fucking,creepy,worst,disgusting,horrible,terrifying
false,disturbing,seriously,dangerously,terrible,wrong,badly,terribly,bad,dangerous,illegal,crazy,scary,shit,uncomfortable,rounded,awful,missing,unfortunately,fucking,creepy,worst,disgusting,horrible,terrifying
false,disturbing,seriously,dangerously,terrible,wrong,badly,terribly,bad,dangerous,illegal,crazy,scary,shit,uncomfortable,rounded,awful,missing,unfortunately,fucking,creepy,worst,disgusting,horrible,terrifying
false,disturbing,seriously,dangerously,terrible,wrong,badly,terribly,bad,dangerous,illegal,crazy,scary,shit,uncomfortable,rounded,awful,missing,unfortunately,fucking,creepy,worst,disgusting,horrible,terrifying
false,disturbing,seriously,dangerously,terrible,wrong,badly,terribly,bad,dangerous,illegal,crazy,scary,shit,uncomfortable,rounded,awful,missing,unfortunately,fucking,creepy,worst,disgusting,horrible,terrifying
false,disturbing,seriously,dangerously,terrible,wrong,badly,terribly,bad,dangerous,illegal,crazy,scary,shit,uncomfortable,rounded,awful,missing,unfortunately,fucking,creepy,worst,disgusting,horrible,terrifying
false,disturbing,seriously,dangerously,terrible,wrong,badly,terribly,bad,dangerous,illegal,crazy,scary,shit,uncomfortable,rounded,awful,missing,unfortunately,fucking,creepy,worst,disgusting,horrible,terrifying
false,disturbing,seriously,dangerously,terrible,wrong,badly,terribly,bad,dangerous,illegal,crazy,scary,shit,uncomfortable,rounded,awful,missing,unfortunately,fucking,creepy,worst,disgusting,horrible,terrifying
false,disturbing,seriously,dangerously,terrible,wrong,badly,terribly,bad,dangerous,illegal,crazy,scary,shit,uncomfortable,rounded,awful,missing,unfortunately,fucking,creepy,worst,disgusting,horrible,terrifying
false,disturbing,seriously,dangerously,terrible,wrong,badly,terribly,bad,dangerous,illegal,crazy,scary,shit,uncomfortable,rounded,awful,missing,unfortunately,fucking,creepy,worst,disgusting,horrible,terrifying
false,disturbing,seriously,dangerously,terrible,wrong,badly,terribly,bad,dangerous,illegal,crazy,scary,shit,uncomfortable,rounded,awful,missing,unfortunately,fucking,creepy,worst,disgusting,horrible,terrifying
false,disturbing,seriously,dangerously,terrible,wrong,badly,terribly,bad,dangerous,illegal,crazy,scary,shit,uncomfortable,rounded,awful,missing,unfortunately,fucking,creepy,worst,disgusting,horrible,terrifying
false,disturbing,seriously,dangerously,terrible,wrong,badly,terribly,bad,dangerous,illegal,crazy,scary,shit,uncomfortable,rounded,awful,missing,unfortunately,fucking,creepy,worst,disgusting,horrible,terrifying
false,disturbing,seriously,dangerously,terrible,wrong,badly,terribly,bad,dangerous,illegal,crazy,scary,shit,uncomfortable,rounded,awful,missing,unfortunately,fucking,creepy,worst,disgusting,horrible,terrifying
false,disturbing,seriously,dangerously,terrible,wrong,badly,terribly,bad,dangerous,illegal,crazy,scary,shit,uncomfortable,rounded,awful,missing,unfortunately,fucking,creepy,worst,disgusting,horrible,terrifying
false,disturbing,seriously,dangerously,terrible,wrong,badly,terribly,bad,dangerous,illegal,crazy,scary,shit,uncomfortable,rounded,awful,missing,unfortunately,fucking,creepy,worst,disgusting,horrible,terrifying
false,disturbing,seriously,dangerously,terrible,wrong,badly,terribly,bad,dangerous,illegal,crazy,scary,shit,uncomfortable,rounded,awful,missing,unfortunately,fucking,creepy,worst,disgusting,horrible,terrifying
false,disturbing,seriously,dangerously,terrible,wrong,badly,terribly,bad,dangerous,illegal,crazy,scary,shit,uncomfortable,rounded,awful,missing,unfortunately,fucking,creepy,worst,disgusting,horrible,terrifying
false,disturbing,seriously,dangerously,terrible,wrong,badly,terribly,bad,dangerous,illegal,crazy,scary,shit,uncomfortable,rounded,awful,missing,unfortunately,fucking,creepy,worst,disgusting,horrible,terrifying
false,disturbing,seriously,dangerously,terrible,wrong,badly,terribly,bad,dangerous,illegal,crazy,scary,shit,uncomfortable,rounded,awful,missing,unfortunately,fucking,creepy,worst,disgusting,horrible,terrifying
false,disturbing,seriously,dangerously,terrible,wrong,badly,terribly,bad,dangerous,illegal,crazy,scary,shit,uncomfortable,rounded,awful,missing,unfortunately,fucking,creepy,worst,disgusting,horrible,terrifying
false,disturbing,seriously,dangerously,terrible,wrong,badly,terribly,bad,dangerous,illegal,crazy,scary,shit,uncomfortable,rounded,awful,missing,unfortunately,fucking,creepy,worst,disgusting,horrible,terrifying
false,disturbing,seriously,dangerously,terrible,wrong,badly,terribly,bad,dangerous,illegal,crazy,scary,shit,uncomfortable,rounded,awful,missing,unfortunately,fucking,creepy,worst,disgusting,horrible,terrifying
false,disturbing,seriously,dangerously,terrible,wrong,badly,terribly,bad,dangerous,illegal,crazy,scary,shit,uncomfortable,rounded,awful,missing,unfortunately,fucking,creepy,worst,disgusting,horrible,terrifying
false,disturbing,seriously,dangerously,terrible,wrong,badly,terribly,bad,dangerous,illegal,crazy,scary,shit,uncomfortable,rounded,awful,missing,unfortunately,fucking,creepy,worst,disgusting,horrible,terrifying
false,disturbing,seriously,dangerously,terrible,wrong,badly,terribly,bad,dangerous,illegal,crazy,scary,shit,uncomfortable,rounded,awful,missing,unfortunately,fucking,creepy,worst,disgusting,horrible,terrifying
false,disturbing,seriously,dangerously,terrible,wrong,badly,terribly,bad,dangerous,illegal,crazy,scary,shit,uncomfortable,rounded,awful,missing,unfortunately,fucking,creepy,worst,disgusting,horrible,terrifying
false,disturbing,seriously,dangerously,terrible,wrong,badly,terribly,bad,dangerous,illegal,crazy,scary,shit,uncomfortable,rounded,awful,missing,unfortunately,fucking,creepy,worst,disgusting,horrible,terrifying
false,disturbing,seriously,dangerously,terrible,wrong,badly,terribly,bad,dangerous,illegal,crazy,scary,shit,uncomfortable,rounded,awful,missing,unfortunately,fucking,creepy,worst,disgusting,horrible,terrifying
false,disturbing,seriously,dangerously,terrible,wrong,badly,terribly,bad,dangerous,illegal,crazy,scary,shit,uncomfortable,rounded,awful,missing,unfortunately,fucking,creepy,worst,disgusting,horrible,terrifying
false,disturbing,seriously,dangerously,terrible,wrong,badly,terribly,bad,dangerous,illegal,crazy,scary,shit,uncomfortable,rounded,awful,missing,unfortunately,fucking,creepy,worst,disgusting,horrible,terrifying
false,disturbing,seriously,dangerously,terrible,wrong,badly,terribly,bad,dangerous,illegal,crazy,scary,shit,uncomfortable,rounded,awful,missing,unfortunately,fucking,creepy,worst,disgusting,horrible,terrifying
false,disturbing,seriously,dangerously,terrible,wrong,badly,terribly,bad,dangerous,illegal,crazy,scary,shit,uncomfortable,rounded,awful,missing,unfortunately,fucking,creepy,worst,disgusting,horrible,terrifying
false,disturbing,seriously,dangerously,terrible,wrong,badly,terribly,bad,dangerous,illegal,crazy,scary,shit,uncomfortable,rounded,awful,missing,unfortunately,fucking,creepy,worst,disgusting,horrible,terrifying
false,disturbing,seriously,dangerously,terrible,wrong,badly,terribly,bad,dangerous,illegal,crazy,scary,shit,uncomfortable,rounded,awful,missing,unfortunately,fucking,creepy,worst,disgusting,horrible,terrifying
false,disturbing,seriously,dangerously,terrible,wrong,badly,terribly,bad,dangerous,illegal,crazy,scary,shit,uncomfortable,rounded,awful,missing,unfortunately,fucking,creepy,worst,disgusting,horrible,terrifying
false,disturbing,seriously,dangerously,terrible,wrong,badly,terribly,bad,dangerous,illegal,crazy,scary,shit,uncomfortable,rounded,awful,missing,unfortunately,fucking,creepy,worst,disgusting,horrible,terrifying
false,disturbing,seriously,dangerously,terrible,wrong,badly,terribly,bad,dangerous,illegal,crazy,scary,shit,uncomfortable,rounded,awful,missing,unfortunately,fucking,creepy,worst,disgusting,horrible,terrifying
false,disturbing,seriously,dangerously,terrible,wrong,badly,terribly,bad,dangerous,illegal,crazy,scary,shit,uncomfortable,rounded,awful,missing,unfortunately,fucking,creepy,worst,disgusting,horrible,terrifying
false,disturbing,seriously,dangerously,terrible,wrong,badly,terribly,bad,dangerous,illegal,crazy,scary,shit,uncomfortable,rounded,awful,missing,unfortunately,fucking,creepy,worst,disgusting,horrible,terrifying
false,disturbing,seriously,dangerously,terrible,wrong,badly,terribly,bad,dangerous,illegal,crazy,scary,shit,uncomfortable,rounded,awful,missing,unfortunately,fucking,creepy,worst,disgusting,horrible,terrifying
false,disturbing,seriously,dangerously,terrible,wrong,badly,terribly,bad,dangerous,illegal,crazy,scary,shit,uncomfortable,rounded,awful,missing,unfortunately,fucking,creepy,worst,disgusting,horrible,terrifying
false,disturbing,seriously,dangerously,terrible,wrong,badly,terribly,bad,dangerous,illegal,crazy,scary,shit,uncomfortable,rounded,awful,missing,unfortunately,fucking,creepy,worst,disgusting,horrible,terrifying
false,disturbing,seriously,dangerously,terrible,wrong,badly,terribly,bad,dangerous,illegal,crazy,scary,shit,uncomfortable,rounded,awful,missing,unfortunately,fucking,creepy,worst,disgusting,horrible,terrifying
false,disturbing,seriously,dangerously,terrible,wrong,badly,terribly,bad,dangerous,illegal,crazy,scary,shit,uncomfortable,rounded,awful,missing,unfortunately,fucking,creepy,worst,disgusting,horrible,terrifying
false,disturbing,seriously,dangerously,terrible,wrong,badly,terribly,bad,dangerous,illegal,crazy,scary,shit,uncomfortable,rounded,awful,missing,unfortunately,fucking,creepy,worst,disgusting,horrible,terrifying
false,disturbing,seriously,dangerously,terrible,wrong,badly,terribly,bad,dangerous,illegal,crazy,scary,shit,uncomfortable,rounded,awful,missing,unfortunately,fucking,creepy,worst,disgusting,horrible,terrifying
false,disturbing,seriously,dangerously,terrible,wrong,badly,terribly,bad,dangerous,illegal,crazy,scary,shit,uncomfortable,rounded,awful,missing,unfortunately,fucking,creepy,worst,disgusting,horrible,terrifying
false,disturbing,seriously,dangerously,terrible,wrong,badly,terribly,bad,dangerous,illegal,crazy,scary,shit,uncomfortable,rounded,awful,missing,unfortunately,fucking,creepy,worst,disgusting,horrible,terrifying
false,disturbing,seriously,dangerously,terrible,wrong,badly,terribly,bad,dangerous,illegal,crazy,scary,shit,uncomfortable,rounded,awful,missing,unfortunately,fucking,creepy,worst,disgusting,horrible,terrifying
false,disturbing,seriously,dangerously,terrible,wrong,badly,terribly,bad,dangerous,illegal,crazy,scary,shit,uncomfortable,rounded,awful,missing,unfortunately,fucking,creepy,worst,disgusting,horrible,terrifying
false,disturbing,seriously,dangerously,terrible,wrong,badly,terribly,bad,dangerous,illegal,crazy,scary,shit,uncomfortable,rounded,awful,missing,unfortunately,fucking,creepy,worst,disgusting,horrible,terrifying
false,disturbing,seriously,dangerously,terrible,wrong,badly,terribly,bad,dangerous,illegal,crazy,scary,shit,uncomfortable,rounded,awful,missing,unfortunately,fucking,creepy,worst,disgusting,horrible,terrifying
false,disturbing,seriously,dangerously,terrible,wrong,badly,terribly,bad,dangerous,illegal,crazy,scary,shit,uncomfortable,rounded,awful,missing,unfortunately,fucking,creepy,worst,disgusting,horrible,terrifying
false,disturbing,seriously,dangerously,terrible,wrong,badly,terribly,bad,dangerous,illegal,crazy,scary,shit,uncomfortable,rounded,awful,missing,unfortunately,fucking,creepy,worst,disgusting,horrible,terrifying
false,disturbing,seriously,dangerously,terrible,wrong,badly,terribly,bad,dangerous,illegal,crazy,scary,shit,uncomfortable,rounded,awful,missing,unfortunately,fucking,creepy,worst,disgusting,horrible,terrifying
false,disturbing,seriously,dangerously,terrible,wrong,badly,terribly,bad,dangerous,illegal,crazy,scary,shit,uncomfortable,rounded,awful,missing,unfortunately,fucking,creepy,worst,disgusting,horrible,terrifying
false,disturbing,seriously,dangerously,terrible,wrong,badly,terribly,bad,dangerous,illegal,crazy,scary,shit,uncomfortable,rounded,awful,missing,unfortunately,fucking,creepy,worst,disgusting,horrible,terrifying
false,disturbing,seriously,dangerously,terrible,wrong,badly,terribly,bad,dangerous,illegal,crazy,scary,shit,uncomfortable,rounded,awful,missing,unfortunately,fucking,creepy,worst,disgusting,horrible,terrifying
false,disturbing,seriously,dangerously,terrible,wrong,badly,terribly,bad,dangerous,illegal,crazy,scary,shit,uncomfortable,rounded,awful,missing,unfortunately,fucking,creepy,worst,disgusting,horrible,terrifying
false,disturbing,seriously,dangerously,terrible,wrong,badly,terribly,bad,dangerous,illegal,crazy,scary,shit,uncomfortable,rounded,awful,missing,unfortunately,fucking,creepy,worst,disgusting,horrible,terrifying
false,disturbing,seriously,dangerously,terrible,wrong,badly,terribly,bad,dangerous,illegal,crazy,scary,shit,uncomfortable,rounded,awful,missing,unfortunately,fucking,creepy,worst,disgusting,horrible,terrifying
false,disturbing,seriously,dangerously,terrible,wrong,badly,terribly,bad,dangerous,illegal,crazy,scary,shit,uncomfortable,rounded,awful,missing,unfortunately,fucking,creepy,worst,disgusting,horrible,terrifying
false,disturbing,seriously,dangerously,terrible,wrong,badly,terribly,bad,dangerous,illegal,crazy,scary,shit,uncomfortable,rounded,awful,missing,unfortunately,fucking,creepy,worst,disgusting,horrible,terrifying
false,disturbing,seriously,dangerously,terrible,wrong,badly,terribly,bad,dangerous,illegal,crazy,scary,shit,uncomfortable,rounded,awful,missing,unfortunately,fucking,creepy,worst,disgusting,horrible,terrifying
false,disturbing,seriously,dangerously,terrible,wrong,badly,terribly,bad,dangerous,illegal,crazy,scary,shit,uncomfortable,rounded,awful,missing,unfortunately,fucking,creepy,worst,disgusting,horrible,terrifying
false,disturbing,seriously,dangerously,terrible,wrong,badly,terribly,bad,dangerous,illegal,crazy,scary,shit,uncomfortable,rounded,awful,missing,unfortunately,fucking,creepy,worst,disgusting,horrible,terrifying
false,disturbing,seriously,dangerously,terrible,wrong,badly,terribly,bad,dangerous,illegal,crazy,scary,shit,uncomfortable,rounded,awful,missing,unfortunately,fucking,creepy,worst,disgusting,horrible,terrifying
false,disturbing,seriously,dangerously,terrible,wrong,badly,terribly,bad,dangerous,illegal,crazy,scary,shit,uncomfortable,rounded,awful,missing,unfortunately,fucking,creepy,worst,disgusting,horrible,terrifying
false,disturbing,seriously,dangerously,terrible,wrong,badly,terribly,bad,dangerous,illegal,crazy,scary,shit,uncomfortable,rounded,awful,missing,unfortunately,fucking,creepy,worst,disgusting,horrible,terrifying
false,disturbing,seriously,dangerously,terrible,wrong,badly,terribly,bad,dangerous,illegal,crazy,scary,shit,uncomfortable,rounded,awful,missing,unfortunately,fucking,creepy,worst,disgusting,horrible,terrifying
false,disturbing,seriously,dangerously,terrible,wrong,badly,terribly,bad,dangerous,illegal,crazy,scary,shit,uncomfortable,rounded,awful,missing,unfortunately,fucking,creepy,worst,disgusting,horrible,terrifying
false,disturbing,seriously,dangerously,terrible,wrong,badly,terribly,bad,dangerous,illegal,crazy,scary,shit,uncomfortable,rounded,awful,missing,unfortunately,fucking,creepy,worst,disgusting,horrible,terrifying
false,disturbing,seriously,dangerously,terrible,wrong,badly,terribly,bad,dangerous,illegal,crazy,scary,shit,uncomfortable,rounded,awful,missing,unfortunately,fucking,creepy,worst,disgusting,horrible,terrifying
false,disturbing,seriously,dangerously,terrible,wrong,badly,terribly,bad,dangerous,illegal,crazy,scary,shit,uncomfortable,rounded,awful,missing,unfortunately,fucking,creepy,worst,disgusting,horrible,terrifying
false,disturbing,seriously,dangerously,terrible,wrong,badly,terribly,bad,dangerous,illegal,crazy,scary,shit,uncomfortable,rounded,awful,missing,unfortunately,fucking,creepy,worst,disgusting,horrible,terrifying
false,disturbing,seriously,dangerously,terrible,wrong,badly,terribly,bad,dangerous,illegal,crazy,scary,shit,uncomfortable,rounded,awful,missing,unfortunately,fucking,creepy,worst,disgusting,horrible,terrifying
false,disturbing,seriously,dangerously,terrible,wrong,badly,terribly,bad,dangerous,illegal,crazy,scary,shit,uncomfortable,rounded,awful,missing,unfortunately,fucking,creepy,worst,disgusting,horrible,terrifying
false,disturbing,seriously,dangerously,terrible,wrong,badly,terribly,bad,dangerous,illegal,crazy,scary,shit,uncomfortable,rounded,awful,missing,unfortunately,fucking,creepy,worst,disgusting,horrible,terrifying
false,disturbing,seriously,dangerously,terrible,wrong,badly,terribly,bad,dangerous,illegal,crazy,scary,shit,uncomfortable,rounded,awful,missing,unfortunately,fucking,creepy,worst,disgusting,horrible,terrifying
false,disturbing,seriously,dangerously,terrible,wrong,badly,terribly,bad,dangerous,illegal,crazy,scary,shit,uncomfortable,rounded,awful,missing,unfortunately,fucking,creepy,worst,disgusting,horrible,terrifying
false,disturbing,seriously,dangerously,terrible,wrong,badly,terribly,bad,dangerous,illegal,crazy,scary,shit,uncomfortable,rounded,awful,missing,unfortunately,fucking,creepy,worst,disgusting,horrible,terrifying
false,disturbing,seriously,dangerously,terrible,wrong,badly,terribly,bad,dangerous,illegal,crazy,scary,shit,uncomfortable,rounded,awful,missing,unfortunately,fucking,creepy,worst,disgusting,horrible,terrifying
false,disturbing,seriously,dangerously,terrible,wrong,badly,terribly,bad,dangerous,illegal,crazy,scary,shit,uncomfortable,rounded,awful,missing,unfortunately,fucking,creepy,worst,disgusting,horrible,terrifying
false,disturbing,seriously,dangerously,terrible,wrong,badly,terribly,bad,dangerous,illegal,crazy,scary,shit,uncomfortable,rounded,awful,missing,unfortunately,fucking,creepy,worst,disgusting,horrible,terrifying
false,disturbing,seriously,dangerously,terrible,wrong,badly,terribly,bad,dangerous,illegal,crazy,scary,shit,uncomfortable,rounded,awful,missing,unfortunately,fucking,creepy,worst,disgusting,horrible,terrifying
false,disturbing,seriously,dangerously,terrible,wrong,badly,terribly,bad,dangerous,illegal,crazy,scary,shit,uncomfortable,rounded,awful,missing,unfortunately,fucking,creepy,worst,disgusting,horrible,terrifying
false,disturbing,seriously,dangerously,terrible,wrong,badly,terribly,bad,dangerous,illegal,crazy,scary,shit,uncomfortable,rounded,awful,missing,unfortunately,fucking,creepy,worst,disgusting,horrible,terrifying
false,disturbing,seriously,dangerously,terrible,wrong,badly,terribly,bad,dangerous,illegal,crazy,scary,shit,uncomfortable,rounded,awful,missing,unfortunately,fucking,creepy,worst,disgusting,horrible,terrifying
false,disturbing,seriously,dangerously,terrible,wrong,badly,terribly,bad,dangerous,illegal,crazy,scary,shit,uncomfortable,rounded,awful,missing,unfortunately,fucking,creepy,worst,disgusting,horrible,terrifying
false,disturbing,seriously,dangerously,terrible,wrong,badly,terribly,bad,dangerous,illegal,crazy,scary,shit,uncomfortable,rounded,awful,missing,unfortunately,fucking,creepy,worst,disgusting,horrible,terrifying
false,disturbing,seriously,dangerously,terrible,wrong,badly,terribly,bad,dangerous,illegal,crazy,scary,shit,uncomfortable,rounded,awful,missing,unfortunately,fucking,creepy,worst,disgusting,horrible,terrifying
false,disturbing,seriously,dangerously,terrible,wrong,badly,terribly,bad,dangerous,illegal,crazy,scary,shit,uncomfortable,rounded,awful,missing,unfortunately,fucking,creepy,worst,disgusting,horrible,terrifying
false,disturbing,seriously,dangerously,terrible,wrong,badly,terribly,bad,dangerous,illegal,crazy,scary,shit,uncomfortable,rounded,awful,missing,unfortunately,fucking,creepy,worst,disgusting,horrible,terrifying
false,disturbing,seriously,dangerously,terrible,wrong,badly,terribly,bad,dangerous,illegal,crazy,scary,shit,uncomfortable,rounded,awful,missing,unfortunately,fucking,creepy,worst,disgusting,horrible,terrifying
false,disturbing,seriously,dangerously,terrible,wrong,badly,terribly,bad,dangerous,illegal,crazy,scary,shit,uncomfortable,rounded,awful,missing,unfortunately,fucking,creepy,worst,disgusting,horrible,terrifying
false,disturbing,seriously,dangerously,terrible,wrong,badly,terribly,bad,dangerous,illegal,crazy,scary,shit,uncomfortable,rounded,awful,missing,unfortunately,fucking,creepy,worst,disgusting,horrible,terrifying
false,disturbing,seriously,dangerously,terrible,wrong,badly,terribly,bad,dangerous,illegal,crazy,scary,shit,uncomfortable,rounded,awful,missing,unfortunately,fucking,creepy,worst,disgusting,horrible,terrifying
false,disturbing,seriously,dangerously,terrible,wrong,badly,terribly,bad,dangerous,illegal,crazy,scary,shit,uncomfortable,rounded,awful,missing,unfortunately,fucking,creepy,worst,disgusting,horrible,terrifying
false,disturbing,seriously,dangerously,terrible,wrong,badly,terribly,bad,dangerous,illegal,crazy,scary,shit,uncomfortable,rounded,awful,missing,unfortunately,fucking,creepy,worst,disgusting,horrible,terrifying
false,disturbing,seriously,dangerously,terrible,wrong,badly,terribly,bad,dangerous,illegal,crazy,scary,shit,uncomfortable,rounded,awful,missing,unfortunately,fucking,creepy,worst,disgusting,horrible,terrifying
false,disturbing,seriously,dangerously,terrible,wrong,badly,terribly,bad,dangerous,illegal,crazy,scary,shit,uncomfortable,rounded,awful,missing,unfortunately,fucking,creepy,worst,disgusting,horrible,terrifying
false,disturbing,seriously,dangerously,terrible,wrong,badly,terribly,bad,dangerous,illegal,crazy,scary,shit,uncomfortable,rounded,awful,missing,unfortunately,fucking,creepy,worst,disgusting,horrible,terrifying
false,disturbing,seriously,dangerously,terrible,wrong,badly,terribly,bad,dangerous,illegal,crazy,scary,shit,uncomfortable,rounded,awful,missing,unfortunately,fucking,creepy,worst,disgusting,horrible,terrifying
false,disturbing,seriously,dangerously,terrible,wrong,badly,terribly,bad,dangerous,illegal,crazy,scary,shit,uncomfortable,rounded,awful,missing,unfortunately,fucking,creepy,worst,disgusting,horrible,terrifying
false,disturbing,seriously,dangerously,terrible,wrong,badly,terribly,bad,dangerous,illegal,crazy,scary,shit,uncomfortable,rounded,awful,missing,unfortunately,fucking,creepy,worst,disgusting,horrible,terrifying
false,disturbing,seriously,dangerously,terrible,wrong,badly,terribly,bad,dangerous,illegal,crazy,scary,shit,uncomfortable,rounded,awful,missing,unfortunately,fucking,creepy,worst,disgusting,horrible,terrifying
false,disturbing,seriously,dangerously,terrible,wrong,badly,terribly,bad,dangerous,illegal,crazy,scary,shit,uncomfortable,rounded,awful,missing,unfortunately,fucking,creepy,worst,disgusting,horrible,terrifying
false,disturbing,seriously,dangerously,terrible,wrong,badly,terribly,bad,dangerous,illegal,crazy,scary,shit,uncomfortable,rounded,awful,missing,unfortunately,fucking,creepy,worst,disgusting,horrible,terrifying
false,disturbing,seriously,dangerously,terrible,wrong,badly,terribly,bad,dangerous,illegal,crazy,scary,shit,uncomfortable,rounded,awful,missing,unfortunately,fucking,creepy,worst,disgusting,horrible,terrifying
false,disturbing,seriously,dangerously,terrible,wrong,badly,terribly,bad,dangerous,illegal,crazy,scary,shit,uncomfortable,rounded,awful,missing,unfortunately,fucking,creepy,worst,disgusting,horrible,terrifying
false,disturbing,seriously,dangerously,terrible,wrong,badly,terribly,bad,dangerous,illegal,crazy,scary,shit,uncomfortable,rounded,awful,missing,unfortunately,fucking,creepy,worst,disgusting,horrible,terrifying
false,disturbing,seriously,dangerously,terrible,wrong,badly,terribly,bad,dangerous,illegal,crazy,scary,shit,uncomfortable,rounded,awful,missing,unfortunately,fucking,creepy,worst,disgusting,horrible,terrifying
false,disturbing,seriously,dangerously,terrible,wrong,badly,terribly,bad,dangerous,illegal,crazy,scary,shit,uncomfortable,rounded,awful,missing,unfortunately,fucking,creepy,worst,disgusting,horrible,terrifying
false,disturbing,seriously,dangerously,terrible,wrong,badly,terribly,bad,dangerous,illegal,crazy,scary,shit,uncomfortable,rounded,awful,missing,unfortunately,fucking,creepy,worst,disgusting,horrible,terrifying
false,disturbing,seriously,dangerously,terrible,wrong,badly,terribly,bad,dangerous,illegal,crazy,scary,shit,uncomfortable,rounded,awful,missing,unfortunately,fucking,creepy,worst,disgusting,horrible,terrifying
false,disturbing,seriously,dangerously,terrible,wrong,badly,terribly,bad,dangerous,illegal,crazy,scary,shit,uncomfortable,rounded,awful,missing,unfortunately,fucking,creepy,worst,disgusting,horrible,terrifying
false,disturbing,seriously,dangerously,terrible,wrong,badly,terribly,bad,dangerous,illegal,crazy,scary,shit,uncomfortable,rounded,awful,missing,unfortunately,fucking,creepy,worst,disgusting,horrible,terrifying
false,disturbing,seriously,dangerously,terrible,wrong,badly,terribly,bad,dangerous,illegal,crazy,scary,shit,uncomfortable,rounded,awful,missing,unfortunately,fucking,creepy,worst,disgusting,horrible,terrifying
false,disturbing,seriously,dangerously,terrible,wrong,badly,terribly,bad,dangerous,illegal,crazy,scary,shit,uncomfortable,rounded,awful,missing,unfortunately,fucking,creepy,worst,disgusting,horrible,terrifying
false,disturbing,seriously,dangerously,terrible,wrong,badly,terribly,bad,dangerous,illegal,crazy,scary,shit,uncomfortable,rounded,awful,missing,unfortunately,fucking,creepy,worst,disgusting,horrible,terrifying
false,disturbing,seriously,dangerously,terrible,wrong,badly,terribly,bad,dangerous,illegal,crazy,scary,shit,uncomfortable,rounded,awful,missing,unfortunately,fucking,creepy,worst,disgusting,horrible,terrifying
false,disturbing,seriously,dangerously,terrible,wrong,badly,terribly,bad,dangerous,illegal,crazy,scary,shit,uncomfortable,rounded,awful,missing,unfortunately,fucking,creepy,worst,disgusting,horrible,terrifying
false,disturbing,seriously,dangerously,terrible,wrong,badly,terribly,bad,dangerous,illegal,crazy,scary,shit,uncomfortable,rounded,awful,missing,unfortunately,fucking,creepy,worst,disgusting,horrible,terrifying
false,disturbing,seriously,dangerously,terrible,wrong,badly,terribly,bad,dangerous,illegal,crazy,scary,shit,uncomfortable,rounded,awful,missing,unfortunately,fucking,creepy,worst,disgusting,horrible,terrifying
false,disturbing,seriously,dangerously,terrible,wrong,badly,terribly,bad,dangerous,illegal,crazy,scary,shit,uncomfortable,rounded,awful,missing,unfortunately,fucking,creepy,worst,disgusting,horrible,terrifying
false,disturbing,seriously,dangerously,terrible,wrong,badly,terribly,bad,dangerous,illegal,crazy,scary,shit,uncomfortable,rounded,awful,missing,unfortunately,fucking,creepy,worst,disgusting,horrible,terrifying
false,disturbing,seriously,dangerously,terrible,wrong,badly,terribly,bad,dangerous,illegal,crazy,scary,shit,uncomfortable,rounded,awful,missing,unfortunately,fucking,creepy,worst,disgusting,horrible,terrifying
false,disturbing,seriously,dangerously,terrible,wrong,badly,terribly,bad,dangerous,illegal,crazy,scary,shit,uncomfortable,rounded,awful,missing,unfortunately,fucking,creepy,worst,disgusting,horrible,terrifying
false,disturbing,seriously,dangerously,terrible,wrong,badly,terribly,bad,dangerous,illegal,crazy,scary,shit,uncomfortable,rounded,awful,missing,unfortunately,fucking,creepy,worst,disgusting,horrible,terrifying
false,disturbing,seriously,dangerously,terrible,wrong,badly,terribly,bad,dangerous,illegal,crazy,scary,shit,uncomfortable,rounded,awful,missing,unfortunately,fucking,creepy,worst,disgusting,horrible,terrifying
false,disturbing,seriously,dangerously,terrible,wrong,badly,terribly,bad,dangerous,illegal,crazy,scary,shit,uncomfortable,rounded,awful,missing,unfortunately,fucking,creepy,worst,disgusting,horrible,terrifying
false,disturbing,seriously,dangerously,terrible,wrong,badly,terribly,bad,dangerous,illegal,crazy,scary,shit,uncomfortable,rounded,awful,missing,unfortunately,fucking,creepy,worst,disgusting,horrible,terrifying
false,disturbing,seriously,dangerously,terrible,wrong,badly,terribly,bad,dangerous,illegal,crazy,scary,shit,uncomfortable,rounded,awful,missing,unfortunately,fucking,creepy,worst,disgusting,horrible,terrifying
false,disturbing,seriously,dangerously,terrible,wrong,badly,terribly,bad,dangerous,illegal,crazy,scary,shit,uncomfortable,rounded,awful,missing,unfortunately,fucking,creepy,worst,disgusting,horrible,terrifying
false,disturbing,seriously,dangerously,terrible,wrong,badly,terribly,bad,dangerous,illegal,crazy,scary,shit,uncomfortable,rounded,awful,missing,unfortunately,fucking,creepy,worst,disgusting,horrible,terrifying
false,disturbing,seriously,dangerously,terrible,wrong,badly,terribly,bad,dangerous,illegal,crazy,scary,shit,uncomfortable,rounded,awful,missing,unfortunately,fucking,creepy,worst,disgusting,horrible,terrifying
false,disturbing,seriously,dangerously,terrible,wrong,badly,terribly,bad,dangerous,illegal,crazy,scary,shit,uncomfortable,rounded,awful,missing,unfortunately,fucking,creepy,worst,disgusting,horrible,terrifying
false,disturbing,seriously,dangerously,terrible,wrong,badly,terribly,bad,dangerous,illegal,crazy,scary,shit,uncomfortable,rounded,awful,missing,unfortunately,fucking,creepy,worst,disgusting,horrible,terrifying
false,disturbing,seriously,dangerously,terrible,wrong,badly,terribly,bad,dangerous,illegal,crazy,scary,shit,uncomfortable,rounded,awful,missing,unfortunately,fucking,creepy,worst,disgusting,horrible,terrifying
false,disturbing,seriously,dangerously,terrible,wrong,badly,terribly,bad,dangerous,illegal,crazy,scary,shit,uncomfortable,rounded,awful,missing,unfortunately,fucking,creepy,worst,disgusting,horrible,terrifying
false,disturbing,seriously,dangerously,terrible,wrong,badly,terribly,bad,dangerous,illegal,crazy,scary,shit,uncomfortable,rounded,awful,missing,unfortunately,fucking,creepy,worst,disgusting,horrible,terrifying
false,disturbing,seriously,dangerously,terrible,wrong,badly,terribly,bad,dangerous,illegal,crazy,scary,shit,uncomfortable,rounded,awful,missing,unfortunately,fucking,creepy,worst,disgusting,horrible,terrifying
false,disturbing,seriously,dangerously,terrible,wrong,badly,terribly,bad,dangerous,illegal,crazy,scary,shit,uncomfortable,rounded,awful,missing,unfortunately,fucking,creepy,worst,disgusting,horrible,terrifying
false,disturbing,seriously,dangerously,terrible,wrong,badly,terribly,bad,dangerous,illegal,crazy,scary,shit,uncomfortable,rounded,awful,missing,unfortunately,fucking,creepy,worst,disgusting,horrible,terrifying
false,disturbing,seriously,dangerously,terrible,wrong,badly,terribly,bad,dangerous,illegal,crazy,scary,shit,uncomfortable,rounded,awful,missing,unfortunately,fucking,creepy,worst,disgusting,horrible,terrifying
false,disturbing,seriously,dangerously,terrible,wrong,badly,terribly,bad,dangerous,illegal,crazy,scary,shit,uncomfortable,rounded,awful,missing,unfortunately,fucking,creepy,worst,disgusting,horrible,terrifying
false,disturbing,seriously,dangerously,terrible,wrong,badly,terribly,bad,dangerous,illegal,crazy,scary,shit,uncomfortable,rounded,awful,missing,unfortunately,fucking,creepy,worst,disgusting,horrible,terrifying
false,disturbing,seriously,dangerously,terrible,wrong,badly,terribly,bad,dangerous,illegal,crazy,scary,shit,uncomfortable,rounded,awful,missing,unfortunately,fucking,creepy,worst,disgusting,horrible,terrifying
false,disturbing,seriously,dangerously,terrible,wrong,badly,terribly,bad,dangerous,illegal,crazy,scary,shit,uncomfortable,rounded,awful,missing,unfortunately,fucking,creepy,worst,disgusting,horrible,terrifying
false,disturbing,seriously,dangerously,terrible,wrong,badly,terribly,bad,dangerous,illegal,crazy,scary,shit,uncomfortable,rounded,awful,missing,unfortunately,fucking,creepy,worst,disgusting,horrible,terrifying
false,disturbing,seriously,dangerously,terrible,wrong,badly,terribly,bad,dangerous,illegal,crazy,scary,shit,uncomfortable,rounded,awful,missing,unfortunately,fucking,creepy,worst,disgusting,horrible,terrifying
false,disturbing,seriously,dangerously,terrible,wrong,badly,terribly,bad,dangerous,illegal,crazy,scary,shit,uncomfortable,rounded,awful,missing,unfortunately,fucking,creepy,worst,disgusting,horrible,terrifying
false,disturbing,seriously,dangerously,terrible,wrong,badly,terribly,bad,dangerous,illegal,crazy,scary,shit,uncomfortable,rounded,awful,missing,unfortunately,fucking,creepy,worst,disgusting,horrible,terrifying
false,disturbing,seriously,dangerously,terrible,wrong,badly,terribly,bad,dangerous,illegal,crazy,scary,shit,uncomfortable,rounded,awful,missing,unfortunately,fucking,creepy,worst,disgusting,horrible,terrifying
false,disturbing,seriously,dangerously,terrible,wrong,badly,terribly,bad,dangerous,illegal,crazy,scary,shit,uncomfortable,rounded,awful,missing,unfortunately,fucking,creepy,worst,disgusting,horrible,terrifying
false,disturbing,seriously,dangerously,terrible,wrong,badly,terribly,bad,dangerous,illegal,crazy,scary,shit,uncomfortable,rounded,awful,missing,unfortunately,fucking,creepy,worst,disgusting,horrible,terrifying
false,disturbing,seriously,dangerously,terrible,wrong,badly,terribly,bad,dangerous,illegal,crazy,scary,shit,uncomfortable,rounded,awful,missing,unfortunately,fucking,creepy,worst,disgusting,horrible,terrifying
false,disturbing,seriously,dangerously,terrible,wrong,badly,terribly,bad,dangerous,illegal,crazy,scary,shit,uncomfortable,rounded,awful,missing,unfortunately,fucking,creepy,worst,disgusting,horrible,terrifying
false,disturbing,seriously,dangerously,terrible,wrong,badly,terribly,bad,dangerous,illegal,crazy,scary,shit,uncomfortable,rounded,awful,missing,unfortunately,fucking,creepy,worst,disgusting,horrible,terrifying
false,disturbing,seriously,dangerously,terrible,wrong,badly,terribly,bad,dangerous,illegal,crazy,scary,shit,uncomfortable,rounded,awful,missing,unfortunately,fucking,creepy,worst,disgusting,horrible,terrifying
false,disturbing,seriously,dangerously,terrible,wrong,badly,terribly,bad,dangerous,illegal,crazy,scary,shit,uncomfortable,rounded,awful,missing,unfortunately,fucking,creepy,worst,disgusting,horrible,terrifying
false,disturbing,seriously,dangerously,terrible,wrong,badly,terribly,bad,dangerous,illegal,crazy,scary,shit,uncomfortable,rounded,awful,missing,unfortunately,fucking,creepy,worst,disgusting,horrible,terrifying
false,disturbing,seriously,dangerously,terrible,wrong,badly,terribly,bad,dangerous,illegal,crazy,scary,shit,uncomfortable,rounded,awful,missing,unfortunately,fucking,creepy,worst,disgusting,horrible,terrifying
false,disturbing,seriously,dangerously,terrible,wrong,badly,terribly,bad,dangerous,illegal,crazy,scary,shit,uncomfortable,rounded,awful,missing,unfortunately,fucking,creepy,worst,disgusting,horrible,terrifying
false,disturbing,seriously,dangerously,terrible,wrong,badly,terribly,bad,dangerous,illegal,crazy,scary,shit,uncomfortable,rounded,awful,missing,unfortunately,fucking,creepy,worst,disgusting,horrible,terrifying
false,disturbing,seriously,dangerously,terrible,wrong,badly,terribly,bad,dangerous,illegal,crazy,scary,shit,uncomfortable,rounded,awful,missing,unfortunately,fucking,creepy,worst,disgusting,horrible,terrifying
false,disturbing,seriously,dangerously,terrible,wrong,badly,terribly,bad,dangerous,illegal,crazy,scary,shit,uncomfortable,rounded,awful,missing,unfortunately,fucking,creepy,worst,disgusting,horrible,terrifying
false,disturbing,seriously,dangerously,terrible,wrong,badly,terribly,bad,dangerous,illegal,crazy,scary,shit,uncomfortable,rounded,awful,missing,unfortunately,fucking,creepy,worst,disgusting,horrible,terrifying
false,disturbing,seriously,dangerously,terrible,wrong,badly,terribly,bad,dangerous,illegal,crazy,scary,shit,uncomfortable,rounded,awful,missing,unfortunately,fucking,creepy,worst,disgusting,horrible,terrifying
false,disturbing,seriously,dangerously,terrible,wrong,badly,terribly,bad,dangerous,illegal,crazy,scary,shit,uncomfortable,rounded,awful,missing,unfortunately,fucking,creepy,worst,disgusting,horrible,terrifying
false,disturbing,seriously,dangerously,terrible,wrong,badly,terribly,bad,dangerous,illegal,crazy,scary,shit,uncomfortable,rounded,awful,missing,unfortunately,fucking,creepy,worst,disgusting,horrible,terrifying
false,disturbing,seriously,dangerously,terrible,wrong,badly,terribly,bad,dangerous,illegal,crazy,scary,shit,uncomfortable,rounded,awful,missing,unfortunately,fucking,creepy,worst,disgusting,horrible,terrifying
false,disturbing,seriously,dangerously,terrible,wrong,badly,terribly,bad,dangerous,illegal,crazy,scary,shit,uncomfortable,rounded,awful,missing,unfortunately,fucking,creepy,worst,disgusting,horrible,terrifying
false,disturbing,seriously,dangerously,terrible,wrong,badly,terribly,bad,dangerous,illegal,crazy,scary,shit,uncomfortable,rounded,awful,missing,unfortunately,fucking,creepy,worst,disgusting,horrible,terrifying
false,disturbing,seriously,dangerously,terrible,wrong,badly,terribly,bad,dangerous,illegal,crazy,scary,shit,uncomfortable,rounded,awful,missing,unfortunately,fucking,creepy,worst,disgusting,horrible,terrifying
false,disturbing,seriously,dangerously,terrible,wrong,badly,terribly,bad,dangerous,illegal,crazy,scary,shit,uncomfortable,rounded,awful,missing,unfortunately,fucking,creepy,worst,disgusting,horrible,terrifying
false,disturbing,seriously,dangerously,terrible,wrong,badly,terribly,bad,dangerous,illegal,crazy,scary,shit,uncomfortable,rounded,awful,missing,unfortunately,fucking,creepy,worst,disgusting,horrible,terrifying
false,disturbing,seriously,dangerously,terrible,wrong,badly,terribly,bad,dangerous,illegal,crazy,scary,shit,uncomfortable,rounded,awful,missing,unfortunately,fucking,creepy,worst,disgusting,horrible,terrifying
false,disturbing,seriously,dangerously,terrible,wrong,badly,terribly,bad,dangerous,illegal,crazy,scary,shit,uncomfortable,rounded,awful,missing,unfortunately,fucking,creepy,worst,disgusting,horrible,terrifying
false,disturbing,seriously,dangerously,terrible,wrong,badly,terribly,bad,dangerous,illegal,crazy,scary,shit,uncomfortable,rounded,awful,missing,unfortunately,fucking,creepy,worst,disgusting,horrible,terrifying
false,disturbing,seriously,dangerously,terrible,wrong,badly,terribly,bad,dangerous,illegal,crazy,scary,shit,uncomfortable,rounded,awful,missing,unfortunately,fucking,creepy,worst,disgusting,horrible,terrifying
false,disturbing,seriously,dangerously,terrible,wrong,badly,terribly,bad,dangerous,illegal,crazy,scary,shit,uncomfortable,rounded,awful,missing,unfortunately,fucking,creepy,worst,disgusting,horrible,terrifying
false,disturbing,seriously,dangerously,terrible,wrong,badly,terribly,bad,dangerous,illegal,crazy,scary,shit,uncomfortable,rounded,awful,missing,unfortunately,fucking,creepy,worst,disgusting,horrible,terrifying
false,disturbing,seriously,dangerously,terrible,wrong,badly,terribly,bad,dangerous,illegal,crazy,scary,shit,uncomfortable,rounded,awful,missing,unfortunately,fucking,creepy,worst,disgusting,horrible,terrifying
false,disturbing,seriously,dangerously,terrible,wrong,badly,terribly,bad,dangerous,illegal,crazy,scary,shit,uncomfortable,rounded,awful,missing,unfortunately,fucking,creepy,worst,disgusting,horrible,terrifying
false,disturbing,seriously,dangerously,terrible,wrong,badly,terribly,bad,dangerous,illegal,crazy,scary,shit,uncomfortable,rounded,awful,missing,unfortunately,fucking,creepy,worst,disgusting,horrible,terrifying
false,disturbing,seriously,dangerously,terrible,wrong,badly,terribly,bad,dangerous,illegal,crazy,scary,shit,uncomfortable,rounded,awful,missing,unfortunately,fucking,creepy,worst,disgusting,horrible,terrifying
false,disturbing,seriously,dangerously,terrible,wrong,badly,terribly,bad,dangerous,illegal,crazy,scary,shit,uncomfortable,rounded,awful,missing,unfortunately,fucking,creepy,worst,disgusting,horrible,terrifying
false,disturbing,seriously,dangerously,terrible,wrong,badly,terribly,bad,dangerous,illegal,crazy,scary,shit,uncomfortable,rounded,awful,missing,unfortunately,fucking,creepy,worst,disgusting,horrible,terrifying
false,disturbing,seriously,dangerously,terrible,wrong,badly,terribly,bad,dangerous,illegal,crazy,scary,shit,uncomfortable,rounded,awful,missing,unfortunately,fucking,creepy,worst,disgusting,horrible,terrifying
false,disturbing,seriously,dangerously,terrible,wrong,badly,terribly,bad,dangerous,illegal,crazy,scary,shit,uncomfortable,rounded,awful,missing,unfortunately,fucking,creepy,worst,disgusting,horrible,terrifying
false,disturbing,seriously,dangerously,terrible,wrong,badly,terribly,bad,dangerous,illegal,crazy,scary,shit,uncomfortable,rounded,awful,missing,unfortunately,fucking,creepy,worst,disgusting,horrible,terrifying
false,disturbing,seriously,dangerously,terrible,wrong,badly,terribly,bad,dangerous,illegal,crazy,scary,shit,uncomfortable,rounded,awful,missing,unfortunately,fucking,creepy,worst,disgusting,horrible,terrifying
false,disturbing,seriously,dangerously,terrible,wrong,badly,terribly,bad,dangerous,illegal,crazy,scary,shit,uncomfortable,rounded,awful,missing,unfortunately,fucking,creepy,worst,disgusting,horrible,terrifying
false,disturbing,seriously,dangerously,terrible,wrong,badly,terribly,bad,dangerous,illegal,crazy,scary,shit,uncomfortable,rounded,awful,missing,unfortunately,fucking,creepy,worst,disgusting,horrible,terrifying
false,disturbing,seriously,dangerously,terrible,wrong,badly,terribly,bad,dangerous,illegal,crazy,scary,shit,uncomfortable,rounded,awful,missing,unfortunately,fucking,creepy,worst,disgusting,horrible,terrifying
false,disturbing,seriously,dangerously,terrible,wrong,badly,terribly,bad,dangerous,illegal,crazy,scary,shit,uncomfortable,rounded,awful,missing,unfortunately,fucking,creepy,worst,disgusting,horrible,terrifying
false,disturbing,seriously,dangerously,terrible,wrong,badly,terribly,bad,dangerous,illegal,crazy,scary,shit,uncomfortable,rounded,awful,missing,unfortunately,fucking,creepy,worst,disgusting,horrible,terrifying
false,disturbing,seriously,dangerously,terrible,wrong,badly,terribly,bad,dangerous,illegal,crazy,scary,shit,uncomfortable,rounded,awful,missing,unfortunately,fucking,creepy,worst,disgusting,horrible,terrifying
false,disturbing,seriously,dangerously,terrible,wrong,badly,terribly,bad,dangerous,illegal,crazy,scary,shit,uncomfortable,rounded,awful,missing,unfortunately,fucking,creepy,worst,disgusting,horrible,terrifying
false,disturbing,seriously,dangerously,terrible,wrong,badly,terribly,bad,dangerous,illegal,crazy,scary,shit,uncomfortable,rounded,awful,missing,unfortunately,fucking,creepy,worst,disgusting,horrible,terrifying
false,disturbing,seriously,dangerously,terrible,wrong,badly,terribly,bad,dangerous,illegal,crazy,scary,shit,uncomfortable,rounded,awful,missing,unfortunately,fucking,creepy,worst,disgusting,horrible,terrifying
false,disturbing,seriously,dangerously,terrible,wrong,badly,terribly,bad,dangerous,illegal,crazy,scary,shit,uncomfortable,rounded,awful,missing,unfortunately,fucking,creepy,worst,disgusting,horrible,terrifying
false,disturbing,seriously,dangerously,terrible,wrong,badly,terribly,bad,dangerous,illegal,crazy,scary,shit,uncomfortable,rounded,awful,missing,unfortunately,fucking,creepy,worst,disgusting,horrible,terrifying
false,disturbing,seriously,dangerously,terrible,wrong,badly,terribly,bad,dangerous,illegal,crazy,scary,shit,uncomfortable,rounded,awful,missing,unfortunately,fucking,creepy,worst,disgusting,horrible,terrifying
false,disturbing,seriously,dangerously,terrible,wrong,badly,terribly,bad,dangerous,illegal,crazy,scary,shit,uncomfortable,rounded,awful,missing,unfortunately,fucking,creepy,worst,disgusting,horrible,terrifying
false,disturbing,seriously,dangerously,terrible,wrong,badly,terribly,bad,dangerous,illegal,crazy,scary,shit,uncomfortable,rounded,awful,missing,unfortunately,fucking,creepy,worst,disgusting,horrible,terrifying
false,disturbing,seriously,dangerously,terrible,wrong,badly,terribly,bad,dangerous,illegal,crazy,scary,shit,uncomfortable,rounded,awful,missing,unfortunately,fucking,creepy,worst,disgusting,horrible,terrifying
false,disturbing,seriously,dangerously,terrible,wrong,badly,terribly,bad,dangerous,illegal,crazy,scary,shit,uncomfortable,rounded,awful,missing,unfortunately,fucking,creepy,worst,disgusting,horrible,terrifying
false,disturbing,seriously,dangerously,terrible,wrong,badly,terribly,bad,dangerous,illegal,crazy,scary,shit,uncomfortable,rounded,awful,missing,unfortunately,fucking,creepy,worst,disgusting,horrible,terrifying
false,disturbing,seriously,dangerously,terrible,wrong,badly,terribly,bad,dangerous,illegal,crazy,scary,shit,uncomfortable,rounded,awful,missing,unfortunately,fucking,creepy,worst,disgusting,horrible,terrifying
false,disturbing,seriously,dangerously,terrible,wrong,badly,terribly,bad,dangerous,illegal,crazy,scary,shit,uncomfortable,rounded,awful,missing,unfortunately,fucking,creepy,worst,disgusting,horrible,terrifying
false,disturbing,seriously,dangerously,terrible,wrong,badly,terribly,bad,dangerous,illegal,crazy,scary,shit,uncomfortable,rounded,awful,missing,unfortunately,fucking,creepy,worst,disgusting,horrible,terrifying
false,disturbing,seriously,dangerously,terrible,wrong,badly,terribly,bad,dangerous,illegal,crazy,scary,shit,uncomfortable,rounded,awful,missing,unfortunately,fucking,creepy,worst,disgusting,horrible,terrifying
false,disturbing,seriously,dangerously,terrible,wrong,badly,terribly,bad,dangerous,illegal,crazy,scary,shit,uncomfortable,rounded,awful,missing,unfortunately,fucking,creepy,worst,disgusting,horrible,terrifying
false,disturbing,seriously,dangerously,terrible,wrong,badly,terribly,bad,dangerous,illegal,crazy,scary,shit,uncomfortable,rounded,awful,missing,unfortunately,fucking,creepy,worst,disgusting,horrible,terrifying
false,disturbing,seriously,dangerously,terrible,wrong,badly,terribly,bad,dangerous,illegal,crazy,scary,shit,uncomfortable,rounded,awful,missing,unfortunately,fucking,creepy,worst,disgusting,horrible,terrifying
false,disturbing,seriously,dangerously,terrible,wrong,badly,terribly,bad,dangerous,illegal,crazy,scary,shit,uncomfortable,rounded,awful,missing,unfortunately,fucking,creepy,worst,disgusting,horrible,terrifying
false,disturbing,seriously,dangerously,terrible,wrong,badly,terribly,bad,dangerous,illegal,crazy,scary,shit,uncomfortable,rounded,awful,missing,unfortunately,fucking,creepy,worst,disgusting,horrible,terrifying
false,disturbing,seriously,dangerously,terrible,wrong,badly,terribly,bad,dangerous,illegal,crazy,scary,shit,uncomfortable,rounded,awful,missing,unfortunately,fucking,creepy,worst,disgusting,horrible,terrifying
false,disturbing,seriously,dangerously,terrible,wrong,badly,terribly,bad,dangerous,illegal,crazy,scary,shit,uncomfortable,rounded,awful,missing,unfortunately,fucking,creepy,worst,disgusting,horrible,terrifying
false,disturbing,seriously,dangerously,terrible,wrong,badly,terribly,bad,dangerous,illegal,crazy,scary,shit,uncomfortable,rounded,awful,missing,unfortunately,fucking,creepy,worst,disgusting,horrible,terrifying
false,disturbing,seriously,dangerously,terrible,wrong,badly,terribly,bad,dangerous,illegal,crazy,scary,shit,uncomfortable,rounded,awful,missing,unfortunately,fucking,creepy,worst,disgusting,horrible,terrifying
false,disturbing,seriously,dangerously,terrible,wrong,badly,terribly,bad,dangerous,illegal,crazy,scary,shit,uncomfortable,rounded,awful,missing,unfortunately,fucking,creepy,worst,disgusting,horrible,terrifying
false,serious,disturbing,seriously,dangerously,terrible,wrong,terribly,bad,dangerous,illegal,crazy,scary,shit,uncomfortable,rounded,awful,missing,unfortunately,fucking,creepy,worst,disgusting,horrible,terrifying
false,serious,disturbing,seriously,dangerously,terrible,wrong,terribly,bad,dangerous,illegal,crazy,scary,shit,uncomfortable,rounded,awful,missing,unfortunately,fucking,creepy,worst,disgusting,horrible,terrifying
false,serious,disturbing,seriously,dangerously,terrible,wrong,terribly,bad,dangerous,illegal,crazy,scary,shit,uncomfortable,rounded,awful,missing,unfortunately,fucking,creepy,worst,disgusting,horrible,terrifying
false,serious,disturbing,seriously,dangerously,terrible,wrong,terribly,bad,dangerous,illegal,crazy,scary,shit,uncomfortable,rounded,awful,missing,unfortunately,fucking,creepy,worst,disgusting,horrible,terrifying
false,serious,disturbing,seriously,dangerously,terrible,wrong,terribly,bad,dangerous,illegal,crazy,scary,shit,uncomfortable,rounded,awful,missing,unfortunately,fucking,creepy,worst,disgusting,horrible,terrifying
false,serious,disturbing,seriously,dangerously,terrible,wrong,terribly,bad,dangerous,illegal,crazy,scary,shit,uncomfortable,rounded,awful,missing,unfortunately,fucking,creepy,worst,disgusting,horrible,terrifying
false,serious,disturbing,seriously,dangerously,terrible,wrong,terribly,bad,dangerous,illegal,crazy,scary,shit,uncomfortable,rounded,awful,missing,unfortunately,fucking,creepy,worst,disgusting,horrible,terrifying
false,serious,disturbing,seriously,dangerously,terrible,wrong,terribly,bad,dangerous,illegal,crazy,scary,shit,uncomfortable,rounded,awful,missing,unfortunately,fucking,creepy,worst,disgusting,horrible,terrifying
false,serious,disturbing,seriously,dangerously,terrible,wrong,terribly,bad,dangerous,illegal,crazy,scary,shit,uncomfortable,rounded,awful,missing,unfortunately,fucking,creepy,worst,disgusting,horrible,terrifying
false,serious,disturbing,seriously,dangerously,terrible,wrong,terribly,bad,dangerous,illegal,crazy,scary,shit,uncomfortable,rounded,awful,missing,unfortunately,fucking,creepy,worst,disgusting,horrible,terrifying
false,serious,disturbing,seriously,dangerously,terrible,wrong,terribly,bad,dangerous,illegal,crazy,scary,shit,uncomfortable,rounded,awful,missing,unfortunately,fucking,creepy,worst,disgusting,horrible,terrifying
false,serious,disturbing,seriously,dangerously,terrible,wrong,terribly,bad,dangerous,illegal,crazy,scary,shit,uncomfortable,rounded,awful,missing,unfortunately,fucking,creepy,worst,disgusting,horrible,terrifying
false,serious,disturbing,seriously,dangerously,terrible,wrong,terribly,bad,dangerous,illegal,crazy,scary,shit,uncomfortable,rounded,awful,missing,unfortunately,fucking,creepy,worst,disgusting,horrible,terrifying
false,serious,disturbing,seriously,dangerously,terrible,wrong,terribly,bad,dangerous,illegal,crazy,scary,shit,uncomfortable,rounded,awful,missing,unfortunately,fucking,creepy,worst,disgusting,horrible,terrifying
false,serious,disturbing,seriously,dangerously,terrible,wrong,terribly,bad,dangerous,illegal,crazy,scary,shit,uncomfortable,rounded,awful,missing,unfortunately,fucking,creepy,worst,disgusting,horrible,terrifying
false,serious,disturbing,seriously,dangerously,terrible,wrong,terribly,bad,dangerous,illegal,crazy,scary,shit,uncomfortable,rounded,awful,missing,unfortunately,fucking,creepy,worst,disgusting,horrible,terrifying
false,serious,disturbing,seriously,dangerously,terrible,wrong,terribly,bad,dangerous,illegal,crazy,scary,shit,uncomfortable,rounded,awful,missing,unfortunately,fucking,creepy,worst,disgusting,horrible,terrifying
false,serious,disturbing,seriously,dangerously,terrible,wrong,terribly,bad,dangerous,illegal,crazy,scary,shit,uncomfortable,rounded,awful,missing,unfortunately,fucking,creepy,worst,disgusting,horrible,terrifying
false,serious,disturbing,seriously,dangerously,terrible,wrong,terribly,bad,dangerous,illegal,crazy,scary,shit,uncomfortable,rounded,awful,missing,unfortunately,fucking,creepy,worst,disgusting,horrible,terrifying
false,serious,disturbing,seriously,dangerously,terrible,wrong,terribly,bad,dangerous,illegal,crazy,scary,shit,uncomfortable,rounded,awful,missing,unfortunately,fucking,creepy,worst,disgusting,horrible,terrifying
false,serious,disturbing,seriously,dangerously,terrible,wrong,terribly,bad,dangerous,illegal,crazy,scary,shit,uncomfortable,rounded,awful,missing,unfortunately,fucking,creepy,worst,disgusting,horrible,terrifying
false,serious,disturbing,seriously,dangerously,terrible,wrong,terribly,bad,dangerous,illegal,crazy,scary,shit,uncomfortable,rounded,awful,missing,unfortunately,fucking,creepy,worst,disgusting,horrible,terrifying
false,serious,disturbing,seriously,dangerously,terrible,wrong,terribly,bad,dangerous,illegal,crazy,scary,shit,uncomfortable,rounded,awful,missing,unfortunately,fucking,creepy,worst,disgusting,horrible,terrifying
false,serious,disturbing,seriously,dangerously,terrible,wrong,terribly,bad,dangerous,illegal,crazy,scary,shit,uncomfortable,rounded,awful,missing,unfortunately,fucking,creepy,worst,disgusting,horrible,terrifying
false,serious,disturbing,seriously,dangerously,terrible,wrong,terribly,bad,dangerous,illegal,crazy,scary,shit,uncomfortable,rounded,awful,missing,unfortunately,fucking,creepy,worst,disgusting,horrible,terrifying
false,serious,disturbing,seriously,dangerously,terrible,wrong,terribly,bad,dangerous,illegal,crazy,scary,shit,uncomfortable,rounded,awful,missing,unfortunately,fucking,creepy,worst,disgusting,horrible,terrifying
false,serious,disturbing,seriously,dangerously,terrible,wrong,terribly,bad,dangerous,illegal,crazy,scary,shit,uncomfortable,rounded,awful,missing,unfortunately,fucking,creepy,worst,disgusting,horrible,terrifying
false,serious,disturbing,seriously,dangerously,terrible,wrong,terribly,bad,dangerous,illegal,crazy,scary,shit,uncomfortable,rounded,awful,missing,unfortunately,fucking,creepy,worst,disgusting,horrible,terrifying
false,serious,disturbing,seriously,dangerously,terrible,wrong,terribly,bad,dangerous,illegal,crazy,scary,shit,uncomfortable,rounded,awful,missing,unfortunately,fucking,creepy,worst,disgusting,horrible,terrifying
false,serious,disturbing,seriously,dangerously,terrible,wrong,terribly,bad,dangerous,illegal,crazy,scary,shit,uncomfortable,rounded,awful,missing,unfortunately,fucking,creepy,worst,disgusting,horrible,terrifying
false,serious,disturbing,seriously,dangerously,terrible,wrong,terribly,bad,dangerous,illegal,crazy,scary,shit,uncomfortable,rounded,awful,missing,unfortunately,fucking,creepy,worst,disgusting,horrible,terrifying
false,serious,disturbing,seriously,dangerously,terrible,wrong,terribly,bad,dangerous,illegal,crazy,scary,shit,uncomfortable,rounded,awful,missing,unfortunately,fucking,creepy,worst,disgusting,horrible,terrifying
false,serious,disturbing,seriously,dangerously,terrible,wrong,terribly,bad,dangerous,illegal,crazy,scary,shit,uncomfortable,rounded,awful,missing,unfortunately,fucking,creepy,worst,disgusting,horrible,terrifying
false,serious,disturbing,seriously,dangerously,terrible,wrong,terribly,bad,dangerous,illegal,crazy,scary,shit,uncomfortable,rounded,awful,missing,unfortunately,fucking,creepy,worst,disgusting,horrible,terrifying
false,serious,disturbing,seriously,dangerously,terrible,wrong,terribly,bad,dangerous,illegal,crazy,scary,shit,uncomfortable,rounded,awful,missing,unfortunately,fucking,creepy,worst,disgusting,horrible,terrifying
false,serious,disturbing,seriously,dangerously,terrible,wrong,terribly,bad,dangerous,illegal,crazy,scary,shit,uncomfortable,rounded,awful,missing,unfortunately,fucking,creepy,worst,disgusting,horrible,terrifying
false,serious,disturbing,seriously,dangerously,terrible,wrong,terribly,bad,dangerous,illegal,crazy,scary,shit,uncomfortable,rounded,awful,missing,unfortunately,fucking,creepy,worst,disgusting,horrible,terrifying
false,serious,disturbing,seriously,dangerously,terrible,wrong,terribly,bad,dangerous,illegal,crazy,scary,shit,uncomfortable,rounded,awful,missing,unfortunately,fucking,creepy,worst,disgusting,horrible,terrifying
false,serious,disturbing,seriously,dangerously,terrible,wrong,terribly,bad,dangerous,illegal,crazy,scary,shit,uncomfortable,rounded,awful,missing,unfortunately,fucking,creepy,worst,disgusting,horrible,terrifying
false,serious,disturbing,seriously,dangerously,terrible,wrong,terribly,bad,dangerous,illegal,crazy,scary,shit,uncomfortable,rounded,awful,missing,unfortunately,fucking,creepy,worst,disgusting,horrible,terrifying
false,serious,disturbing,seriously,dangerously,terrible,wrong,terribly,bad,dangerous,illegal,crazy,scary,shit,uncomfortable,rounded,awful,missing,unfortunately,fucking,creepy,worst,disgusting,horrible,terrifying
false,serious,disturbing,seriously,dangerously,terrible,wrong,terribly,bad,dangerous,illegal,crazy,scary,shit,uncomfortable,rounded,awful,missing,unfortunately,fucking,creepy,worst,disgusting,horrible,terrifying
false,serious,disturbing,seriously,dangerously,terrible,wrong,terribly,bad,dangerous,illegal,crazy,scary,shit,uncomfortable,rounded,awful,missing,unfortunately,fucking,creepy,worst,disgusting,horrible,terrifying
false,serious,disturbing,seriously,dangerously,terrible,wrong,terribly,bad,dangerous,illegal,crazy,scary,shit,uncomfortable,rounded,awful,missing,unfortunately,fucking,creepy,worst,disgusting,horrible,terrifying
false,serious,disturbing,seriously,dangerously,terrible,wrong,terribly,bad,dangerous,illegal,crazy,scary,shit,uncomfortable,rounded,awful,missing,unfortunately,fucking,creepy,worst,disgusting,horrible,terrifying
false,serious,disturbing,seriously,dangerously,terrible,wrong,terribly,bad,dangerous,illegal,crazy,scary,shit,uncomfortable,rounded,awful,missing,unfortunately,fucking,creepy,worst,disgusting,horrible,terrifying
false,serious,disturbing,seriously,dangerously,terrible,wrong,terribly,bad,dangerous,illegal,crazy,scary,shit,uncomfortable,rounded,awful,missing,unfortunately,fucking,creepy,worst,disgusting,horrible,terrifying
false,serious,disturbing,seriously,dangerously,terrible,wrong,terribly,bad,dangerous,illegal,crazy,scary,shit,uncomfortable,rounded,awful,missing,unfortunately,fucking,creepy,worst,disgusting,horrible,terrifying
false,serious,disturbing,seriously,dangerously,terrible,wrong,terribly,bad,dangerous,illegal,crazy,scary,shit,uncomfortable,rounded,awful,missing,unfortunately,fucking,creepy,worst,disgusting,horrible,terrifying
false,serious,disturbing,seriously,dangerously,terrible,wrong,terribly,bad,dangerous,illegal,crazy,scary,shit,uncomfortable,rounded,awful,missing,unfortunately,fucking,creepy,worst,disgusting,horrible,terrifying
false,serious,disturbing,seriously,dangerously,terrible,wrong,terribly,bad,dangerous,illegal,crazy,scary,shit,uncomfortable,rounded,awful,missing,unfortunately,fucking,creepy,worst,disgusting,horrible,terrifying
false,serious,disturbing,seriously,dangerously,terrible,wrong,terribly,bad,dangerous,illegal,crazy,scary,shit,uncomfortable,rounded,awful,missing,unfortunately,fucking,creepy,worst,disgusting,horrible,terrifying
false,serious,disturbing,seriously,dangerously,terrible,wrong,terribly,bad,dangerous,illegal,crazy,scary,shit,uncomfortable,rounded,awful,missing,unfortunately,fucking,creepy,worst,disgusting,horrible,terrifying
false,serious,disturbing,seriously,dangerously,terrible,wrong,terribly,bad,dangerous,illegal,crazy,scary,shit,uncomfortable,rounded,awful,missing,unfortunately,fucking,creepy,worst,disgusting,horrible,terrifying
false,serious,disturbing,seriously,dangerously,terrible,wrong,terribly,bad,dangerous,illegal,crazy,scary,shit,uncomfortable,rounded,awful,missing,unfortunately,fucking,creepy,worst,disgusting,horrible,terrifying
false,serious,disturbing,seriously,dangerously,terrible,wrong,terribly,bad,dangerous,illegal,crazy,scary,shit,uncomfortable,rounded,awful,missing,unfortunately,fucking,creepy,worst,disgusting,horrible,terrifying
false,serious,disturbing,seriously,dangerously,terrible,wrong,terribly,bad,dangerous,illegal,crazy,scary,shit,uncomfortable,rounded,awful,missing,unfortunately,fucking,creepy,worst,disgusting,horrible,terrifying
false,serious,disturbing,seriously,dangerously,terrible,wrong,terribly,bad,dangerous,illegal,crazy,scary,shit,uncomfortable,rounded,awful,missing,unfortunately,fucking,creepy,worst,disgusting,horrible,terrifying
false,serious,disturbing,seriously,dangerously,terrible,wrong,terribly,bad,dangerous,illegal,crazy,scary,shit,uncomfortable,rounded,awful,missing,unfortunately,fucking,creepy,worst,disgusting,horrible,terrifying
false,serious,disturbing,seriously,dangerously,terrible,wrong,terribly,bad,dangerous,illegal,crazy,scary,shit,uncomfortable,rounded,awful,missing,unfortunately,fucking,creepy,worst,disgusting,horrible,terrifying
false,serious,disturbing,seriously,dangerously,terrible,wrong,terribly,bad,dangerous,illegal,crazy,scary,shit,uncomfortable,rounded,awful,missing,unfortunately,fucking,creepy,worst,disgusting,horrible,terrifying
false,serious,disturbing,seriously,dangerously,terrible,wrong,terribly,bad,dangerous,illegal,crazy,scary,shit,uncomfortable,rounded,awful,missing,unfortunately,fucking,creepy,worst,disgusting,horrible,terrifying
false,serious,disturbing,seriously,dangerously,terrible,wrong,terribly,bad,dangerous,illegal,crazy,scary,shit,uncomfortable,rounded,awful,missing,unfortunately,fucking,creepy,worst,disgusting,horrible,terrifying
false,serious,disturbing,seriously,dangerously,terrible,wrong,terribly,bad,dangerous,illegal,crazy,scary,shit,uncomfortable,rounded,awful,missing,unfortunately,fucking,creepy,worst,disgusting,horrible,terrifying
false,serious,disturbing,seriously,dangerously,terrible,wrong,terribly,bad,dangerous,illegal,crazy,scary,shit,uncomfortable,rounded,awful,missing,unfortunately,fucking,creepy,worst,disgusting,horrible,terrifying
false,serious,disturbing,seriously,dangerously,terrible,wrong,terribly,bad,dangerous,illegal,crazy,scary,shit,uncomfortable,rounded,awful,missing,unfortunately,fucking,creepy,worst,disgusting,horrible,terrifying
false,serious,disturbing,seriously,dangerously,terrible,wrong,terribly,bad,dangerous,illegal,crazy,scary,shit,uncomfortable,rounded,awful,missing,unfortunately,fucking,creepy,worst,disgusting,horrible,terrifying
false,serious,disturbing,seriously,dangerously,terrible,wrong,terribly,bad,dangerous,illegal,crazy,scary,shit,uncomfortable,rounded,awful,missing,unfortunately,fucking,creepy,worst,disgusting,horrible,terrifying
false,serious,disturbing,seriously,dangerously,terrible,wrong,terribly,bad,dangerous,illegal,crazy,scary,shit,uncomfortable,rounded,awful,missing,unfortunately,fucking,creepy,worst,disgusting,horrible,terrifying
false,serious,disturbing,seriously,dangerously,terrible,wrong,terribly,bad,dangerous,illegal,crazy,scary,shit,uncomfortable,rounded,awful,missing,unfortunately,fucking,creepy,worst,disgusting,horrible,terrifying
false,serious,disturbing,seriously,dangerously,terrible,wrong,terribly,bad,dangerous,illegal,crazy,scary,shit,uncomfortable,rounded,awful,missing,unfortunately,fucking,creepy,worst,disgusting,horrible,terrifying
false,serious,disturbing,seriously,dangerously,terrible,wrong,terribly,bad,dangerous,illegal,crazy,scary,shit,uncomfortable,rounded,awful,missing,unfortunately,fucking,creepy,worst,disgusting,horrible,terrifying
false,serious,disturbing,seriously,dangerously,terrible,wrong,terribly,bad,dangerous,illegal,crazy,scary,shit,uncomfortable,rounded,awful,missing,unfortunately,fucking,creepy,worst,disgusting,horrible,terrifying
false,serious,disturbing,seriously,dangerously,terrible,wrong,terribly,bad,dangerous,illegal,crazy,scary,shit,uncomfortable,rounded,awful,missing,unfortunately,fucking,creepy,worst,disgusting,horrible,terrifying
false,serious,disturbing,seriously,dangerously,terrible,wrong,terribly,bad,dangerous,illegal,crazy,scary,shit,uncomfortable,rounded,awful,missing,unfortunately,fucking,creepy,worst,disgusting,horrible,terrifying
false,serious,disturbing,seriously,dangerously,terrible,wrong,terribly,bad,dangerous,illegal,crazy,scary,shit,uncomfortable,rounded,awful,missing,unfortunately,fucking,creepy,worst,disgusting,horrible,terrifying
false,serious,disturbing,seriously,dangerously,terrible,wrong,terribly,bad,dangerous,illegal,crazy,scary,shit,uncomfortable,rounded,awful,missing,unfortunately,fucking,creepy,worst,disgusting,horrible,terrifying
false,serious,disturbing,seriously,dangerously,terrible,wrong,terribly,bad,dangerous,illegal,crazy,scary,shit,uncomfortable,rounded,awful,missing,unfortunately,fucking,creepy,worst,disgusting,horrible,terrifying
false,serious,disturbing,seriously,dangerously,terrible,wrong,terribly,bad,dangerous,illegal,crazy,scary,shit,uncomfortable,rounded,awful,missing,unfortunately,fucking,creepy,worst,disgusting,horrible,terrifying
false,serious,disturbing,seriously,dangerously,terrible,wrong,terribly,bad,dangerous,illegal,crazy,scary,shit,uncomfortable,rounded,awful,missing,unfortunately,fucking,creepy,worst,disgusting,horrible,terrifying
false,serious,disturbing,seriously,dangerously,terrible,wrong,terribly,bad,dangerous,illegal,crazy,scary,shit,uncomfortable,rounded,awful,missing,unfortunately,fucking,creepy,worst,disgusting,horrible,terrifying
false,serious,disturbing,seriously,dangerously,terrible,wrong,terribly,bad,dangerous,illegal,crazy,scary,shit,uncomfortable,rounded,awful,missing,unfortunately,fucking,creepy,worst,disgusting,horrible,terrifying
false,serious,disturbing,seriously,dangerously,terrible,wrong,terribly,bad,dangerous,illegal,crazy,scary,shit,uncomfortable,rounded,awful,missing,unfortunately,fucking,creepy,worst,disgusting,horrible,terrifying
false,serious,disturbing,seriously,dangerously,terrible,wrong,terribly,bad,dangerous,illegal,crazy,scary,shit,uncomfortable,rounded,awful,missing,unfortunately,fucking,creepy,worst,disgusting,horrible,terrifying
false,serious,disturbing,seriously,dangerously,terrible,wrong,terribly,bad,dangerous,illegal,crazy,scary,shit,uncomfortable,rounded,awful,missing,unfortunately,fucking,creepy,worst,disgusting,horrible,terrifying
false,serious,disturbing,seriously,dangerously,terrible,wrong,terribly,bad,dangerous,illegal,crazy,scary,shit,uncomfortable,rounded,awful,missing,unfortunately,fucking,creepy,worst,disgusting,horrible,terrifying
false,serious,disturbing,seriously,dangerously,terrible,wrong,terribly,bad,dangerous,illegal,crazy,scary,shit,uncomfortable,rounded,awful,missing,unfortunately,fucking,creepy,worst,disgusting,horrible,terrifying
false,serious,disturbing,seriously,dangerously,terrible,wrong,terribly,bad,dangerous,illegal,crazy,scary,shit,uncomfortable,rounded,awful,missing,unfortunately,fucking,creepy,worst,disgusting,horrible,terrifying
false,serious,disturbing,seriously,dangerously,terrible,wrong,terribly,bad,dangerous,illegal,crazy,scary,shit,uncomfortable,rounded,awful,missing,unfortunately,fucking,creepy,worst,disgusting,horrible,terrifying
false,serious,disturbing,seriously,dangerously,terrible,wrong,terribly,bad,dangerous,illegal,crazy,scary,shit,uncomfortable,rounded,awful,missing,unfortunately,fucking,creepy,worst,disgusting,horrible,terrifying
false,serious,disturbing,seriously,dangerously,terrible,wrong,terribly,bad,dangerous,illegal,crazy,scary,shit,uncomfortable,rounded,awful,missing,unfortunately,fucking,creepy,worst,disgusting,horrible,terrifying
false,serious,disturbing,seriously,dangerously,terrible,wrong,terribly,bad,dangerous,illegal,crazy,scary,shit,uncomfortable,rounded,awful,missing,unfortunately,fucking,creepy,worst,disgusting,horrible,terrifying
false,serious,disturbing,seriously,dangerously,terrible,wrong,terribly,bad,dangerous,illegal,crazy,scary,shit,uncomfortable,rounded,awful,missing,unfortunately,fucking,creepy,worst,disgusting,horrible,terrifying
false,serious,disturbing,seriously,dangerously,terrible,wrong,terribly,bad,dangerous,illegal,crazy,scary,shit,uncomfortable,rounded,awful,missing,unfortunately,fucking,creepy,worst,disgusting,horrible,terrifying
false,serious,disturbing,seriously,dangerously,terrible,wrong,terribly,bad,dangerous,illegal,crazy,scary,shit,uncomfortable,rounded,awful,missing,unfortunately,fucking,creepy,worst,disgusting,horrible,terrifying
false,serious,disturbing,seriously,dangerously,terrible,wrong,terribly,bad,dangerous,illegal,crazy,scary,shit,uncomfortable,rounded,awful,missing,unfortunately,fucking,creepy,worst,disgusting,horrible,terrifying
false,serious,disturbing,seriously,dangerously,terrible,wrong,terribly,bad,dangerous,illegal,crazy,scary,shit,uncomfortable,rounded,awful,missing,unfortunately,fucking,creepy,worst,disgusting,horrible,terrifying
false,serious,disturbing,seriously,dangerously,terrible,wrong,terribly,bad,dangerous,illegal,crazy,scary,shit,uncomfortable,rounded,awful,missing,unfortunately,fucking,creepy,worst,disgusting,horrible,terrifying
false,serious,disturbing,seriously,dangerously,terrible,wrong,terribly,bad,dangerous,illegal,crazy,scary,shit,uncomfortable,rounded,awful,missing,unfortunately,fucking,creepy,worst,disgusting,horrible,terrifying
false,serious,disturbing,seriously,dangerously,terrible,wrong,terribly,bad,dangerous,illegal,crazy,scary,shit,uncomfortable,rounded,awful,missing,unfortunately,fucking,creepy,worst,disgusting,horrible,terrifying
false,serious,disturbing,seriously,dangerously,terrible,wrong,terribly,bad,dangerous,illegal,crazy,scary,shit,uncomfortable,rounded,awful,missing,unfortunately,fucking,creepy,worst,disgusting,horrible,terrifying
false,serious,disturbing,seriously,dangerously,terrible,wrong,terribly,bad,dangerous,illegal,crazy,scary,shit,uncomfortable,rounded,awful,missing,unfortunately,fucking,creepy,worst,disgusting,horrible,terrifying
false,serious,disturbing,seriously,dangerously,terrible,wrong,terribly,bad,dangerous,illegal,crazy,scary,shit,uncomfortable,rounded,awful,missing,unfortunately,fucking,creepy,worst,disgusting,horrible,terrifying
false,serious,disturbing,seriously,dangerously,terrible,wrong,terribly,bad,dangerous,illegal,crazy,scary,shit,uncomfortable,rounded,awful,missing,unfortunately,fucking,creepy,worst,disgusting,horrible,terrifying
false,serious,disturbing,seriously,dangerously,terrible,wrong,terribly,bad,dangerous,illegal,crazy,scary,shit,uncomfortable,rounded,awful,missing,unfortunately,fucking,creepy,worst,disgusting,horrible,terrifying
false,serious,disturbing,seriously,dangerously,terrible,wrong,terribly,bad,dangerous,illegal,crazy,scary,shit,uncomfortable,rounded,awful,missing,unfortunately,fucking,creepy,worst,disgusting,horrible,terrifying
false,serious,disturbing,seriously,dangerously,terrible,wrong,terribly,bad,dangerous,illegal,crazy,scary,shit,uncomfortable,rounded,awful,missing,unfortunately,fucking,creepy,worst,disgusting,horrible,terrifying
false,serious,disturbing,seriously,dangerously,terrible,wrong,terribly,bad,dangerous,illegal,crazy,scary,shit,uncomfortable,rounded,awful,missing,unfortunately,fucking,creepy,worst,disgusting,horrible,terrifying
false,serious,disturbing,seriously,dangerously,terrible,wrong,terribly,bad,dangerous,illegal,crazy,scary,shit,uncomfortable,rounded,awful,missing,unfortunately,fucking,creepy,worst,disgusting,horrible,terrifying
false,serious,disturbing,seriously,dangerously,terrible,wrong,terribly,bad,dangerous,illegal,crazy,scary,shit,uncomfortable,rounded,awful,missing,unfortunately,fucking,creepy,worst,disgusting,horrible,terrifying
false,serious,disturbing,seriously,dangerously,terrible,wrong,terribly,bad,dangerous,illegal,crazy,scary,shit,uncomfortable,rounded,awful,missing,unfortunately,fucking,creepy,worst,disgusting,horrible,terrifying
false,serious,disturbing,seriously,dangerously,terrible,wrong,terribly,bad,dangerous,illegal,crazy,scary,shit,uncomfortable,rounded,awful,missing,unfortunately,fucking,creepy,worst,disgusting,horrible,terrifying
false,serious,disturbing,seriously,dangerously,terrible,wrong,terribly,bad,dangerous,illegal,crazy,scary,shit,uncomfortable,rounded,awful,missing,unfortunately,fucking,creepy,worst,disgusting,horrible,terrifying
false,serious,disturbing,seriously,dangerously,terrible,wrong,terribly,bad,dangerous,illegal,crazy,scary,shit,uncomfortable,rounded,awful,missing,unfortunately,fucking,creepy,worst,disgusting,horrible,terrifying
false,serious,disturbing,seriously,dangerously,terrible,wrong,terribly,bad,dangerous,illegal,crazy,scary,shit,uncomfortable,rounded,awful,missing,unfortunately,fucking,creepy,worst,disgusting,horrible,terrifying
false,serious,disturbing,seriously,dangerously,terrible,wrong,terribly,bad,dangerous,illegal,crazy,scary,shit,uncomfortable,rounded,awful,missing,unfortunately,fucking,creepy,worst,disgusting,horrible,terrifying
false,serious,disturbing,seriously,dangerously,terrible,wrong,terribly,bad,dangerous,illegal,crazy,scary,shit,uncomfortable,rounded,awful,missing,unfortunately,fucking,creepy,worst,disgusting,horrible,terrifying
false,serious,disturbing,seriously,dangerously,terrible,wrong,terribly,bad,dangerous,illegal,crazy,scary,shit,uncomfortable,rounded,awful,missing,unfortunately,fucking,creepy,worst,disgusting,horrible,terrifying
false,serious,disturbing,seriously,dangerously,terrible,wrong,terribly,bad,dangerous,illegal,crazy,scary,shit,uncomfortable,rounded,awful,missing,unfortunately,fucking,creepy,worst,disgusting,horrible,terrifying
false,serious,disturbing,seriously,dangerously,terrible,wrong,terribly,bad,dangerous,illegal,crazy,scary,shit,uncomfortable,rounded,awful,missing,unfortunately,fucking,creepy,worst,disgusting,horrible,terrifying
false,serious,disturbing,seriously,dangerously,terrible,wrong,terribly,bad,dangerous,illegal,crazy,scary,shit,uncomfortable,rounded,awful,missing,unfortunately,fucking,creepy,worst,disgusting,horrible,terrifying
false,serious,disturbing,seriously,dangerously,terrible,wrong,terribly,bad,dangerous,illegal,crazy,scary,shit,uncomfortable,rounded,awful,missing,unfortunately,fucking,creepy,worst,disgusting,horrible,terrifying
false,serious,disturbing,seriously,dangerously,terrible,wrong,terribly,bad,dangerous,illegal,crazy,scary,shit,uncomfortable,rounded,awful,missing,unfortunately,fucking,creepy,worst,disgusting,horrible,terrifying
false,serious,disturbing,seriously,dangerously,terrible,wrong,terribly,bad,dangerous,illegal,crazy,scary,shit,uncomfortable,rounded,awful,missing,unfortunately,fucking,creepy,worst,disgusting,horrible,terrifying
false,serious,disturbing,seriously,dangerously,terrible,wrong,terribly,bad,dangerous,illegal,crazy,scary,shit,uncomfortable,rounded,awful,missing,unfortunately,fucking,creepy,worst,disgusting,horrible,terrifying
false,serious,disturbing,seriously,dangerously,terrible,wrong,terribly,bad,dangerous,illegal,crazy,scary,shit,uncomfortable,rounded,awful,missing,unfortunately,fucking,creepy,worst,disgusting,horrible,terrifying
false,serious,disturbing,seriously,dangerously,terrible,wrong,terribly,bad,dangerous,illegal,crazy,scary,shit,uncomfortable,rounded,awful,missing,unfortunately,fucking,creepy,worst,disgusting,horrible,terrifying
false,serious,disturbing,seriously,dangerously,terrible,wrong,terribly,bad,dangerous,illegal,crazy,scary,shit,uncomfortable,rounded,awful,missing,unfortunately,fucking,creepy,worst,disgusting,horrible,terrifying
false,serious,disturbing,seriously,dangerously,terrible,wrong,terribly,bad,dangerous,illegal,crazy,scary,shit,uncomfortable,rounded,awful,missing,unfortunately,fucking,creepy,worst,disgusting,horrible,terrifying
false,serious,disturbing,seriously,dangerously,terrible,wrong,terribly,bad,dangerous,illegal,crazy,scary,shit,uncomfortable,rounded,awful,missing,unfortunately,fucking,creepy,worst,disgusting,horrible,terrifying
false,serious,disturbing,seriously,dangerously,terrible,wrong,terribly,bad,dangerous,illegal,crazy,scary,shit,uncomfortable,rounded,awful,missing,unfortunately,fucking,creepy,worst,disgusting,horrible,terrifying
false,serious,disturbing,seriously,dangerously,terrible,wrong,terribly,bad,dangerous,illegal,crazy,scary,shit,uncomfortable,rounded,awful,missing,unfortunately,fucking,creepy,worst,disgusting,horrible,terrifying
false,serious,disturbing,seriously,dangerously,terrible,wrong,terribly,bad,dangerous,illegal,crazy,scary,shit,uncomfortable,rounded,awful,missing,unfortunately,fucking,creepy,worst,disgusting,horrible,terrifying
false,serious,disturbing,seriously,dangerously,terrible,wrong,terribly,bad,dangerous,illegal,crazy,scary,shit,uncomfortable,rounded,awful,missing,unfortunately,fucking,creepy,worst,disgusting,horrible,terrifying
false,serious,disturbing,seriously,dangerously,terrible,wrong,terribly,bad,dangerous,illegal,crazy,scary,shit,uncomfortable,rounded,awful,missing,unfortunately,fucking,creepy,worst,disgusting,horrible,terrifying
false,serious,disturbing,seriously,dangerously,terrible,wrong,terribly,bad,dangerous,illegal,crazy,scary,shit,uncomfortable,rounded,awful,missing,unfortunately,fucking,creepy,worst,disgusting,horrible,terrifying
false,serious,disturbing,seriously,dangerously,terrible,wrong,terribly,bad,dangerous,illegal,crazy,scary,shit,uncomfortable,rounded,awful,missing,unfortunately,fucking,creepy,worst,disgusting,horrible,terrifying
false,serious,disturbing,seriously,dangerously,terrible,wrong,terribly,bad,dangerous,illegal,crazy,scary,shit,uncomfortable,rounded,awful,missing,unfortunately,fucking,creepy,worst,disgusting,horrible,terrifying
false,serious,disturbing,seriously,dangerously,terrible,wrong,terribly,bad,dangerous,illegal,crazy,scary,shit,uncomfortable,rounded,awful,missing,unfortunately,fucking,creepy,worst,disgusting,horrible,terrifying
false,serious,disturbing,seriously,dangerously,terrible,wrong,terribly,bad,dangerous,illegal,crazy,scary,shit,uncomfortable,rounded,awful,missing,unfortunately,fucking,creepy,worst,disgusting,horrible,terrifying
false,serious,disturbing,seriously,dangerously,terrible,wrong,terribly,bad,dangerous,illegal,crazy,scary,shit,uncomfortable,rounded,awful,missing,unfortunately,fucking,creepy,worst,disgusting,horrible,terrifying
false,serious,disturbing,seriously,dangerously,terrible,wrong,terribly,bad,dangerous,illegal,crazy,scary,shit,uncomfortable,rounded,awful,missing,unfortunately,fucking,creepy,worst,disgusting,horrible,terrifying
false,serious,disturbing,seriously,dangerously,terrible,wrong,terribly,bad,dangerous,illegal,crazy,scary,shit,uncomfortable,rounded,awful,missing,unfortunately,fucking,creepy,worst,disgusting,horrible,terrifying
false,serious,disturbing,seriously,dangerously,terrible,wrong,terribly,bad,dangerous,illegal,crazy,scary,shit,uncomfortable,rounded,awful,missing,unfortunately,fucking,creepy,worst,disgusting,horrible,terrifying
false,serious,disturbing,seriously,dangerously,terrible,wrong,terribly,bad,dangerous,illegal,crazy,scary,shit,uncomfortable,rounded,awful,missing,unfortunately,fucking,creepy,worst,disgusting,horrible,terrifying
false,serious,disturbing,seriously,dangerously,terrible,wrong,terribly,bad,dangerous,illegal,crazy,scary,shit,uncomfortable,rounded,awful,missing,unfortunately,fucking,creepy,worst,disgusting,horrible,terrifying
false,serious,disturbing,seriously,dangerously,terrible,wrong,terribly,bad,dangerous,illegal,crazy,scary,shit,uncomfortable,rounded,awful,missing,unfortunately,fucking,creepy,worst,disgusting,horrible,terrifying
false,serious,disturbing,seriously,dangerously,terrible,wrong,terribly,bad,dangerous,illegal,crazy,scary,shit,uncomfortable,rounded,awful,missing,unfortunately,fucking,creepy,worst,disgusting,horrible,terrifying
false,serious,disturbing,seriously,dangerously,terrible,wrong,terribly,bad,dangerous,illegal,crazy,scary,shit,uncomfortable,rounded,awful,missing,unfortunately,fucking,creepy,worst,disgusting,horrible,terrifying
false,serious,disturbing,seriously,dangerously,terrible,wrong,terribly,bad,dangerous,illegal,crazy,scary,shit,uncomfortable,rounded,awful,missing,unfortunately,fucking,creepy,worst,disgusting,horrible,terrifying
false,serious,disturbing,seriously,dangerously,terrible,wrong,terribly,bad,dangerous,illegal,crazy,scary,shit,uncomfortable,rounded,awful,missing,unfortunately,fucking,creepy,worst,disgusting,horrible,terrifying
false,serious,disturbing,seriously,dangerously,terrible,wrong,terribly,bad,dangerous,illegal,crazy,scary,shit,uncomfortable,rounded,awful,missing,unfortunately,fucking,creepy,worst,disgusting,horrible,terrifying
false,serious,disturbing,seriously,dangerously,terrible,wrong,terribly,bad,dangerous,illegal,crazy,scary,shit,uncomfortable,rounded,awful,missing,unfortunately,fucking,creepy,worst,disgusting,horrible,terrifying
false,serious,disturbing,seriously,dangerously,terrible,wrong,terribly,bad,dangerous,illegal,crazy,scary,shit,uncomfortable,rounded,awful,missing,unfortunately,fucking,creepy,worst,disgusting,horrible,terrifying
false,serious,disturbing,seriously,dangerously,terrible,wrong,terribly,bad,dangerous,illegal,crazy,scary,shit,uncomfortable,rounded,awful,missing,unfortunately,fucking,creepy,worst,disgusting,horrible,terrifying
false,serious,disturbing,seriously,dangerously,terrible,wrong,terribly,bad,dangerous,illegal,crazy,scary,shit,uncomfortable,rounded,awful,missing,unfortunately,fucking,creepy,worst,disgusting,horrible,terrifying
false,serious,disturbing,seriously,dangerously,terrible,wrong,terribly,bad,dangerous,illegal,crazy,scary,shit,uncomfortable,rounded,awful,missing,unfortunately,fucking,creepy,worst,disgusting,horrible,terrifying
false,serious,disturbing,seriously,dangerously,terrible,wrong,terribly,bad,dangerous,illegal,crazy,scary,shit,uncomfortable,rounded,awful,missing,unfortunately,fucking,creepy,worst,disgusting,horrible,terrifying
false,serious,disturbing,seriously,dangerously,terrible,wrong,terribly,bad,dangerous,illegal,crazy,scary,shit,uncomfortable,rounded,awful,missing,unfortunately,fucking,creepy,worst,disgusting,horrible,terrifying
false,serious,disturbing,seriously,dangerously,terrible,wrong,terribly,bad,dangerous,illegal,crazy,scary,shit,uncomfortable,rounded,awful,missing,unfortunately,fucking,creepy,worst,disgusting,horrible,terrifying
false,serious,disturbing,seriously,dangerously,terrible,wrong,terribly,bad,dangerous,illegal,crazy,scary,shit,uncomfortable,rounded,awful,missing,unfortunately,fucking,creepy,worst,disgusting,horrible,terrifying
false,serious,disturbing,seriously,dangerously,terrible,wrong,terribly,bad,dangerous,illegal,crazy,scary,shit,uncomfortable,rounded,awful,missing,unfortunately,fucking,creepy,worst,disgusting,horrible,terrifying
false,serious,disturbing,seriously,dangerously,terrible,wrong,terribly,bad,dangerous,illegal,crazy,scary,shit,uncomfortable,rounded,awful,missing,unfortunately,fucking,creepy,worst,disgusting,horrible,terrifying
false,serious,disturbing,seriously,dangerously,terrible,wrong,terribly,bad,dangerous,illegal,crazy,scary,shit,uncomfortable,rounded,awful,missing,unfortunately,fucking,creepy,worst,disgusting,horrible,terrifying
false,serious,disturbing,seriously,dangerously,terrible,wrong,terribly,bad,dangerous,illegal,crazy,scary,shit,uncomfortable,rounded,awful,missing,unfortunately,fucking,creepy,worst,disgusting,horrible,terrifying
false,serious,disturbing,seriously,dangerously,terrible,wrong,terribly,bad,dangerous,illegal,crazy,scary,shit,uncomfortable,rounded,awful,missing,unfortunately,fucking,creepy,worst,disgusting,horrible,terrifying
false,serious,disturbing,seriously,dangerously,terrible,wrong,terribly,bad,dangerous,illegal,crazy,scary,shit,uncomfortable,rounded,awful,missing,unfortunately,fucking,creepy,worst,disgusting,horrible,terrifying
false,serious,disturbing,seriously,dangerously,terrible,wrong,terribly,bad,dangerous,illegal,crazy,scary,shit,uncomfortable,rounded,awful,missing,unfortunately,fucking,creepy,worst,disgusting,horrible,terrifying
false,serious,disturbing,seriously,dangerously,terrible,wrong,terribly,bad,dangerous,illegal,crazy,scary,shit,uncomfortable,rounded,awful,missing,unfortunately,fucking,creepy,worst,disgusting,horrible,terrifying
false,serious,disturbing,seriously,dangerously,terrible,wrong,terribly,bad,dangerous,illegal,crazy,scary,shit,uncomfortable,rounded,awful,missing,unfortunately,fucking,creepy,worst,disgusting,horrible,terrifying
false,serious,disturbing,seriously,dangerously,terrible,wrong,terribly,bad,dangerous,illegal,crazy,scary,shit,uncomfortable,rounded,awful,missing,unfortunately,fucking,creepy,worst,disgusting,horrible,terrifying
false,serious,disturbing,seriously,dangerously,terrible,wrong,terribly,bad,dangerous,illegal,crazy,scary,shit,uncomfortable,rounded,awful,missing,unfortunately,fucking,creepy,worst,disgusting,horrible,terrifying
false,serious,disturbing,seriously,dangerously,terrible,wrong,terribly,bad,dangerous,illegal,crazy,scary,shit,uncomfortable,rounded,awful,missing,unfortunately,fucking,creepy,worst,disgusting,horrible,terrifying
false,serious,disturbing,seriously,dangerously,terrible,wrong,terribly,bad,dangerous,illegal,crazy,scary,shit,uncomfortable,rounded,awful,missing,unfortunately,fucking,creepy,worst,disgusting,horrible,terrifying
false,serious,disturbing,seriously,dangerously,terrible,wrong,terribly,bad,dangerous,illegal,crazy,scary,shit,uncomfortable,rounded,awful,missing,unfortunately,fucking,creepy,worst,disgusting,horrible,terrifying
false,serious,disturbing,seriously,dangerously,terrible,wrong,terribly,bad,dangerous,illegal,crazy,scary,shit,uncomfortable,rounded,awful,missing,unfortunately,fucking,creepy,worst,disgusting,horrible,terrifying
false,serious,disturbing,seriously,dangerously,terrible,wrong,terribly,bad,dangerous,illegal,crazy,scary,shit,uncomfortable,rounded,awful,missing,unfortunately,fucking,creepy,worst,disgusting,horrible,terrifying
false,serious,disturbing,seriously,dangerously,terrible,wrong,terribly,bad,dangerous,illegal,crazy,scary,shit,uncomfortable,rounded,awful,missing,unfortunately,fucking,creepy,worst,disgusting,horrible,terrifying
false,serious,disturbing,seriously,dangerously,terrible,wrong,terribly,bad,dangerous,illegal,crazy,scary,shit,uncomfortable,rounded,awful,missing,unfortunately,fucking,creepy,worst,disgusting,horrible,terrifying
false,serious,disturbing,seriously,dangerously,terrible,wrong,terribly,bad,dangerous,illegal,crazy,scary,shit,uncomfortable,rounded,awful,missing,unfortunately,fucking,creepy,worst,disgusting,horrible,terrifying
false,serious,disturbing,seriously,dangerously,terrible,wrong,terribly,bad,dangerous,illegal,crazy,scary,shit,uncomfortable,rounded,awful,missing,unfortunately,fucking,creepy,worst,disgusting,horrible,terrifying
false,serious,disturbing,seriously,dangerously,terrible,wrong,terribly,bad,dangerous,illegal,crazy,scary,shit,uncomfortable,rounded,awful,missing,unfortunately,fucking,creepy,worst,disgusting,horrible,terrifying
false,serious,disturbing,seriously,dangerously,terrible,wrong,terribly,bad,dangerous,illegal,crazy,scary,shit,uncomfortable,rounded,awful,missing,unfortunately,fucking,creepy,worst,disgusting,horrible,terrifying
false,serious,disturbing,seriously,dangerously,terrible,wrong,terribly,bad,dangerous,illegal,crazy,scary,shit,uncomfortable,rounded,awful,missing,unfortunately,fucking,creepy,worst,disgusting,horrible,terrifying
false,serious,disturbing,seriously,dangerously,terrible,wrong,terribly,bad,dangerous,illegal,crazy,scary,shit,uncomfortable,rounded,awful,missing,unfortunately,fucking,creepy,worst,disgusting,horrible,terrifying
false,serious,disturbing,seriously,dangerously,terrible,wrong,terribly,bad,dangerous,illegal,crazy,scary,shit,uncomfortable,rounded,awful,missing,unfortunately,fucking,creepy,worst,disgusting,horrible,terrifying
false,serious,disturbing,seriously,dangerously,terrible,wrong,terribly,bad,dangerous,illegal,crazy,scary,shit,uncomfortable,rounded,awful,missing,unfortunately,fucking,creepy,worst,disgusting,horrible,terrifying
false,serious,disturbing,seriously,dangerously,terrible,wrong,terribly,bad,dangerous,illegal,crazy,scary,shit,uncomfortable,rounded,awful,missing,unfortunately,fucking,creepy,worst,disgusting,horrible,terrifying
false,serious,disturbing,seriously,dangerously,terrible,wrong,terribly,bad,dangerous,illegal,crazy,scary,shit,uncomfortable,rounded,awful,missing,unfortunately,fucking,creepy,worst,disgusting,horrible,terrifying
false,serious,disturbing,seriously,dangerously,terrible,wrong,terribly,bad,dangerous,illegal,crazy,scary,shit,uncomfortable,rounded,awful,missing,unfortunately,fucking,creepy,worst,disgusting,horrible,terrifying
false,serious,disturbing,seriously,dangerously,terrible,wrong,terribly,bad,dangerous,illegal,crazy,scary,shit,uncomfortable,rounded,awful,missing,unfortunately,fucking,creepy,worst,disgusting,horrible,terrifying
false,serious,disturbing,seriously,dangerously,terrible,wrong,terribly,bad,dangerous,illegal,crazy,scary,shit,uncomfortable,rounded,awful,missing,unfortunately,fucking,creepy,worst,disgusting,horrible,terrifying
false,serious,disturbing,seriously,dangerously,terrible,wrong,terribly,bad,dangerous,illegal,crazy,scary,shit,uncomfortable,rounded,awful,missing,unfortunately,fucking,creepy,worst,disgusting,horrible,terrifying
false,serious,disturbing,seriously,dangerously,terrible,wrong,terribly,bad,dangerous,illegal,crazy,scary,shit,uncomfortable,rounded,awful,missing,unfortunately,fucking,creepy,worst,disgusting,horrible,terrifying
false,serious,disturbing,seriously,dangerously,terrible,wrong,terribly,bad,dangerous,illegal,crazy,scary,shit,uncomfortable,rounded,awful,missing,unfortunately,fucking,creepy,worst,disgusting,horrible,terrifying
false,serious,disturbing,seriously,dangerously,terrible,wrong,terribly,bad,dangerous,illegal,crazy,scary,shit,uncomfortable,rounded,awful,missing,unfortunately,fucking,creepy,worst,disgusting,horrible,terrifying
false,serious,disturbing,seriously,dangerously,terrible,wrong,terribly,bad,dangerous,illegal,crazy,scary,shit,uncomfortable,rounded,awful,missing,unfortunately,fucking,creepy,worst,disgusting,horrible,terrifying
false,serious,disturbing,seriously,dangerously,terrible,wrong,terribly,bad,dangerous,illegal,crazy,scary,shit,uncomfortable,rounded,awful,missing,unfortunately,fucking,creepy,worst,disgusting,horrible,terrifying
false,serious,disturbing,seriously,dangerously,terrible,wrong,terribly,bad,dangerous,illegal,crazy,scary,shit,uncomfortable,rounded,awful,missing,unfortunately,fucking,creepy,worst,disgusting,horrible,terrifying
false,serious,disturbing,seriously,dangerously,terrible,wrong,terribly,bad,dangerous,illegal,crazy,scary,shit,uncomfortable,rounded,awful,missing,unfortunately,fucking,creepy,worst,disgusting,horrible,terrifying
false,serious,disturbing,seriously,dangerously,terrible,wrong,terribly,bad,dangerous,illegal,crazy,scary,shit,uncomfortable,rounded,awful,missing,unfortunately,fucking,creepy,worst,disgusting,horrible,terrifying
false,serious,disturbing,seriously,dangerously,terrible,wrong,terribly,bad,dangerous,illegal,crazy,scary,shit,uncomfortable,rounded,awful,missing,unfortunately,fucking,creepy,worst,disgusting,horrible,terrifying
false,serious,disturbing,seriously,dangerously,terrible,wrong,terribly,bad,dangerous,illegal,crazy,scary,shit,uncomfortable,rounded,awful,missing,unfortunately,fucking,creepy,worst,disgusting,horrible,terrifying
false,serious,disturbing,seriously,dangerously,terrible,wrong,terribly,bad,dangerous,illegal,crazy,scary,shit,uncomfortable,rounded,awful,missing,unfortunately,fucking,creepy,worst,disgusting,horrible,terrifying
false,serious,disturbing,seriously,dangerously,terrible,wrong,terribly,bad,dangerous,illegal,crazy,scary,shit,uncomfortable,rounded,awful,missing,unfortunately,fucking,creepy,worst,disgusting,horrible,terrifying
false,serious,disturbing,seriously,dangerously,terrible,wrong,terribly,bad,dangerous,illegal,crazy,scary,shit,uncomfortable,rounded,awful,missing,unfortunately,fucking,creepy,worst,disgusting,horrible,terrifying
false,serious,disturbing,seriously,dangerously,terrible,wrong,terribly,bad,dangerous,illegal,crazy,scary,shit,uncomfortable,rounded,awful,missing,unfortunately,fucking,creepy,worst,disgusting,horrible,terrifying
false,serious,disturbing,seriously,dangerously,terrible,wrong,terribly,bad,dangerous,illegal,crazy,scary,shit,uncomfortable,rounded,awful,missing,unfortunately,fucking,creepy,worst,disgusting,horrible,terrifying
false,serious,disturbing,seriously,dangerously,terrible,wrong,terribly,bad,dangerous,illegal,crazy,scary,shit,uncomfortable,rounded,awful,missing,unfortunately,fucking,creepy,worst,disgusting,horrible,terrifying
false,serious,disturbing,seriously,dangerously,terrible,wrong,terribly,bad,dangerous,illegal,crazy,scary,shit,uncomfortable,rounded,awful,missing,unfortunately,fucking,creepy,worst,disgusting,horrible,terrifying
false,serious,disturbing,seriously,dangerously,terrible,wrong,terribly,bad,dangerous,illegal,crazy,scary,shit,uncomfortable,rounded,awful,missing,unfortunately,fucking,creepy,worst,disgusting,horrible,terrifying
false,serious,disturbing,seriously,dangerously,terrible,wrong,terribly,bad,dangerous,illegal,crazy,scary,shit,uncomfortable,rounded,awful,missing,unfortunately,fucking,creepy,worst,disgusting,horrible,terrifying
false,serious,disturbing,seriously,dangerously,terrible,wrong,terribly,bad,dangerous,illegal,crazy,scary,shit,uncomfortable,rounded,awful,missing,unfortunately,fucking,creepy,worst,disgusting,horrible,terrifying
false,serious,disturbing,seriously,dangerously,terrible,wrong,terribly,bad,dangerous,illegal,crazy,scary,shit,uncomfortable,rounded,awful,missing,unfortunately,fucking,creepy,worst,disgusting,horrible,terrifying
false,serious,disturbing,seriously,dangerously,terrible,wrong,terribly,bad,dangerous,illegal,crazy,scary,shit,uncomfortable,rounded,awful,missing,unfortunately,fucking,creepy,worst,disgusting,horrible,terrifying
false,serious,disturbing,seriously,dangerously,terrible,wrong,terribly,bad,dangerous,illegal,crazy,scary,shit,uncomfortable,rounded,awful,missing,unfortunately,fucking,creepy,worst,disgusting,horrible,terrifying
false,serious,disturbing,seriously,dangerously,terrible,wrong,terribly,bad,dangerous,illegal,crazy,scary,shit,uncomfortable,rounded,awful,missing,unfortunately,fucking,creepy,worst,disgusting,horrible,terrifying
false,serious,disturbing,seriously,dangerously,terrible,wrong,terribly,bad,dangerous,illegal,crazy,scary,shit,uncomfortable,rounded,awful,missing,unfortunately,fucking,creepy,worst,disgusting,horrible,terrifying
false,serious,disturbing,seriously,dangerously,terrible,wrong,terribly,bad,dangerous,illegal,crazy,scary,shit,uncomfortable,rounded,awful,missing,unfortunately,fucking,creepy,worst,disgusting,horrible,terrifying
false,serious,disturbing,seriously,dangerously,terrible,wrong,terribly,bad,dangerous,illegal,crazy,scary,shit,uncomfortable,rounded,awful,missing,unfortunately,fucking,creepy,worst,disgusting,horrible,terrifying
false,serious,disturbing,seriously,dangerously,terrible,wrong,terribly,bad,dangerous,illegal,crazy,scary,shit,uncomfortable,rounded,awful,missing,unfortunately,fucking,creepy,worst,disgusting,horrible,terrifying
false,serious,disturbing,seriously,dangerously,terrible,wrong,terribly,bad,dangerous,illegal,crazy,scary,shit,uncomfortable,rounded,awful,missing,unfortunately,fucking,creepy,worst,disgusting,horrible,terrifying
false,serious,disturbing,seriously,dangerously,terrible,wrong,terribly,bad,dangerous,illegal,crazy,scary,shit,uncomfortable,rounded,awful,missing,unfortunately,fucking,creepy,worst,disgusting,horrible,terrifying
false,serious,disturbing,seriously,dangerously,terrible,wrong,terribly,bad,dangerous,illegal,crazy,scary,shit,uncomfortable,rounded,awful,missing,unfortunately,fucking,creepy,worst,disgusting,horrible,terrifying
false,serious,disturbing,seriously,dangerously,terrible,wrong,terribly,bad,dangerous,illegal,crazy,scary,shit,uncomfortable,rounded,awful,missing,unfortunately,fucking,creepy,worst,disgusting,horrible,terrifying
false,serious,disturbing,seriously,dangerously,terrible,wrong,terribly,bad,dangerous,illegal,crazy,scary,shit,uncomfortable,rounded,awful,missing,unfortunately,fucking,creepy,worst,disgusting,horrible,terrifying
false,serious,disturbing,seriously,dangerously,terrible,wrong,terribly,bad,dangerous,illegal,crazy,scary,shit,uncomfortable,rounded,awful,missing,unfortunately,fucking,creepy,worst,disgusting,horrible,terrifying
false,serious,disturbing,seriously,dangerously,terrible,wrong,terribly,bad,dangerous,illegal,crazy,scary,shit,uncomfortable,rounded,awful,missing,unfortunately,fucking,creepy,worst,disgusting,horrible,terrifying
false,serious,disturbing,seriously,dangerously,terrible,wrong,terribly,bad,dangerous,illegal,crazy,scary,shit,uncomfortable,rounded,awful,missing,unfortunately,fucking,creepy,worst,disgusting,horrible,terrifying
false,serious,disturbing,seriously,dangerously,terrible,wrong,terribly,bad,dangerous,illegal,crazy,scary,shit,uncomfortable,rounded,awful,missing,unfortunately,fucking,creepy,worst,disgusting,horrible,terrifying
false,serious,disturbing,seriously,dangerously,terrible,wrong,terribly,bad,dangerous,illegal,crazy,scary,shit,uncomfortable,rounded,awful,missing,unfortunately,fucking,creepy,worst,disgusting,horrible,terrifying
false,serious,disturbing,seriously,dangerously,terrible,wrong,terribly,bad,dangerous,illegal,crazy,scary,shit,uncomfortable,rounded,awful,missing,unfortunately,fucking,creepy,worst,disgusting,horrible,terrifying
false,serious,disturbing,seriously,dangerously,terrible,wrong,terribly,bad,dangerous,illegal,crazy,scary,shit,uncomfortable,rounded,awful,missing,unfortunately,fucking,creepy,worst,disgusting,horrible,terrifying
false,serious,disturbing,seriously,dangerously,terrible,wrong,terribly,bad,dangerous,illegal,crazy,scary,shit,uncomfortable,rounded,awful,missing,unfortunately,fucking,creepy,worst,disgusting,horrible,terrifying
false,serious,disturbing,seriously,dangerously,terrible,wrong,terribly,bad,dangerous,illegal,crazy,scary,shit,uncomfortable,rounded,awful,missing,unfortunately,fucking,creepy,worst,disgusting,horrible,terrifying
false,serious,disturbing,seriously,dangerously,terrible,wrong,terribly,bad,dangerous,illegal,crazy,scary,shit,uncomfortable,rounded,awful,missing,unfortunately,fucking,creepy,worst,disgusting,horrible,terrifying
false,serious,disturbing,seriously,dangerously,terrible,wrong,terribly,bad,dangerous,illegal,crazy,scary,shit,uncomfortable,rounded,awful,missing,unfortunately,fucking,creepy,worst,disgusting,horrible,terrifying
false,serious,disturbing,seriously,dangerously,terrible,wrong,terribly,bad,dangerous,illegal,crazy,scary,shit,uncomfortable,rounded,awful,missing,unfortunately,fucking,creepy,worst,disgusting,horrible,terrifying
false,serious,disturbing,seriously,dangerously,terrible,wrong,terribly,bad,dangerous,illegal,crazy,scary,shit,uncomfortable,rounded,awful,missing,unfortunately,fucking,creepy,worst,disgusting,horrible,terrifying
false,serious,disturbing,seriously,dangerously,terrible,wrong,terribly,bad,dangerous,illegal,crazy,scary,shit,uncomfortable,rounded,awful,missing,unfortunately,fucking,creepy,worst,disgusting,horrible,terrifying
false,serious,disturbing,seriously,dangerously,terrible,wrong,terribly,bad,dangerous,illegal,crazy,scary,shit,uncomfortable,rounded,awful,missing,unfortunately,fucking,creepy,worst,disgusting,horrible,terrifying
false,serious,disturbing,seriously,dangerously,terrible,wrong,terribly,bad,dangerous,illegal,crazy,scary,shit,uncomfortable,rounded,awful,missing,unfortunately,fucking,creepy,worst,disgusting,horrible,terrifying
false,serious,disturbing,seriously,dangerously,terrible,wrong,terribly,bad,dangerous,illegal,crazy,scary,shit,uncomfortable,rounded,awful,missing,unfortunately,fucking,creepy,worst,disgusting,horrible,terrifying
false,serious,disturbing,seriously,dangerously,terrible,wrong,terribly,bad,dangerous,illegal,crazy,scary,shit,uncomfortable,rounded,awful,missing,unfortunately,fucking,creepy,worst,disgusting,horrible,terrifying
false,serious,disturbing,seriously,dangerously,terrible,wrong,terribly,bad,dangerous,illegal,crazy,scary,shit,uncomfortable,rounded,awful,missing,unfortunately,fucking,creepy,worst,disgusting,horrible,terrifying
false,serious,disturbing,seriously,dangerously,terrible,wrong,terribly,bad,dangerous,illegal,crazy,scary,shit,uncomfortable,rounded,awful,missing,unfortunately,fucking,creepy,worst,disgusting,horrible,terrifying
false,serious,disturbing,seriously,dangerously,terrible,wrong,terribly,bad,dangerous,illegal,crazy,scary,shit,uncomfortable,rounded,awful,missing,unfortunately,fucking,creepy,worst,disgusting,horrible,terrifying
false,serious,disturbing,seriously,dangerously,terrible,wrong,terribly,bad,dangerous,illegal,crazy,scary,shit,uncomfortable,rounded,awful,missing,unfortunately,fucking,creepy,worst,disgusting,horrible,terrifying
false,serious,disturbing,seriously,dangerously,terrible,wrong,terribly,bad,dangerous,illegal,crazy,scary,shit,uncomfortable,rounded,awful,missing,unfortunately,fucking,creepy,worst,disgusting,horrible,terrifying
false,serious,disturbing,seriously,dangerously,terrible,wrong,terribly,bad,dangerous,illegal,crazy,scary,shit,uncomfortable,rounded,awful,missing,unfortunately,fucking,creepy,worst,disgusting,horrible,terrifying
false,serious,disturbing,seriously,dangerously,terrible,wrong,terribly,bad,dangerous,illegal,crazy,scary,shit,uncomfortable,rounded,awful,missing,unfortunately,fucking,creepy,worst,disgusting,horrible,terrifying
false,serious,disturbing,seriously,dangerously,terrible,wrong,terribly,bad,dangerous,illegal,crazy,scary,shit,uncomfortable,rounded,awful,missing,unfortunately,fucking,creepy,worst,disgusting,horrible,terrifying
false,serious,disturbing,seriously,dangerously,terrible,wrong,terribly,bad,dangerous,illegal,crazy,scary,shit,uncomfortable,rounded,awful,missing,unfortunately,fucking,creepy,worst,disgusting,horrible,terrifying
false,serious,disturbing,seriously,dangerously,terrible,wrong,terribly,bad,dangerous,illegal,crazy,scary,shit,uncomfortable,rounded,awful,missing,unfortunately,fucking,creepy,worst,disgusting,horrible,terrifying
false,serious,disturbing,seriously,dangerously,terrible,wrong,terribly,bad,dangerous,illegal,crazy,scary,shit,uncomfortable,rounded,awful,missing,unfortunately,fucking,creepy,worst,disgusting,horrible,terrifying
false,serious,disturbing,seriously,dangerously,terrible,wrong,terribly,bad,dangerous,illegal,crazy,scary,shit,uncomfortable,rounded,awful,missing,unfortunately,fucking,creepy,worst,disgusting,horrible,terrifying
false,serious,disturbing,seriously,dangerously,terrible,wrong,terribly,bad,dangerous,illegal,crazy,scary,shit,uncomfortable,rounded,awful,missing,unfortunately,fucking,creepy,worst,disgusting,horrible,terrifying
false,serious,disturbing,seriously,dangerously,terrible,wrong,terribly,bad,dangerous,illegal,crazy,scary,shit,uncomfortable,rounded,awful,missing,unfortunately,fucking,creepy,worst,disgusting,horrible,terrifying
false,serious,disturbing,seriously,dangerously,terrible,wrong,terribly,bad,dangerous,illegal,crazy,scary,shit,uncomfortable,rounded,awful,missing,unfortunately,fucking,creepy,worst,disgusting,horrible,terrifying
false,serious,disturbing,seriously,dangerously,terrible,wrong,terribly,bad,dangerous,illegal,crazy,scary,shit,uncomfortable,rounded,awful,missing,unfortunately,fucking,creepy,worst,disgusting,horrible,terrifying
false,serious,disturbing,seriously,dangerously,terrible,wrong,terribly,bad,dangerous,illegal,crazy,scary,shit,uncomfortable,rounded,awful,missing,unfortunately,fucking,creepy,worst,disgusting,horrible,terrifying
false,serious,disturbing,seriously,dangerously,terrible,wrong,terribly,bad,dangerous,illegal,crazy,scary,shit,uncomfortable,rounded,awful,missing,unfortunately,fucking,creepy,worst,disgusting,horrible,terrifying
false,serious,disturbing,seriously,dangerously,terrible,wrong,terribly,bad,dangerous,illegal,crazy,scary,shit,uncomfortable,rounded,awful,missing,unfortunately,fucking,creepy,worst,disgusting,horrible,terrifying
false,serious,disturbing,seriously,dangerously,terrible,wrong,terribly,bad,dangerous,illegal,crazy,scary,shit,uncomfortable,rounded,awful,missing,unfortunately,fucking,creepy,worst,disgusting,horrible,terrifying
false,serious,disturbing,seriously,dangerously,terrible,wrong,terribly,bad,dangerous,illegal,crazy,scary,shit,uncomfortable,rounded,awful,missing,unfortunately,fucking,creepy,worst,disgusting,horrible,terrifying
false,serious,disturbing,seriously,dangerously,terrible,wrong,terribly,bad,dangerous,illegal,crazy,scary,shit,uncomfortable,rounded,awful,missing,unfortunately,fucking,creepy,worst,disgusting,horrible,terrifying
false,serious,disturbing,seriously,dangerously,terrible,wrong,terribly,bad,dangerous,illegal,crazy,scary,shit,uncomfortable,rounded,awful,missing,unfortunately,fucking,creepy,worst,disgusting,horrible,terrifying
false,serious,disturbing,seriously,dangerously,terrible,wrong,terribly,bad,dangerous,illegal,crazy,scary,shit,uncomfortable,rounded,awful,missing,unfortunately,fucking,creepy,worst,disgusting,horrible,terrifying
false,serious,disturbing,seriously,dangerously,terrible,wrong,terribly,bad,dangerous,illegal,crazy,scary,shit,uncomfortable,rounded,awful,missing,unfortunately,fucking,creepy,worst,disgusting,horrible,terrifying
false,serious,disturbing,seriously,dangerously,terrible,wrong,terribly,bad,dangerous,illegal,crazy,scary,shit,uncomfortable,rounded,awful,missing,unfortunately,fucking,creepy,worst,disgusting,horrible,terrifying
false,serious,disturbing,seriously,dangerously,terrible,wrong,terribly,bad,dangerous,illegal,crazy,scary,shit,uncomfortable,rounded,awful,missing,unfortunately,fucking,creepy,worst,disgusting,horrible,terrifying
false,serious,disturbing,seriously,dangerously,terrible,wrong,terribly,bad,dangerous,illegal,crazy,scary,shit,uncomfortable,rounded,awful,missing,unfortunately,fucking,creepy,worst,disgusting,horrible,terrifying
false,serious,disturbing,seriously,dangerously,terrible,wrong,terribly,bad,dangerous,illegal,crazy,scary,shit,uncomfortable,rounded,awful,missing,unfortunately,fucking,creepy,worst,disgusting,horrible,terrifying
false,serious,disturbing,seriously,dangerously,terrible,wrong,terribly,bad,dangerous,illegal,crazy,scary,shit,uncomfortable,rounded,awful,missing,unfortunately,fucking,creepy,worst,disgusting,horrible,terrifying
false,serious,disturbing,seriously,dangerously,terrible,wrong,terribly,bad,dangerous,illegal,crazy,scary,shit,uncomfortable,rounded,awful,missing,unfortunately,fucking,creepy,worst,disgusting,horrible,terrifying
false,serious,disturbing,seriously,dangerously,terrible,wrong,terribly,bad,dangerous,illegal,crazy,scary,shit,uncomfortable,rounded,awful,missing,unfortunately,fucking,creepy,worst,disgusting,horrible,terrifying
false,serious,disturbing,seriously,dangerously,terrible,wrong,terribly,bad,dangerous,illegal,crazy,scary,shit,uncomfortable,rounded,awful,missing,unfortunately,fucking,creepy,worst,disgusting,horrible,terrifying
false,serious,disturbing,seriously,dangerously,terrible,wrong,terribly,bad,dangerous,illegal,crazy,scary,shit,uncomfortable,rounded,awful,missing,unfortunately,fucking,creepy,worst,disgusting,horrible,terrifying
false,serious,disturbing,seriously,dangerously,terrible,wrong,terribly,bad,dangerous,illegal,crazy,scary,shit,uncomfortable,rounded,awful,missing,unfortunately,fucking,creepy,worst,disgusting,horrible,terrifying
false,serious,disturbing,seriously,dangerously,terrible,wrong,terribly,bad,dangerous,illegal,crazy,scary,shit,uncomfortable,rounded,awful,missing,unfortunately,fucking,creepy,worst,disgusting,horrible,terrifying
false,serious,disturbing,seriously,dangerously,terrible,wrong,terribly,bad,dangerous,illegal,crazy,scary,shit,uncomfortable,rounded,awful,missing,unfortunately,fucking,creepy,worst,disgusting,horrible,terrifying
false,serious,disturbing,seriously,dangerously,terrible,wrong,terribly,bad,dangerous,illegal,crazy,scary,shit,uncomfortable,rounded,awful,missing,unfortunately,fucking,creepy,worst,disgusting,horrible,terrifying
false,serious,disturbing,seriously,dangerously,terrible,wrong,terribly,bad,dangerous,illegal,crazy,scary,shit,uncomfortable,rounded,awful,missing,unfortunately,fucking,creepy,worst,disgusting,horrible,terrifying
